time	V(n001)	I(Cij)
0.000000000000000e+00	3.199983e+00	-3.199996e-03
9.999999939225290e-09	3.199982e+00	-3.208642e-03
1.015624993827569e-08	3.199982e+00	-3.208714e-03
1.109374993257806e-08	3.199982e+00	-3.209163e-03
1.205420372069988e-08	3.199982e+00	-3.209636e-03
1.310996458247755e-08	3.199982e+00	-3.210140e-03
1.487783036437070e-08	3.199982e+00	-3.210853e-03
1.830000762896943e-08	3.199982e+00	-3.211424e-03
2.165404897443914e-08	3.199982e+00	-3.210816e-03
2.437820597374223e-08	3.199982e+00	-3.209684e-03
2.669237572553164e-08	3.199982e+00	-3.208628e-03
2.923701626099428e-08	3.199983e+00	-3.207780e-03
3.228652622328083e-08	3.199983e+00	-3.207578e-03
3.558385051233418e-08	3.199983e+00	-3.208402e-03
3.807496801960970e-08	3.199982e+00	-3.209491e-03
4.050462255839289e-08	3.199982e+00	-3.210546e-03
4.344489616337075e-08	3.199982e+00	-3.211312e-03
4.662455490049445e-08	3.199982e+00	-3.211174e-03
5.094483471527908e-08	3.199982e+00	-3.209702e-03
5.363106801955986e-08	3.199983e+00	-3.208533e-03
5.614349997761065e-08	3.199983e+00	-3.207775e-03
5.931126605043356e-08	3.199983e+00	-3.207679e-03
6.266553322608105e-08	3.199983e+00	-3.208600e-03
6.511088677180122e-08	3.199982e+00	-3.209661e-03
6.758807413061275e-08	3.199982e+00	-3.210662e-03
7.068922327983915e-08	3.199982e+00	-3.211298e-03
7.393441503380567e-08	3.199982e+00	-3.210961e-03
7.785703426875851e-08	3.199982e+00	-3.209541e-03
8.056942420707633e-08	3.199983e+00	-3.208420e-03
8.321278127538955e-08	3.199983e+00	-3.207735e-03
8.635666933204827e-08	3.199983e+00	-3.207787e-03
9.004733521992609e-08	3.199982e+00	-3.208906e-03
9.243861464763889e-08	3.199982e+00	-3.209929e-03
9.497763951399729e-08	3.199982e+00	-3.210832e-03
9.837973343208989e-08	3.199982e+00	-3.211229e-03
1.017722954822427e-07	3.199982e+00	-3.210557e-03
1.044874274125567e-07	3.199982e+00	-3.209487e-03
1.068885393057292e-07	3.199983e+00	-3.208509e-03
1.096219973103680e-07	3.199983e+00	-3.207787e-03
1.127645309777396e-07	3.199983e+00	-3.207796e-03
1.165453626864690e-07	3.199982e+00	-3.208880e-03
1.189130029089462e-07	3.199982e+00	-3.209862e-03
1.214677666106007e-07	3.199982e+00	-3.210752e-03
1.249125199262501e-07	3.199982e+00	-3.211155e-03
1.283277859698438e-07	3.199982e+00	-3.210504e-03
1.310903446397609e-07	3.199982e+00	-3.209449e-03
1.335223762523351e-07	3.199983e+00	-3.208494e-03
1.362993835129582e-07	3.199983e+00	-3.207802e-03
1.394806436868866e-07	3.199983e+00	-3.207848e-03
1.433907847497974e-07	3.199982e+00	-3.208973e-03
1.458873984130941e-07	3.199982e+00	-3.209972e-03
1.485274302674065e-07	3.199982e+00	-3.210800e-03
1.519887703183606e-07	3.199982e+00	-3.211050e-03
1.556052202416847e-07	3.199982e+00	-3.210235e-03
1.582111213448127e-07	3.199982e+00	-3.209228e-03
1.606836846310974e-07	3.199983e+00	-3.208329e-03
1.636391891903587e-07	3.199983e+00	-3.207760e-03
1.668578031760949e-07	3.199983e+00	-3.208013e-03
1.714952467691937e-07	3.199982e+00	-3.209480e-03
1.747104548466683e-07	3.199982e+00	-3.210576e-03
1.778833332250517e-07	3.199982e+00	-3.211017e-03
1.813433447600480e-07	3.199982e+00	-3.210516e-03
1.847659709760416e-07	3.199982e+00	-3.209331e-03
1.874716222021797e-07	3.199983e+00	-3.208366e-03
1.903598386733959e-07	3.199983e+00	-3.207799e-03
1.936281705353270e-07	3.199983e+00	-3.208012e-03
1.980391418994410e-07	3.199982e+00	-3.209348e-03
2.011166556626208e-07	3.199982e+00	-3.210408e-03
2.042181401298120e-07	3.199982e+00	-3.210936e-03
2.076992587410193e-07	3.199982e+00	-3.210578e-03
2.117995139396464e-07	3.199982e+00	-3.209266e-03
2.147286636488487e-07	3.199983e+00	-3.208284e-03
2.176692733038999e-07	3.199983e+00	-3.207804e-03
2.209982296045442e-07	3.199983e+00	-3.208125e-03
2.252019963339975e-07	3.199982e+00	-3.209426e-03
2.283154676939624e-07	3.199982e+00	-3.210436e-03
2.315538881607575e-07	3.199982e+00	-3.210879e-03
2.350699447665362e-07	3.199982e+00	-3.210410e-03
2.385871431581177e-07	3.199982e+00	-3.209266e-03
2.413578556862288e-07	3.199983e+00	-3.208349e-03
2.443410790806677e-07	3.199983e+00	-3.207839e-03
2.476923034537526e-07	3.199983e+00	-3.208114e-03
2.524662224868177e-07	3.199982e+00	-3.209518e-03
2.558389565832487e-07	3.199982e+00	-3.210513e-03
2.592362330809754e-07	3.199982e+00	-3.210799e-03
2.628455340303894e-07	3.199982e+00	-3.210146e-03
2.656781389290188e-07	3.199982e+00	-3.209195e-03
2.682919776342636e-07	3.199983e+00	-3.208358e-03
2.713937960430707e-07	3.199983e+00	-3.207861e-03
2.747775342880494e-07	3.199983e+00	-3.208164e-03
2.790007181051625e-07	3.199982e+00	-3.209396e-03
2.821260519652130e-07	3.199982e+00	-3.210346e-03
2.854361928812394e-07	3.199982e+00	-3.210753e-03
2.890350148577129e-07	3.199982e+00	-3.210267e-03
2.952648008148968e-07	3.199983e+00	-3.208340e-03
2.983640623450123e-07	3.199983e+00	-3.207884e-03
3.017975347754856e-07	3.199983e+00	-3.208216e-03
3.090052099154081e-07	3.199982e+00	-3.210308e-03
3.123774340025535e-07	3.199982e+00	-3.210693e-03
3.160154048556110e-07	3.199982e+00	-3.210189e-03
3.193613546254990e-07	3.199982e+00	-3.209170e-03
3.221543904910928e-07	3.199983e+00	-3.208342e-03
3.253163061120738e-07	3.199983e+00	-3.207908e-03
3.287922750976312e-07	3.199983e+00	-3.208265e-03
3.327225503686132e-07	3.199982e+00	-3.209379e-03
3.358069181919755e-07	3.199982e+00	-3.210259e-03
3.392233091185741e-07	3.199982e+00	-3.210636e-03
3.428974775590479e-07	3.199982e+00	-3.210135e-03
3.462388102264699e-07	3.199982e+00	-3.209145e-03
3.490535624460100e-07	3.199983e+00	-3.208341e-03
3.522748788924996e-07	3.199983e+00	-3.207934e-03
3.557965037379685e-07	3.199983e+00	-3.208318e-03
3.595692951331633e-07	3.199982e+00	-3.209372e-03
3.626255009032369e-07	3.199982e+00	-3.210217e-03
3.660954163575231e-07	3.199982e+00	-3.210582e-03
3.698089163894611e-07	3.199982e+00	-3.210077e-03
3.731159311342651e-07	3.199982e+00	-3.209121e-03
3.759452333474600e-07	3.199983e+00	-3.208344e-03
3.792310169324233e-07	3.199983e+00	-3.207963e-03
3.827996131852076e-07	3.199983e+00	-3.208373e-03
3.864247258293967e-07	3.199982e+00	-3.209370e-03
3.894582966847727e-07	3.199982e+00	-3.210182e-03
3.929883862020326e-07	3.199982e+00	-3.210532e-03
3.967446531514517e-07	3.199982e+00	-3.210018e-03
3.999981684473511e-07	3.199982e+00	-3.209100e-03
4.028381815292062e-07	3.199983e+00	-3.208350e-03
4.061940957464308e-07	3.199983e+00	-3.207996e-03
4.098118112301623e-07	3.199983e+00	-3.208432e-03
4.132920756601017e-07	3.199982e+00	-3.209376e-03
4.163064232856402e-07	3.199982e+00	-3.210156e-03
4.199039462007196e-07	3.199982e+00	-3.210488e-03
4.237067348585566e-07	3.199982e+00	-3.209962e-03
4.268905534726521e-07	3.199982e+00	-3.209084e-03
4.297384138389149e-07	3.199983e+00	-3.208361e-03
4.331710667314232e-07	3.199983e+00	-3.208035e-03
4.368409082948283e-07	3.199983e+00	-3.208499e-03
4.401758523989819e-07	3.199982e+00	-3.209390e-03
4.431734448675011e-07	3.199982e+00	-3.210139e-03
4.468467277607948e-07	3.199982e+00	-3.210452e-03
4.507005904748585e-07	3.199982e+00	-3.209911e-03
4.538458127984215e-07	3.199982e+00	-3.209064e-03
4.567191549079797e-07	3.199983e+00	-3.208370e-03
4.602508501286871e-07	3.199983e+00	-3.208087e-03
4.639822861535423e-07	3.199983e+00	-3.208597e-03
4.671815842333687e-07	3.199982e+00	-3.209443e-03
4.701865551643821e-07	3.199982e+00	-3.210158e-03
4.743626231996997e-07	3.199982e+00	-3.210404e-03
4.781650478573713e-07	3.199982e+00	-3.209779e-03
4.812959455522686e-07	3.199982e+00	-3.208949e-03
4.842611015515310e-07	3.199983e+00	-3.208319e-03
4.882759304916978e-07	3.199983e+00	-3.208211e-03
4.921098367625841e-07	3.199982e+00	-3.208915e-03
4.951400670064332e-07	3.199982e+00	-3.209719e-03
4.982894928517951e-07	3.199982e+00	-3.210323e-03
5.022983619779632e-07	3.199982e+00	-3.210314e-03
5.067588692762341e-07	3.199982e+00	-3.209417e-03
5.095988819059117e-07	3.199982e+00	-3.208702e-03
5.126872455489169e-07	3.199983e+00	-3.208247e-03
5.165470572287769e-07	3.199983e+00	-3.208439e-03
5.215253439605396e-07	3.199982e+00	-3.209528e-03
5.250998988173723e-07	3.199982e+00	-3.210277e-03
5.289852302192272e-07	3.199982e+00	-3.210396e-03
5.330820347148224e-07	3.199982e+00	-3.209696e-03
5.361137746341795e-07	3.199982e+00	-3.208939e-03
5.391889730905344e-07	3.199983e+00	-3.208397e-03
5.431830748976770e-07	3.199983e+00	-3.208436e-03
5.474909555016425e-07	3.199982e+00	-3.209287e-03
5.504398244144242e-07	3.199982e+00	-3.210007e-03
5.537808158565485e-07	3.199982e+00	-3.210462e-03
5.578057154035572e-07	3.199982e+00	-3.210217e-03
5.626741426776719e-07	3.199982e+00	-3.209184e-03
5.661776354770305e-07	3.199983e+00	-3.208530e-03
5.699947352451597e-07	3.199983e+00	-3.208484e-03
5.740113560560214e-07	3.199982e+00	-3.209187e-03
5.770920883166833e-07	3.199982e+00	-3.209934e-03
5.804080102000779e-07	3.199982e+00	-3.210464e-03
5.845116180721184e-07	3.199982e+00	-3.210350e-03
5.928399310804370e-07	3.199982e+00	-3.208711e-03
5.964524063474515e-07	3.199983e+00	-3.208535e-03
6.004574606409697e-07	3.199982e+00	-3.209095e-03
6.037092316439552e-07	3.199982e+00	-3.209858e-03
6.069714282496489e-07	3.199982e+00	-3.210448e-03
6.112385145212390e-07	3.199982e+00	-3.210470e-03
6.157139660635928e-07	3.199982e+00	-3.209679e-03
6.187459118506645e-07	3.199982e+00	-3.209015e-03
6.220541914578651e-07	3.199983e+00	-3.208634e-03
6.260892631839205e-07	3.199982e+00	-3.208910e-03
6.309748696022770e-07	3.199982e+00	-3.209907e-03
6.347209146919393e-07	3.199982e+00	-3.210539e-03
6.393030829657984e-07	3.199982e+00	-3.210461e-03
6.436671570458947e-07	3.199982e+00	-3.209651e-03
6.467241634962435e-07	3.199982e+00	-3.209029e-03
6.502105267804443e-07	3.199982e+00	-3.208736e-03
6.542633255816016e-07	3.199982e+00	-3.209131e-03
6.581457564928157e-07	3.199982e+00	-3.209953e-03
6.615874907212696e-07	3.199982e+00	-3.210554e-03
6.661032191132694e-07	3.199982e+00	-3.210572e-03
6.704866023154462e-07	3.199982e+00	-3.209829e-03
6.736301467263233e-07	3.199982e+00	-3.209189e-03
6.770794141646337e-07	3.199982e+00	-3.208850e-03
6.812003234427542e-07	3.199982e+00	-3.209173e-03
6.857228461142925e-07	3.199982e+00	-3.210071e-03
6.894129644357068e-07	3.199982e+00	-3.210654e-03
6.940335938648074e-07	3.199982e+00	-3.210575e-03
6.985698093949716e-07	3.199982e+00	-3.209779e-03
7.016981445110592e-07	3.199982e+00	-3.209195e-03
7.053301045403780e-07	3.199982e+00	-3.208961e-03
7.094856031093224e-07	3.199982e+00	-3.209412e-03
7.130113536362255e-07	3.199982e+00	-3.210136e-03
7.164284987782153e-07	3.199982e+00	-3.210685e-03
7.209564012709613e-07	3.199982e+00	-3.210674e-03
7.256056111649206e-07	3.199982e+00	-3.209916e-03
7.287916683173871e-07	3.199982e+00	-3.209326e-03
7.324018565300255e-07	3.199982e+00	-3.209065e-03
7.366132263579093e-07	3.199982e+00	-3.209474e-03
7.404599122617262e-07	3.199982e+00	-3.210228e-03
7.440121336664438e-07	3.199982e+00	-3.210762e-03
7.486211964054644e-07	3.199982e+00	-3.210703e-03
7.533758561219906e-07	3.199982e+00	-3.209925e-03
7.566252609203800e-07	3.199982e+00	-3.209367e-03
7.604040576421016e-07	3.199982e+00	-3.209183e-03
7.646747025819144e-07	3.199982e+00	-3.209676e-03
7.682014008190869e-07	3.199982e+00	-3.210363e-03
7.717634066362096e-07	3.199982e+00	-3.210845e-03
7.763039111614455e-07	3.199982e+00	-3.210728e-03
7.814684014464884e-07	3.199982e+00	-3.209892e-03
7.850948646892785e-07	3.199982e+00	-3.209364e-03
7.893032465922284e-07	3.199982e+00	-3.209368e-03
7.937409693566535e-07	3.199982e+00	-3.210036e-03
7.971184779221571e-07	3.199982e+00	-3.210651e-03
8.009911702874233e-07	3.199982e+00	-3.210956e-03
8.054453836471435e-07	3.199982e+00	-3.210577e-03
8.095213604620973e-07	3.199982e+00	-3.209861e-03
8.131255000862367e-07	3.199982e+00	-3.209417e-03
8.177859099091219e-07	3.199982e+00	-3.209572e-03
8.226611684659350e-07	3.199982e+00	-3.210369e-03
8.263181570570157e-07	3.199982e+00	-3.210904e-03
8.308225777487344e-07	3.199982e+00	-3.210914e-03
8.355199742373092e-07	3.199982e+00	-3.210243e-03
8.389017633255504e-07	3.199982e+00	-3.209692e-03
8.427538180000436e-07	3.199982e+00	-3.209478e-03
8.471714532430308e-07	3.199982e+00	-3.209916e-03
8.508902694315394e-07	3.199982e+00	-3.210574e-03
8.545908882071689e-07	3.199982e+00	-3.211020e-03
8.593133694966005e-07	3.199982e+00	-3.210868e-03
8.647384132243506e-07	3.199982e+00	-3.210053e-03
8.686488857293917e-07	3.199982e+00	-3.209603e-03
8.737891419569971e-07	3.199982e+00	-3.209819e-03
8.785693762502763e-07	3.199982e+00	-3.210582e-03
8.823044189392995e-07	3.199982e+00	-3.211054e-03
8.875831589211620e-07	3.199982e+00	-3.210915e-03
8.924862713922377e-07	3.199982e+00	-3.210182e-03
8.961141167572438e-07	3.199982e+00	-3.209731e-03
9.006827443792395e-07	3.199982e+00	-3.209796e-03
9.054108194713822e-07	3.199982e+00	-3.210475e-03
9.089553422829509e-07	3.199982e+00	-3.211002e-03
9.132962367736009e-07	3.199982e+00	-3.211134e-03
9.180149028749984e-07	3.199982e+00	-3.210599e-03
9.216433072684884e-07	3.199982e+00	-3.210033e-03
9.255063982076846e-07	3.199982e+00	-3.209758e-03
9.301229993140448e-07	3.199982e+00	-3.210102e-03
9.347848519615182e-07	3.199982e+00	-3.210824e-03
9.389166423336920e-07	3.199982e+00	-3.211208e-03
9.438901795859812e-07	3.199982e+00	-3.210928e-03
9.498599974969067e-07	3.199982e+00	-3.210109e-03
9.543573763083059e-07	3.199982e+00	-3.209854e-03
9.593904564931305e-07	3.199982e+00	-3.210318e-03
9.642108902146853e-07	3.199982e+00	-3.211027e-03
9.686333066304651e-07	3.199982e+00	-3.211262e-03
9.736013435891313e-07	3.199982e+00	-3.210810e-03
9.778270892453193e-07	3.199982e+00	-3.210197e-03
9.818761436577546e-07	3.199982e+00	-3.209939e-03
9.866990989561970e-07	3.199982e+00	-3.210309e-03
9.914674669881784e-07	3.199982e+00	-3.211003e-03
9.957831328082247e-07	3.199982e+00	-3.211318e-03
1.000828593303301e-06	3.199982e+00	-3.210965e-03
1.005902361254219e-06	3.199982e+00	-3.210275e-03
1.010203883014364e-06	3.199982e+00	-3.210028e-03
1.015215495022018e-06	3.199982e+00	-3.210440e-03
1.020051627066425e-06	3.199982e+00	-3.211116e-03
1.024516336652314e-06	3.199982e+00	-3.211365e-03
1.029595702475201e-06	3.199982e+00	-3.210945e-03
1.034073626613233e-06	3.199982e+00	-3.210340e-03
1.038290794356822e-06	3.199982e+00	-3.210114e-03
1.043246484876347e-06	3.199982e+00	-3.210513e-03
1.047858764926491e-06	3.199982e+00	-3.211150e-03
1.052261678142185e-06	3.199982e+00	-3.211415e-03
1.057367116344684e-06	3.199982e+00	-3.211033e-03
1.062058801312813e-06	3.199982e+00	-3.210421e-03
1.066360980596898e-06	3.199982e+00	-3.210197e-03
1.071407686853589e-06	3.199982e+00	-3.210600e-03
1.076104975790581e-06	3.199982e+00	-3.211225e-03
1.080610150517058e-06	3.199982e+00	-3.211460e-03
1.085773789222395e-06	3.199982e+00	-3.211052e-03
1.090259558324032e-06	3.199982e+00	-3.210482e-03
1.094584356267349e-06	3.199982e+00	-3.210281e-03
1.099640221408055e-06	3.199982e+00	-3.210692e-03
1.104136151865321e-06	3.199982e+00	-3.211277e-03
1.108628709827117e-06	3.199982e+00	-3.211507e-03
1.113813128683551e-06	3.199982e+00	-3.211109e-03
1.118282256023343e-06	3.199982e+00	-3.210557e-03
1.122644014312893e-06	3.199982e+00	-3.210361e-03
1.127751208677373e-06	3.199982e+00	-3.210768e-03
1.132265439159639e-06	3.199982e+00	-3.211337e-03
1.136823136508467e-06	3.199982e+00	-3.211551e-03
1.142061899356800e-06	3.199982e+00	-3.211145e-03
1.146453485052976e-06	3.199982e+00	-3.210619e-03
1.150867131420126e-06	3.199982e+00	-3.210442e-03
1.156009612574246e-06	3.199982e+00	-3.210857e-03
1.160389217003882e-06	3.199982e+00	-3.211395e-03
1.164973093119929e-06	3.199982e+00	-3.211594e-03
1.170242369140003e-06	3.199982e+00	-3.211188e-03
1.174546458070594e-06	3.199982e+00	-3.210687e-03
1.178994973664711e-06	3.199982e+00	-3.210520e-03
1.184175638045504e-06	3.199982e+00	-3.210933e-03
1.188505899819788e-06	3.199982e+00	-3.211450e-03
1.193136308348724e-06	3.199982e+00	-3.211636e-03
1.198451282977863e-06	3.199982e+00	-3.211229e-03
1.202698789482686e-06	3.199982e+00	-3.210749e-03
1.207202158158537e-06	3.199982e+00	-3.210597e-03
1.212425609547261e-06	3.199982e+00	-3.211015e-03
1.216703968085716e-06	3.199982e+00	-3.211509e-03
1.221402653850840e-06	3.199982e+00	-3.211676e-03
1.226762539996875e-06	3.199982e+00	-3.211260e-03
1.231008696606995e-06	3.199982e+00	-3.210801e-03
1.235624809044792e-06	3.199982e+00	-3.210678e-03
1.240897042015870e-06	3.199982e+00	-3.211115e-03
1.245192514362839e-06	3.199982e+00	-3.211586e-03
1.250067642699285e-06	3.199982e+00	-3.211704e-03
1.255490472707438e-06	3.199982e+00	-3.211253e-03
1.259728066382060e-06	3.199982e+00	-3.210828e-03
1.264594809943306e-06	3.199982e+00	-3.210779e-03
1.274228017049787e-06	3.199982e+00	-3.211688e-03
1.279491652886366e-06	3.199982e+00	-3.211693e-03
1.285065278234926e-06	3.199982e+00	-3.211175e-03
1.289303888999259e-06	3.199982e+00	-3.210831e-03
1.294870247512937e-06	3.199982e+00	-3.210965e-03
1.300561781394785e-06	3.199982e+00	-3.211540e-03
1.305252111029031e-06	3.199982e+00	-3.211813e-03
1.311354602925281e-06	3.199982e+00	-3.211488e-03
1.317319147868007e-06	3.199982e+00	-3.210950e-03
1.322678991525643e-06	3.199982e+00	-3.210944e-03
1.328442090983240e-06	3.199982e+00	-3.211471e-03
1.332873424216698e-06	3.199982e+00	-3.211825e-03
1.338795105635418e-06	3.199982e+00	-3.211676e-03
1.344820787647452e-06	3.199982e+00	-3.211120e-03
1.349705277119277e-06	3.199982e+00	-3.210939e-03
1.355733716615608e-06	3.199982e+00	-3.211348e-03
1.361022748763797e-06	3.199982e+00	-3.211822e-03
1.366590200267569e-06	3.199982e+00	-3.211807e-03
1.372497683478702e-06	3.199982e+00	-3.211294e-03
1.376946165928797e-06	3.199982e+00	-3.211007e-03
1.383514724800467e-06	3.199982e+00	-3.211276e-03
1.389817942483347e-06	3.199982e+00	-3.211833e-03
1.395417117730844e-06	3.199982e+00	-3.211878e-03
1.401577062681323e-06	3.199982e+00	-3.211381e-03
1.406098253535387e-06	3.199982e+00	-3.211077e-03
1.412195097423963e-06	3.199982e+00	-3.211279e-03
1.418362332800603e-06	3.199982e+00	-3.211827e-03
1.423735180447233e-06	3.199982e+00	-3.211953e-03
1.429949233086556e-06	3.199982e+00	-3.211512e-03
1.434634652191781e-06	3.199982e+00	-3.211160e-03
1.440333747917865e-06	3.199982e+00	-3.211259e-03
1.446277706486314e-06	3.199982e+00	-3.211778e-03
1.451167441863634e-06	3.199982e+00	-3.212014e-03
1.457673200484140e-06	3.199982e+00	-3.211684e-03
1.463693338400147e-06	3.199982e+00	-3.211231e-03
1.469542461829011e-06	3.199982e+00	-3.211304e-03
1.475689949914050e-06	3.199982e+00	-3.211819e-03
1.480530449154521e-06	3.199982e+00	-3.212051e-03
1.487274308438290e-06	3.199982e+00	-3.211722e-03
1.493459930265011e-06	3.199982e+00	-3.211280e-03
1.499491602690970e-06	3.199982e+00	-3.211382e-03
1.505775463389612e-06	3.199982e+00	-3.211896e-03
1.510747187599021e-06	3.199982e+00	-3.212086e-03
1.517509437979975e-06	3.199982e+00	-3.211718e-03
1.523192686091184e-06	3.199982e+00	-3.211329e-03
1.529274408476994e-06	3.199982e+00	-3.211451e-03
1.535584530109835e-06	3.199982e+00	-3.211954e-03
1.540775617893345e-06	3.199982e+00	-3.212115e-03
1.552873451133190e-06	3.199982e+00	-3.211377e-03
1.559064718879152e-06	3.199982e+00	-3.211518e-03
1.565448969867751e-06	3.199982e+00	-3.212012e-03
1.570889195209061e-06	3.199982e+00	-3.212139e-03
1.577571998289918e-06	3.199982e+00	-3.211733e-03
1.582688435062049e-06	3.199982e+00	-3.211422e-03
1.589082872999078e-06	3.199982e+00	-3.211595e-03
1.595608141994952e-06	3.199982e+00	-3.212078e-03
1.601394181359231e-06	3.199982e+00	-3.212149e-03
1.608077231831341e-06	3.199982e+00	-3.211716e-03
1.613084860292592e-06	3.199982e+00	-3.211460e-03
1.620473096778077e-06	3.199982e+00	-3.211742e-03
1.627512401672297e-06	3.199982e+00	-3.212189e-03
1.634236718687064e-06	3.199982e+00	-3.212061e-03
1.641207034419063e-06	3.199982e+00	-3.211594e-03
1.646850645748783e-06	3.199982e+00	-3.211552e-03
1.653724402028705e-06	3.199982e+00	-3.211998e-03
1.658921465312749e-06	3.199982e+00	-3.212248e-03
1.666461973642032e-06	3.199982e+00	-3.211960e-03
1.674088831438613e-06	3.199982e+00	-3.211561e-03
1.681414976915466e-06	3.199982e+00	-3.211802e-03
1.688701020872279e-06	3.199982e+00	-3.212246e-03
1.695318838487596e-06	3.199982e+00	-3.212141e-03
1.702513759370640e-06	3.199982e+00	-3.211686e-03
1.708258309680305e-06	3.199982e+00	-3.211642e-03
1.715327777393357e-06	3.199982e+00	-3.212077e-03
1.720678127827171e-06	3.199982e+00	-3.212306e-03
1.728366003785008e-06	3.199982e+00	-3.212005e-03
1.735532531851560e-06	3.199982e+00	-3.211648e-03
1.743211531645577e-06	3.199982e+00	-3.211898e-03
1.750553246469643e-06	3.199982e+00	-3.212310e-03
1.757522734372511e-06	3.199982e+00	-3.212167e-03
1.764923114054494e-06	3.199982e+00	-3.211736e-03
1.771187981585803e-06	3.199982e+00	-3.211768e-03
1.778360702857338e-06	3.199982e+00	-3.212210e-03
1.784011581851678e-06	3.199982e+00	-3.212347e-03
1.791558836301374e-06	3.199982e+00	-3.211979e-03
1.797528067432576e-06	3.199982e+00	-3.211721e-03
1.805424055499797e-06	3.199982e+00	-3.212004e-03
1.813126852127526e-06	3.199982e+00	-3.212371e-03
1.821371394508093e-06	3.199982e+00	-3.212118e-03
1.829190779406828e-06	3.199982e+00	-3.211760e-03
1.836777036403734e-06	3.199982e+00	-3.211993e-03
1.844577207160720e-06	3.199982e+00	-3.212382e-03
1.852019356166239e-06	3.199982e+00	-3.212206e-03
1.859805482121383e-06	3.199982e+00	-3.211812e-03
1.866788757114890e-06	3.199982e+00	-3.211934e-03
1.874336951800360e-06	3.199982e+00	-3.212352e-03
1.880810607604901e-06	3.199982e+00	-3.212341e-03
1.888416413634789e-06	3.199982e+00	-3.211931e-03
1.894325399247352e-06	3.199982e+00	-3.211835e-03
1.902037480211551e-06	3.199982e+00	-3.212213e-03
1.908134592638095e-06	3.199982e+00	-3.212427e-03
1.916327669191210e-06	3.199982e+00	-3.212125e-03
1.923823570931381e-06	3.199982e+00	-3.211844e-03
1.940520075698642e-06	3.199982e+00	-3.212441e-03
1.949105784309513e-06	3.199982e+00	-3.212131e-03
1.958211499190033e-06	3.199982e+00	-3.211876e-03
1.966644777361455e-06	3.199982e+00	-3.212233e-03
1.974516402367705e-06	3.199982e+00	-3.212448e-03
1.983365380969960e-06	3.199982e+00	-3.212088e-03
1.990801305879749e-06	3.199982e+00	-3.211902e-03
1.999430498480041e-06	3.199982e+00	-3.212262e-03
2.006876981193351e-06	3.199982e+00	-3.212460e-03
2.015477758505824e-06	3.199982e+00	-3.212117e-03
2.022845266074886e-06	3.199982e+00	-3.211922e-03
2.031424207180870e-06	3.199982e+00	-3.212263e-03
2.039062878156832e-06	3.199982e+00	-3.212472e-03
2.047727484761450e-06	3.199982e+00	-3.212140e-03
2.055322625452255e-06	3.199982e+00	-3.211944e-03
2.064021839620392e-06	3.199982e+00	-3.212283e-03
2.071765549463450e-06	3.199982e+00	-3.212480e-03
2.080548485047517e-06	3.199982e+00	-3.212143e-03
2.088111874446228e-06	3.199982e+00	-3.211967e-03
2.096889899285735e-06	3.199982e+00	-3.212310e-03
2.104513423936784e-06	3.199982e+00	-3.212485e-03
2.113351701197655e-06	3.199982e+00	-3.212147e-03
2.120806571375643e-06	3.199982e+00	-3.211987e-03
2.129617986748568e-06	3.199982e+00	-3.212329e-03
2.137155372117123e-06	3.199982e+00	-3.212490e-03
2.146037471038813e-06	3.199982e+00	-3.212153e-03
2.153452900569388e-06	3.199982e+00	-3.212004e-03
2.162312696036287e-06	3.199982e+00	-3.212343e-03
2.169822273901920e-06	3.199982e+00	-3.212491e-03
2.178765741231085e-06	3.199982e+00	-3.212154e-03
2.186164404442605e-06	3.199982e+00	-3.212018e-03
2.195085534380689e-06	3.199982e+00	-3.212355e-03
2.202563322137365e-06	3.199982e+00	-3.212487e-03
2.211573937835183e-06	3.199982e+00	-3.212150e-03
2.218942180985202e-06	3.199982e+00	-3.212028e-03
2.227924635425618e-06	3.199982e+00	-3.212363e-03
2.235357652473762e-06	3.199982e+00	-3.212479e-03
2.244434707947393e-06	3.199982e+00	-3.212142e-03
2.251767149998094e-06	3.199982e+00	-3.212035e-03
2.260810885843548e-06	3.199982e+00	-3.212368e-03
2.268199661240260e-06	3.199982e+00	-3.212468e-03
2.277344926358334e-06	3.199982e+00	-3.212131e-03
2.284650434114693e-06	3.199982e+00	-3.212040e-03
2.293756135833208e-06	3.199982e+00	-3.212372e-03
2.301114348602813e-06	3.199982e+00	-3.212454e-03
2.310326547592752e-06	3.199982e+00	-3.212118e-03
2.317618625890983e-06	3.199982e+00	-3.212044e-03
2.326784682108168e-06	3.199982e+00	-3.212375e-03
2.334121110809483e-06	3.199982e+00	-3.212437e-03
2.343400887562140e-06	3.199982e+00	-3.212103e-03
2.350689112971007e-06	3.199982e+00	-3.212049e-03
2.359917615584429e-06	3.199982e+00	-3.212378e-03
2.367292999373082e-06	3.199982e+00	-3.212418e-03
2.376618249894343e-06	3.199982e+00	-3.212086e-03
2.384056588036758e-06	3.199982e+00	-3.212059e-03
2.393279461526813e-06	3.199982e+00	-3.212384e-03
2.400875573086767e-06	3.199982e+00	-3.212390e-03
2.410165590528376e-06	3.199982e+00	-3.212064e-03
2.417892871634685e-06	3.199982e+00	-3.212079e-03
2.427084515735206e-06	3.199982e+00	-3.212396e-03
2.435073451927557e-06	3.199982e+00	-3.212347e-03
2.444367404714389e-06	3.199982e+00	-3.212035e-03
2.452701712939380e-06	3.199982e+00	-3.212124e-03
2.461989403994366e-06	3.199982e+00	-3.212413e-03
2.471046539906864e-06	3.199982e+00	-3.212259e-03
2.480654371792019e-06	3.199982e+00	-3.212007e-03
2.491093557897000e-06	3.199982e+00	-3.212253e-03
2.501564033962565e-06	3.199982e+00	-3.212390e-03
2.512326373583791e-06	3.199982e+00	-3.212069e-03
2.521367005157831e-06	3.199982e+00	-3.212073e-03
2.531756367264919e-06	3.199982e+00	-3.212382e-03
2.540725293871123e-06	3.199982e+00	-3.212271e-03
2.550825157339369e-06	3.199982e+00	-3.212003e-03
2.561069828063023e-06	3.199982e+00	-3.212216e-03
2.571486937100784e-06	3.199982e+00	-3.212380e-03
2.583138604004705e-06	3.199982e+00	-3.212067e-03
2.592877561594673e-06	3.199982e+00	-3.212069e-03
2.603710077784681e-06	3.199982e+00	-3.212368e-03
2.613215353907071e-06	3.199982e+00	-3.212232e-03
2.623735392156113e-06	3.199982e+00	-3.211995e-03
2.635238583536896e-06	3.199982e+00	-3.212254e-03
2.646688563882317e-06	3.199982e+00	-3.212325e-03
2.657883628934722e-06	3.199982e+00	-3.212018e-03
2.667443339365362e-06	3.199982e+00	-3.212112e-03
2.678352022227479e-06	3.199982e+00	-3.212362e-03
2.689533229131634e-06	3.199982e+00	-3.212130e-03
2.700827334627390e-06	3.199982e+00	-3.212019e-03
2.712588605341197e-06	3.199982e+00	-3.212320e-03
2.722546796743968e-06	3.199982e+00	-3.212244e-03
2.733854640248979e-06	3.199982e+00	-3.211988e-03
2.745141992379656e-06	3.199982e+00	-3.212209e-03
2.756559023084605e-06	3.199982e+00	-3.212315e-03
2.768864927446166e-06	3.199982e+00	-3.212014e-03
2.779126860226241e-06	3.199982e+00	-3.212100e-03
2.790652125646002e-06	3.199982e+00	-3.212336e-03
2.802741072042616e-06	3.199982e+00	-3.212092e-03
2.814800419837190e-06	3.199982e+00	-3.212032e-03
2.826830255691763e-06	3.199982e+00	-3.212315e-03
2.837392753626156e-06	3.199982e+00	-3.212178e-03
2.849166280931646e-06	3.199982e+00	-3.211984e-03
2.864429933745058e-06	3.199982e+00	-3.212276e-03
2.876982448513344e-06	3.199982e+00	-3.212202e-03
2.889938279302555e-06	3.199982e+00	-3.211978e-03
2.903882701315644e-06	3.199982e+00	-3.212248e-03
2.917445545325256e-06	3.199982e+00	-3.212212e-03
2.930187888257144e-06	3.199982e+00	-3.211974e-03
2.943242218686948e-06	3.199982e+00	-3.212217e-03
2.956363980695238e-06	3.199982e+00	-3.212235e-03
2.969232952174022e-06	3.199982e+00	-3.211975e-03
2.981261538701474e-06	3.199982e+00	-3.212171e-03
2.993925400938400e-06	3.199982e+00	-3.212265e-03
3.007754373946161e-06	3.199982e+00	-3.211984e-03
3.032260306539532e-06	3.199982e+00	-3.212278e-03
3.049000968469766e-06	3.199982e+00	-3.211988e-03
3.076295407958831e-06	3.199982e+00	-3.212265e-03
3.096411828038157e-06	3.199982e+00	-3.211971e-03
3.111623085265563e-06	3.199982e+00	-3.212173e-03
3.127437937737216e-06	3.199982e+00	-3.212211e-03
3.145688189374058e-06	3.199982e+00	-3.211964e-03
3.161918492423854e-06	3.199982e+00	-3.212225e-03
3.178475734969668e-06	3.199982e+00	-3.212138e-03
3.193953804885361e-06	3.199982e+00	-3.211977e-03
3.213833056746949e-06	3.199982e+00	-3.212259e-03
3.229631584703222e-06	3.199982e+00	-3.212064e-03
3.245919215238970e-06	3.199982e+00	-3.212024e-03
3.264615568892649e-06	3.199982e+00	-3.212258e-03
3.281585991983948e-06	3.199982e+00	-3.211996e-03
3.298842830378335e-06	3.199982e+00	-3.212100e-03
3.314709761664060e-06	3.199982e+00	-3.212229e-03
3.337493716453886e-06	3.199982e+00	-3.211955e-03
3.355070511176319e-06	3.199982e+00	-3.212187e-03
3.373132201559706e-06	3.199982e+00	-3.212134e-03
3.391863816906544e-06	3.199982e+00	-3.211972e-03
3.414693574680995e-06	3.199982e+00	-3.212242e-03
3.433141179719481e-06	3.199982e+00	-3.212014e-03
3.451991183449869e-06	3.199982e+00	-3.212063e-03
3.471335481174524e-06	3.199982e+00	-3.212216e-03
3.495478497115454e-06	3.199982e+00	-3.211948e-03
3.514894894670830e-06	3.199982e+00	-3.212183e-03
3.534681133010721e-06	3.199982e+00	-3.212101e-03
3.554579144587656e-06	3.199982e+00	-3.211981e-03
3.585208503979262e-06	3.199982e+00	-3.212226e-03
3.609006917888768e-06	3.199982e+00	-3.211957e-03
3.633136778281734e-06	3.199982e+00	-3.212148e-03
3.655587652087285e-06	3.199982e+00	-3.212113e-03
3.680210844744368e-06	3.199982e+00	-3.211975e-03
3.712207335340607e-06	3.199982e+00	-3.212216e-03
3.738292848164066e-06	3.199982e+00	-3.211948e-03
3.764636179221317e-06	3.199982e+00	-3.212155e-03
3.788616960445919e-06	3.199982e+00	-3.212082e-03
3.814375282453773e-06	3.199982e+00	-3.211989e-03
3.855382501662796e-06	3.199982e+00	-3.212192e-03
3.889439839512200e-06	3.199982e+00	-3.211932e-03
3.923753536984918e-06	3.199982e+00	-3.212195e-03
3.954750033394541e-06	3.199982e+00	-3.211984e-03
4.014972371360797e-06	3.199982e+00	-3.212117e-03
4.055853500605889e-06	3.199982e+00	-3.211966e-03
4.099097311235895e-06	3.199982e+00	-3.212185e-03
4.141837939281102e-06	3.199982e+00	-3.211923e-03
4.180446297437622e-06	3.199982e+00	-3.212183e-03
4.216742795969836e-06	3.199982e+00	-3.211963e-03
4.285374100151434e-06	3.199982e+00	-3.212075e-03
4.326968778655931e-06	3.199982e+00	-3.211982e-03
4.390299174003364e-06	3.199982e+00	-3.212146e-03
4.451527095441881e-06	3.199982e+00	-3.211930e-03
4.509324054093061e-06	3.199982e+00	-3.212175e-03
4.559788455734284e-06	3.199982e+00	-3.211910e-03
4.603963611326578e-06	3.199982e+00	-3.212161e-03
4.643633688807170e-06	3.199982e+00	-3.211953e-03
4.722947058486792e-06	3.199982e+00	-3.212049e-03
4.770776916665160e-06	3.199982e+00	-3.211982e-03
4.855619061744150e-06	3.199982e+00	-3.212109e-03
5.181037944794230e-06	3.199982e+00	-3.212152e-03
5.244033336521254e-06	3.199982e+00	-3.211890e-03
5.299034607411226e-06	3.199982e+00	-3.212140e-03
5.348259698585495e-06	3.199982e+00	-3.211919e-03
5.398129438033918e-06	3.199982e+00	-3.212083e-03
5.497182377618516e-06	3.199982e+00	-3.211998e-03
5.562861589753357e-06	3.199982e+00	-3.212057e-03
5.694220014023040e-06	3.199982e+00	-3.211947e-03
7.455917607483157e-06	3.199982e+00	-3.211933e-03
7.550412932286890e-06	3.199982e+00	-3.211962e-03
7.670039943287296e-06	3.199982e+00	-3.211967e-03
7.857700134798074e-06	3.199982e+00	-3.211926e-03
8.648618156704827e-06	3.199982e+00	-3.211902e-03
9.254915198357148e-06	3.199982e+00	-3.211969e-03
1.014397002348419e-05	3.199982e+00	-3.211919e-03
1.144746693728859e-05	3.199982e+00	-3.212251e-03
1.319723652212567e-05	3.199982e+00	-3.213598e-03
1.513016654120300e-05	3.199982e+00	-3.216838e-03
1.804055975270105e-05	3.199983e+00	-3.222134e-03
1.970871834069800e-05	3.199983e+00	-3.224737e-03
2.245337707136720e-05	3.199983e+00	-3.228320e-03
2.535908374775813e-05	3.199983e+00	-3.230885e-03
2.729815824750488e-05	3.199983e+00	-3.231867e-03
3.005207933934167e-05	3.199983e+00	-3.231945e-03
3.511478271848404e-05	3.199984e+00	-3.231697e-03
6.852691083970059e-05	3.199985e+00	-3.230069e-03
1.019390389609171e-04	3.199986e+00	-3.228544e-03
1.353511670821337e-04	3.199987e+00	-3.227123e-03
1.687632952033503e-04	3.199988e+00	-3.225804e-03
2.021754233245668e-04	3.199989e+00	-3.224588e-03
2.355875514457834e-04	3.199989e+00	-3.223476e-03
2.689996795669999e-04	3.199989e+00	-3.222466e-03
4.767525177793932e-04	3.199990e+00	-3.217347e-03
8.010361830619660e-04	3.199991e+00	-3.213015e-03
1.134652358097195e-03	3.199991e+00	-3.210663e-03
1.581740479101651e-03	3.199991e+00	-3.209495e-03
2.114436395460429e-03	3.199991e+00	-3.212324e-03
2.949436850913473e-03	3.199991e+00	-3.288128e-03
3.949436850913472e-03	3.199990e+00	-3.917294e-03
4.949436850913472e-03	3.199985e+00	-5.706486e-03
5.949436850913472e-03	3.199977e+00	-8.390511e-03
6.949436850913472e-03	3.199970e+00	-1.112465e-02
7.949436850913472e-03	3.199964e+00	-1.333517e-02
8.949436850913473e-03	3.199960e+00	-1.489488e-02
9.949436850913472e-03	3.199957e+00	-1.591050e-02
1.000000000000000e-02	3.199957e+00	-1.594953e-02
1.000000000100000e-02	3.199957e+00	-1.594947e-02
1.000000000200000e-02	3.199957e+00	-1.594973e-02
1.000000000286331e-02	3.199957e+00	-1.594974e-02
1.000000000867538e-02	3.199957e+00	-1.594974e-02
1.000000001448744e-02	3.199957e+00	-1.594974e-02
1.000000002029950e-02	3.199957e+00	-1.594974e-02
1.000000002611156e-02	3.199957e+00	-1.594974e-02
1.000000003192363e-02	3.199957e+00	-1.594974e-02
1.000000003773569e-02	3.199957e+00	-1.594974e-02
1.000000004354775e-02	3.199957e+00	-1.594974e-02
1.000000008120936e-02	3.199957e+00	-1.594975e-02
1.000000015653258e-02	3.199957e+00	-1.594977e-02
1.000000030717901e-02	3.199957e+00	-1.594984e-02
1.000000037594405e-02	3.199957e+00	-1.595011e-02
1.000000042366908e-02	3.199957e+00	-1.595021e-02
1.000000044465033e-02	3.199957e+00	-1.595022e-02
1.000000047155885e-02	3.199957e+00	-1.595023e-02
1.000000050120888e-02	3.199957e+00	-1.595023e-02
1.000000055842451e-02	3.199957e+00	-1.595023e-02
1.000000121930318e-02	3.199957e+00	-1.595025e-02
1.000000188018186e-02	3.199957e+00	-1.595028e-02
1.000000254106053e-02	3.199957e+00	-1.595033e-02
1.000000320193920e-02	3.199957e+00	-1.595041e-02
1.000000386281787e-02	3.199957e+00	-1.595051e-02
1.000000452369655e-02	3.199957e+00	-1.595064e-02
1.000000518457522e-02	3.199957e+00	-1.595078e-02
1.000000830022632e-02	3.199957e+00	-1.595156e-02
1.000001453152853e-02	3.199957e+00	-1.595267e-02
1.000002699413295e-02	3.199957e+00	-1.595200e-02
1.000005191934179e-02	3.199957e+00	-1.595269e-02
1.000008967079672e-02	3.199957e+00	-1.595529e-02
1.000014937788439e-02	3.199957e+00	-1.595606e-02
1.000021457365696e-02	3.199957e+00	-1.596054e-02
1.000027221575291e-02	3.199957e+00	-1.596110e-02
1.000032344050725e-02	3.199957e+00	-1.596505e-02
1.000037098615853e-02	3.199957e+00	-1.596557e-02
1.000041577313711e-02	3.199957e+00	-1.596849e-02
1.000045841823792e-02	3.199957e+00	-1.596988e-02
1.000049965016143e-02	3.199957e+00	-1.597129e-02
1.000054325651853e-02	3.199957e+00	-1.597404e-02
1.000058360998132e-02	3.199957e+00	-1.597421e-02
1.000062431116710e-02	3.199957e+00	-1.597759e-02
1.000066322356717e-02	3.199957e+00	-1.597738e-02
1.000070310327596e-02	3.199957e+00	-1.598040e-02
1.000074214602448e-02	3.199957e+00	-1.598096e-02
1.000078097405012e-02	3.199957e+00	-1.598267e-02
1.000082038646469e-02	3.199957e+00	-1.598462e-02
1.000085830633673e-02	3.199957e+00	-1.598489e-02
1.000090150465184e-02	3.199957e+00	-1.598801e-02
1.000094350242603e-02	3.199957e+00	-1.598777e-02
1.000098951562543e-02	3.199957e+00	-1.599104e-02
1.000103591843373e-02	3.199957e+00	-1.599124e-02
1.000108809248012e-02	3.199957e+00	-1.599395e-02
1.000114354858811e-02	3.199957e+00	-1.599528e-02
1.000120803756859e-02	3.199957e+00	-1.599736e-02
1.000128061246480e-02	3.199957e+00	-1.600001e-02
1.000136941528505e-02	3.199957e+00	-1.600195e-02
1.000147674993773e-02	3.199957e+00	-1.600605e-02
1.000161753358877e-02	3.199957e+00	-1.600876e-02
1.000180254316227e-02	3.199957e+00	-1.601480e-02
1.000206613834728e-02	3.199957e+00	-1.601952e-02
1.000232461966759e-02	3.199957e+00	-1.602614e-02
1.000262425649966e-02	3.199957e+00	-1.602963e-02
1.000292547388476e-02	3.199957e+00	-1.603496e-02
1.000337054440907e-02	3.199957e+00	-1.603662e-02
1.000377669960696e-02	3.199957e+00	-1.603856e-02
1.000434481575034e-02	3.199957e+00	-1.603330e-02
1.000494313548070e-02	3.199957e+00	-1.602382e-02
1.000596595576678e-02	3.199958e+00	-1.557311e-02
1.000703949045050e-02	3.199962e+00	-1.397093e-02
1.000828623840670e-02	3.199970e+00	-1.100733e-02
1.000900646553860e-02	3.199975e+00	-9.249812e-03
1.000988544516506e-02	3.199980e+00	-7.415324e-03
1.001082606887124e-02	3.199984e+00	-5.944502e-03
1.001221281394969e-02	3.199988e+00	-4.588457e-03
1.001330431997556e-02	3.199989e+00	-3.999771e-03
1.001439353873324e-02	3.199990e+00	-3.661573e-03
1.001540167999209e-02	3.199991e+00	-3.485316e-03
1.001667675287651e-02	3.199991e+00	-3.362046e-03
1.001811826402889e-02	3.199991e+00	-3.298168e-03
1.002027113877641e-02	3.199991e+00	-3.259173e-03
1.002298541972338e-02	3.199991e+00	-3.247633e-03
1.002593160304134e-02	3.199991e+00	-3.242295e-03
1.002885604889618e-02	3.199991e+00	-3.242329e-03
1.003203930194278e-02	3.199991e+00	-3.239549e-03
1.003496231610945e-02	3.199991e+00	-3.240122e-03
1.003801368751776e-02	3.199991e+00	-3.237534e-03
1.004095824077739e-02	3.199991e+00	-3.236857e-03
1.004407486000461e-02	3.199991e+00	-3.230746e-03
1.004716461090132e-02	3.199991e+00	-3.226635e-03
1.005042735069198e-02	3.199991e+00	-3.218832e-03
1.005373483437765e-02	3.199991e+00	-3.214801e-03
1.005775576196090e-02	3.199991e+00	-3.207958e-03
1.006092353777265e-02	3.199991e+00	-3.206692e-03
1.006356541404291e-02	3.199991e+00	-3.203411e-03
1.006621916823220e-02	3.199991e+00	-3.203801e-03
1.006915067681405e-02	3.199991e+00	-3.201295e-03
1.007183143020786e-02	3.199991e+00	-3.202324e-03
1.007451800553956e-02	3.199991e+00	-3.200350e-03
1.007705538608242e-02	3.199991e+00	-3.201688e-03
1.007966012972328e-02	3.199991e+00	-3.199924e-03
1.008243254146880e-02	3.199991e+00	-3.201378e-03
1.008550086205443e-02	3.199991e+00	-3.199699e-03
1.008926352278954e-02	3.199991e+00	-3.201201e-03
1.009369038036504e-02	3.199991e+00	-3.199566e-03
1.009949112106229e-02	3.199991e+00	-3.201099e-03
1.010708735685587e-02	3.199991e+00	-3.199486e-03
1.011842325326981e-02	3.199991e+00	-3.201026e-03
1.013696681328093e-02	3.199991e+00	-3.199407e-03
1.017405393330317e-02	3.199991e+00	-3.200924e-03
1.022400677719708e-02	3.199991e+00	-3.199303e-03
1.026995261125351e-02	3.199990e+00	-3.200856e-03
1.031528655808377e-02	3.199990e+00	-3.199267e-03
1.037002249754267e-02	3.199990e+00	-3.200832e-03
1.046649426439189e-02	3.199989e+00	-3.199246e-03
1.059501362839046e-02	3.199988e+00	-3.200814e-03
1.078882668748491e-02	3.199986e+00	-3.199231e-03
1.104794518432625e-02	3.199980e+00	-3.200796e-03
1.138638995362635e-02	3.199949e+00	-3.199186e-03
1.156546851150823e-02	3.199883e+00	-3.200692e-03
1.168279569712156e-02	3.199776e+00	-3.199004e-03
1.176884816327752e-02	3.199625e+00	-3.200421e-03
1.184476218872589e-02	3.199393e+00	-3.198603e-03
1.190192167187264e-02	3.199089e+00	-3.199854e-03
1.193436277992556e-02	3.198799e+00	-3.197962e-03
1.195205652674529e-02	3.198547e+00	-3.199241e-03
1.196253478916310e-02	3.198315e+00	-3.197374e-03
1.196865288676472e-02	3.198092e+00	-3.198597e-03
1.197224072948649e-02	3.197850e+00	-3.196504e-03
1.197353503470595e-02	3.197243e+00	-3.192493e-03
1.197431513552244e-02	3.195878e+00	-3.177771e-03
1.197513438784065e-02	3.193275e+00	-3.169802e-03
1.197590588299314e-02	3.190359e+00	-3.164339e-03
1.197673534174364e-02	3.187026e+00	-3.160356e-03
1.197805557820028e-02	3.181579e+00	-3.154075e-03
1.197966987785180e-02	3.174864e+00	-3.147652e-03
1.198277470331476e-02	3.162004e+00	-3.134625e-03
1.198603164130398e-02	3.148643e+00	-3.121785e-03
1.199008166677156e-02	3.132200e+00	-3.105309e-03
1.199420098737839e-02	3.115686e+00	-3.089353e-03
1.199989120636615e-02	3.093189e+00	-3.066988e-03
1.200635066048092e-02	3.068113e+00	-3.042621e-03
1.201584755677333e-02	3.032093e+00	-3.006954e-03
1.202788093367401e-02	2.987874e+00	-2.963798e-03
1.204803872620688e-02	2.917189e+00	-2.894083e-03
1.208835431127261e-02	2.787601e+00	-2.767102e-03
1.216898548140408e-02	2.569254e+00	-2.552487e-03
1.226069377280442e-02	2.376409e+00	-2.363735e-03
1.233850107013982e-02	2.250363e+00	-2.240047e-03
1.241080460023314e-02	2.158020e+00	-2.150042e-03
1.248351999289547e-02	2.084715e+00	-2.078151e-03
1.255503681384374e-02	2.028184e+00	-2.023283e-03
1.265173314577269e-02	1.970746e+00	-1.966991e-03
1.275216710727343e-02	1.928762e+00	-1.926403e-03
1.285338376031055e-02	1.899495e+00	-1.897616e-03
1.296019539052326e-02	1.878480e+00	-1.877473e-03
1.306395688867234e-02	1.864762e+00	-1.863832e-03
1.317080008687981e-02	1.855281e+00	-1.854914e-03
1.327748874041216e-02	1.848983e+00	-1.848491e-03
1.338908302102636e-02	1.844641e+00	-1.844572e-03
1.350375157795513e-02	1.841752e+00	-1.841463e-03
1.362919225512667e-02	1.839757e+00	-1.839826e-03
1.377286602386128e-02	1.838392e+00	-1.838199e-03
1.395488900744209e-02	1.837463e+00	-1.837597e-03
1.418313705574491e-02	1.836937e+00	-1.836785e-03
1.449738657744455e-02	1.836687e+00	-1.836843e-03
1.493987130193513e-02	1.836617e+00	-1.836474e-03
1.540085713147294e-02	1.836617e+00	-1.836775e-03
1.594019325272214e-02	1.836620e+00	-1.836477e-03
1.659674602533944e-02	1.836622e+00	-1.836780e-03
1.752949352136556e-02	1.836622e+00	-1.836480e-03
1.852949352136556e-02	1.836623e+00	-1.836782e-03
1.952949352136556e-02	1.836623e+00	-1.836480e-03
2.000000000000000e-02	1.836623e+00	-1.836782e-03
