time	V(out_pos,out_neg)
0.000000000000000e+00	1.668930e-06
9.142856630514224e-10	1.693258e-06
1.828571326102845e-09	1.698124e-06
2.742856989154267e-09	1.683527e-06
3.657142652205690e-09	1.649467e-06
4.571428315257112e-09	1.595945e-06
5.485713978308534e-09	1.522959e-06
6.399999641359955e-09	1.430511e-06
1.279999928271991e-08	1.430511e-06
2.398452174189563e-08	1.668930e-06
3.534665034408766e-08	1.430511e-06
5.807090754847172e-08	1.430511e-06
9.570440770350271e-08	1.668930e-06
9.999999999999989e-08	1.668930e-06
1.209734213938536e-07	1.668930e-06
1.369332653961945e-07	1.668930e-06
1.530310054579175e-07	1.668930e-06
1.673529879759923e-07	1.668930e-06
1.845125943344473e-07	1.668930e-06
1.999999999999999e-07	1.430511e-06
2.222299457532688e-07	1.430511e-06
2.666898372598065e-07	1.430511e-06
3.320666337848518e-07	1.430511e-06
3.409401929206847e-07	1.430511e-06
3.586873111923504e-07	1.192093e-06
3.941815477356819e-07	1.430511e-06
4.651700208223449e-07	1.430511e-06
5.723770381525559e-07	1.430511e-06
7.539645258574142e-07	9.536743e-07
1.105685158821193e-06	7.152557e-07
1.503332398178323e-06	4.768372e-07
1.934861807007281e-06	4.768372e-07
2.277276302167618e-06	1.192093e-06
2.542065977484063e-06	1.668930e-06
2.802385564749222e-06	1.907349e-06
3.323024739279541e-06	2.861023e-06
3.961570346609749e-06	3.576279e-06
4.412990907520138e-06	3.337860e-06
4.765816496478111e-06	3.576279e-06
5.111990435828620e-06	3.337860e-06
5.804338314529639e-06	3.337860e-06
7.189034071931677e-06	3.337860e-06
9.958425586735751e-06	3.337860e-06
1.549720861634390e-05	3.099442e-06
2.273672309100227e-05	2.145767e-06
3.231023487557931e-05	9.536743e-07
4.231023487557931e-05	-7.152557e-07
5.231023487557931e-05	-2.145767e-06
5.356023487557932e-05	-2.384186e-06
5.606023487557931e-05	-7.152557e-07
5.673455505213187e-05	2.861023e-06
5.749925154975967e-05	6.675720e-06
5.778105100155451e-05	8.344650e-06
5.794730935780088e-05	9.298325e-06
5.805193363085903e-05	1.001358e-05
5.813965642544685e-05	1.120567e-05
5.821246123092239e-05	1.311302e-05
5.828838452403633e-05	1.668930e-05
5.836956874324176e-05	2.336502e-05
5.845809454561257e-05	3.528595e-05
5.854912395301100e-05	5.412102e-05
5.865204340923808e-05	8.654594e-05
5.876576520944591e-05	1.389980e-04
5.889930660205880e-05	2.288818e-04
5.905476902240027e-05	3.809929e-04
5.924191936906706e-05	6.453991e-04
5.946767606745239e-05	1.108646e-03
5.974390635032911e-05	1.931190e-03
6.008615260815722e-05	3.414392e-03
6.051478647186236e-05	6.123066e-03
6.106348141329057e-05	1.119471e-02
6.177743526213652e-05	2.076197e-02
6.230157750020014e-05	2.961302e-02
6.290260006949662e-05	4.123116e-02
6.361515209255457e-05	5.673456e-02
6.444447677048650e-05	7.686567e-02
6.599178378677002e-05	1.196787e-01
6.846483082293111e-05	2.002349e-01
7.238585346571380e-05	3.530564e-01
7.626466840388214e-05	5.313787e-01
7.837408388164704e-05	6.387343e-01
8.043892472440342e-05	7.499762e-01
8.204410150186994e-05	8.403230e-01
8.360877837891506e-05	9.315462e-01
8.539684331196764e-05	1.039702e+00
8.670804300378662e-05	1.121880e+00
8.760505817276856e-05	1.179751e+00
8.822272103012217e-05	1.220587e+00
8.873750451819048e-05	1.255407e+00
8.924923431794414e-05	1.290877e+00
8.953145098468571e-05	1.310834e+00
8.977281529049825e-05	1.328136e+00
9.001376731197961e-05	1.345629e+00
9.025990401183042e-05	1.363727e+00
9.054314932004888e-05	1.384837e+00
9.088286901359943e-05	1.410551e+00
9.131282390007645e-05	1.443700e+00
9.189618402267408e-05	1.489719e+00
9.277184573946102e-05	1.560940e+00
9.430286197336148e-05	1.691120e+00
9.736489444116242e-05	1.969428e+00
1.027400337967585e-04	2.495034e+00
1.060240929062171e-04	2.826232e+00
1.084197040767621e-04	3.056817e+00
1.100471521286256e-04	3.205602e+00
1.119685494137401e-04	3.372300e+00
1.152273323006705e-04	3.635473e+00
1.206350932218495e-04	4.031306e+00
1.251485855218182e-04	4.332781e+00
1.296812411342986e-04	4.617347e+00
1.347321372512933e-04	4.920047e+00
1.396638322215956e-04	5.205488e+00
1.416765629379624e-04	5.319653e+00
1.428354084865215e-04	5.383627e+00
1.444420210767682e-04	5.467054e+00
1.451597534368798e-04	5.502046e+00
1.460471272759683e-04	5.543170e+00
1.470048146946499e-04	5.584978e+00
1.479649199157880e-04	5.624439e+00
1.490531158906793e-04	5.666559e+00
1.497496736486085e-04	5.692193e+00
1.504489582743145e-04	5.716978e+00
1.510986558754780e-04	5.739206e+00
1.518329206465115e-04	5.763448e+00
1.527324324788127e-04	5.791932e+00
1.538955964033086e-04	5.826868e+00
1.555003492122432e-04	5.871742e+00
1.579470129495458e-04	5.933267e+00
1.622622795215380e-04	6.023906e+00
1.708928126655226e-04	6.151947e+00
1.808928126655226e-04	6.238205e+00
1.908928126655226e-04	6.282917e+00
2.008928126655226e-04	6.304409e+00
2.108928126655226e-04	6.314020e+00
2.208928126655226e-04	6.317988e+00
2.308928126655226e-04	6.319481e+00
2.408928126655226e-04	6.319983e+00
2.508928126655226e-04	6.320128e+00
2.608928126655226e-04	6.320164e+00
2.708928126655226e-04	6.320177e+00
2.808928126655226e-04	6.320189e+00
2.908928126655226e-04	6.320201e+00
3.008928126655226e-04	6.320214e+00
3.108928126655226e-04	6.320225e+00
3.208928126655226e-04	6.320234e+00
3.308928126655226e-04	6.320240e+00
3.408928126655226e-04	6.320245e+00
3.508928126655226e-04	6.320248e+00
3.608928126655226e-04	6.320251e+00
3.708928126655225e-04	6.320252e+00
3.808928126655226e-04	6.320253e+00
3.908928126655225e-04	6.320254e+00
4.008928126655226e-04	6.320254e+00
4.108928126655225e-04	6.320255e+00
4.208928126655226e-04	6.320255e+00
4.308928126655225e-04	6.320255e+00
4.408928126655226e-04	6.320255e+00
4.508928126655225e-04	6.320255e+00
4.608928126655226e-04	6.320255e+00
4.708928126655225e-04	6.320255e+00
4.808928126655226e-04	6.320255e+00
4.908928126655226e-04	6.320255e+00
5.008928126655225e-04	6.320255e+00
5.108928126655225e-04	6.320255e+00
5.208928126655226e-04	6.320255e+00
5.308928126655226e-04	6.320255e+00
5.408928126655225e-04	6.320255e+00
5.608928126655226e-04	6.320255e+00
5.794642412369511e-04	6.320255e+00
5.980356698083797e-04	6.320255e+00
6.166070983798083e-04	6.320255e+00
6.351785269512369e-04	6.320255e+00
6.537499555226655e-04	6.320255e+00
6.723213840940940e-04	6.320255e+00
6.908928126655226e-04	6.320255e+00
1.453749955522666e-03	6.320255e+00
2.216607098379808e-03	6.320255e+00
2.979464241236952e-03	6.320255e+00
3.742321384094095e-03	6.320255e+00
4.505178526951238e-03	6.320255e+00
5.268035669808381e-03	6.320255e+00
6.030892812665522e-03	6.320255e+00
9.120892812665522e-03	6.320255e+00
1.000000000000000e-02	6.320255e+00
1.000010000000000e-02	6.320255e+00
1.000020000000000e-02	6.320255e+00
1.000026386066665e-02	6.320255e+00
1.000032664500360e-02	6.320255e+00
1.000041657817411e-02	6.320255e+00
1.000050303473298e-02	6.320255e+00
1.000063300559674e-02	6.320257e+00
1.000085886136553e-02	6.320257e+00
1.000123662418802e-02	6.320237e+00
1.000161858396555e-02	6.319969e+00
1.000206970249387e-02	6.318821e+00
1.000249348082282e-02	6.316555e+00
1.000301535860322e-02	6.311837e+00
1.000371024306617e-02	6.301994e+00
1.000388046455168e-02	6.298860e+00
1.000422090752269e-02	6.292250e+00
1.000490179346473e-02	6.279105e+00
1.000555899827289e-02	6.266294e+00
1.000633210198770e-02	6.251200e+00
1.000701827259757e-02	6.237814e+00
1.000770596402915e-02	6.224423e+00
1.000846471689752e-02	6.209680e+00
1.000974981359423e-02	6.184789e+00
1.001103995807002e-02	6.159901e+00
1.001266942162798e-02	6.128610e+00
1.001564597199093e-02	6.071859e+00
1.001797821906184e-02	6.027758e+00
1.002024400138904e-02	5.985222e+00
1.002277710745001e-02	5.938025e+00
1.002567325554602e-02	5.884520e+00
1.002894932353763e-02	5.824575e+00
1.003221920228133e-02	5.765351e+00
1.003732544453834e-02	5.674060e+00
1.004252563836368e-02	5.553545e+00
1.004763562251469e-02	5.388316e+00
1.005763562251469e-02	4.961861e+00
1.005880023102739e-02	4.903371e+00
1.006112944805280e-02	4.784713e+00
1.006512673440404e-02	4.582823e+00
1.006884946039211e-02	4.404245e+00
1.007264068868640e-02	4.235938e+00
1.007838592700001e-02	4.010513e+00
1.008486244577575e-02	3.798634e+00
1.009432114983230e-02	3.560651e+00
1.010432114983230e-02	3.384400e+00
1.011432114983230e-02	3.266587e+00
1.012432114983230e-02	3.190210e+00
1.013432114983230e-02	3.141851e+00
1.014432114983230e-02	3.111839e+00
1.015432114983230e-02	3.093500e+00
1.016432114983230e-02	3.082430e+00
1.017432114983230e-02	3.075812e+00
1.018432114983230e-02	3.071886e+00
1.019432114983230e-02	3.069572e+00
1.020432114983230e-02	3.068217e+00
1.021432114983230e-02	3.067429e+00
1.022432114983230e-02	3.066973e+00
1.023432114983230e-02	3.066712e+00
1.024432114983230e-02	3.066565e+00
1.025432114983230e-02	3.066484e+00
1.026432114983230e-02	3.066441e+00
1.027432114983230e-02	3.066420e+00
1.028432114983230e-02	3.066412e+00
1.029432114983230e-02	3.066410e+00
1.030432114983230e-02	3.066412e+00
1.031432114983230e-02	3.066417e+00
1.032432114983230e-02	3.066422e+00
1.033432114983230e-02	3.066427e+00
1.034432114983230e-02	3.066432e+00
1.035432114983230e-02	3.066437e+00
1.036432114983230e-02	3.066442e+00
1.037432114983230e-02	3.066446e+00
1.038432114983230e-02	3.066451e+00
1.039432114983230e-02	3.066453e+00
1.040432114983230e-02	3.066457e+00
1.041432114983230e-02	3.066459e+00
1.042432114983230e-02	3.066461e+00
1.043432114983230e-02	3.066463e+00
1.044432114983230e-02	3.066465e+00
1.045432114983230e-02	3.066467e+00
1.046432114983230e-02	3.066468e+00
1.047432114983230e-02	3.066469e+00
1.048432114983230e-02	3.066470e+00
1.049432114983230e-02	3.066471e+00
1.050432114983230e-02	3.066471e+00
1.051432114983230e-02	3.066471e+00
1.052432114983230e-02	3.066472e+00
1.053432114983230e-02	3.066473e+00
1.054432114983230e-02	3.066473e+00
1.055432114983230e-02	3.066473e+00
1.056432114983230e-02	3.066473e+00
1.057432114983230e-02	3.066474e+00
1.058432114983230e-02	3.066473e+00
1.059432114983230e-02	3.066474e+00
1.060432114983230e-02	3.066474e+00
1.061432114983230e-02	3.066474e+00
1.062432114983230e-02	3.066474e+00
1.063432114983230e-02	3.066474e+00
1.064432114983230e-02	3.066474e+00
1.065432114983230e-02	3.066474e+00
1.066432114983230e-02	3.066475e+00
1.067432114983230e-02	3.066474e+00
1.068432114983230e-02	3.066474e+00
1.069432114983230e-02	3.066474e+00
1.070432114983230e-02	3.066475e+00
1.071432114983230e-02	3.066474e+00
1.072432114983230e-02	3.066474e+00
1.073432114983230e-02	3.066475e+00
1.074432114983230e-02	3.066475e+00
1.075432114983230e-02	3.066475e+00
1.077432114983230e-02	3.066474e+00
1.079432114983230e-02	3.066475e+00
1.082432114983230e-02	3.066475e+00
1.085432114983230e-02	3.066475e+00
1.087860686411801e-02	3.066475e+00
1.090289257840373e-02	3.066475e+00
1.092717829268944e-02	3.066474e+00
1.095146400697515e-02	3.066474e+00
1.097574972126087e-02	3.066474e+00
1.100003543554658e-02	3.066474e+00
1.102432114983230e-02	3.066474e+00
1.129432114983230e-02	3.066474e+00
1.156432114983230e-02	3.066474e+00
1.183432114983230e-02	3.066474e+00
1.210432114983230e-02	3.066474e+00
1.237432114983230e-02	3.066475e+00
1.264432114983230e-02	3.066475e+00
1.291432114983230e-02	3.066475e+00
1.901432114983230e-02	3.066475e+00
2.000000000000000e-02	3.066475e+00
2.000010000000000e-02	3.066475e+00
2.000020000000000e-02	3.066475e+00
2.000026362435756e-02	3.066475e+00
2.000032648175393e-02	3.066475e+00
2.000041602301595e-02	3.066475e+00
2.000042682587000e-02	3.066474e+00
2.000044843157810e-02	3.066474e+00
2.000049164299430e-02	3.066474e+00
2.000057806582670e-02	3.066474e+00
2.000075091149149e-02	3.066474e+00
2.000100404834830e-02	3.066473e+00
2.000129302483159e-02	3.066469e+00
2.000174889186439e-02	3.066412e+00
2.000220902853644e-02	3.065941e+00
2.000269784348202e-02	3.064608e+00
2.000316305481119e-02	3.062372e+00
2.000374439835597e-02	3.058192e+00
2.000454208271846e-02	3.051258e+00
2.000542432815087e-02	3.043175e+00
2.000629155046543e-02	3.035042e+00
2.000710249046597e-02	3.027393e+00
2.000789831646418e-02	3.019884e+00
2.000870361241391e-02	3.012298e+00
2.000966126478792e-02	3.003300e+00
2.001057591246523e-02	2.994730e+00
2.001186465596012e-02	2.982696e+00
2.001393509608088e-02	2.963464e+00
2.001749840334944e-02	2.930654e+00
2.002229476522117e-02	2.887062e+00
2.002898050711108e-02	2.827376e+00
2.003414562032150e-02	2.782125e+00
2.003908669725313e-02	2.739516e+00
2.004435275103348e-02	2.694862e+00
2.004873906784358e-02	2.659515e+00
2.005280774859312e-02	2.629094e+00
2.005704869392419e-02	2.600797e+00
2.006254916386568e-02	2.570081e+00
2.006791934188811e-02	2.546397e+00
2.007442077508897e-02	2.525334e+00
2.007614941852213e-02	2.521478e+00
2.007717700660009e-02	2.520122e+00
2.007811085373863e-02	2.520054e+00
2.007858109968784e-02	2.520604e+00
2.007897749421117e-02	2.521482e+00
2.007936931961013e-02	2.522819e+00
2.007977476304352e-02	2.524786e+00
2.008015487190229e-02	2.527235e+00
2.008043256500058e-02	2.529417e+00
2.008070885031361e-02	2.531932e+00
2.008099242658612e-02	2.534881e+00
2.008132987318022e-02	2.538886e+00
2.008176098039303e-02	2.544794e+00
2.008235908656489e-02	2.554476e+00
2.008329341297453e-02	2.573060e+00
2.008507603947124e-02	2.620007e+00
2.008864129246464e-02	2.755674e+00
2.008974477618175e-02	2.808348e+00
2.009036091429382e-02	2.839832e+00
2.009092242818967e-02	2.869769e+00
2.009150885403806e-02	2.902276e+00
2.009222145002997e-02	2.943453e+00
2.009301363554866e-02	2.991327e+00
2.009400549563956e-02	3.054237e+00
2.009497647361689e-02	3.118536e+00
2.009578691814189e-02	3.173258e+00
2.009668264679580e-02	3.233939e+00
2.009760094957871e-02	3.295897e+00
2.009867436791026e-02	3.367683e+00
2.010032852850029e-02	3.476709e+00
2.010244855190110e-02	3.613636e+00
2.010553344145328e-02	3.807866e+00
2.010990895952326e-02	4.075034e+00
2.011726212828200e-02	4.508202e+00
2.012549350748885e-02	4.976843e+00
2.013061471851904e-02	5.261988e+00
2.013340826423219e-02	5.411939e+00
2.013476242435424e-02	5.479887e+00
2.013560636277608e-02	5.519975e+00
2.013641709349237e-02	5.556615e+00
2.013733836302197e-02	5.596051e+00
2.013831694462352e-02	5.635591e+00
2.013934007272109e-02	5.674626e+00
2.014001546116729e-02	5.699206e+00
2.014068825859948e-02	5.722827e+00
2.014136147513284e-02	5.745651e+00
2.014214425872484e-02	5.771215e+00
2.014311310961230e-02	5.801471e+00
2.014438495863157e-02	5.838968e+00
2.014618570491256e-02	5.887991e+00
2.014903615221297e-02	5.956642e+00
2.015435323418364e-02	6.059573e+00
2.016435323418364e-02	6.187518e+00
2.017435323418364e-02	6.257246e+00
2.018435323418364e-02	6.292330e+00
2.019435323418364e-02	6.308758e+00
2.020435323418364e-02	6.315876e+00
2.021435323418364e-02	6.318714e+00
2.022435323418364e-02	6.319736e+00
2.023435323418364e-02	6.320060e+00
2.024435323418364e-02	6.320147e+00
2.025435323418364e-02	6.320169e+00
2.026435323418364e-02	6.320180e+00
2.027435323418364e-02	6.320192e+00
2.028435323418364e-02	6.320205e+00
2.029435323418364e-02	6.320217e+00
2.030435323418364e-02	6.320228e+00
2.031435323418364e-02	6.320236e+00
2.032435323418364e-02	6.320242e+00
2.033435323418364e-02	6.320246e+00
2.034435323418364e-02	6.320249e+00
2.035435323418364e-02	6.320251e+00
2.036435323418364e-02	6.320253e+00
2.037435323418364e-02	6.320254e+00
2.038435323418364e-02	6.320254e+00
2.039435323418364e-02	6.320255e+00
2.040435323418364e-02	6.320255e+00
2.041435323418364e-02	6.320255e+00
2.042435323418364e-02	6.320255e+00
2.043435323418364e-02	6.320255e+00
2.044435323418364e-02	6.320255e+00
2.045435323418364e-02	6.320255e+00
2.046435323418364e-02	6.320255e+00
2.047435323418364e-02	6.320255e+00
2.048435323418364e-02	6.320255e+00
2.049435323418364e-02	6.320255e+00
2.050435323418364e-02	6.320255e+00
2.051435323418364e-02	6.320255e+00
2.052435323418364e-02	6.320255e+00
2.054435323418364e-02	6.320255e+00
2.057435323418364e-02	6.320255e+00
2.061721037704078e-02	6.320255e+00
2.066006751989792e-02	6.320255e+00
2.070292466275507e-02	6.320255e+00
2.074578180561221e-02	6.320255e+00
2.078863894846935e-02	6.320255e+00
2.083149609132650e-02	6.320255e+00
2.087435323418364e-02	6.320255e+00
2.114578180561221e-02	6.320255e+00
2.141721037704078e-02	6.320255e+00
2.168863894846935e-02	6.320255e+00
2.196006751989793e-02	6.320255e+00
2.223149609132649e-02	6.320255e+00
2.250292466275507e-02	6.320255e+00
2.277435323418364e-02	6.320255e+00
2.849435323418364e-02	6.320255e+00
3.000000000000000e-02	6.320255e+00
3.000010000000000e-02	6.320255e+00
3.000020000000000e-02	6.320255e+00
3.000026370358836e-02	6.320255e+00
3.000032663893245e-02	6.320255e+00
3.000041624652681e-02	6.320255e+00
3.000050280283509e-02	6.320255e+00
3.000063163384813e-02	6.320257e+00
3.000085578774725e-02	6.320257e+00
3.000123324280538e-02	6.320238e+00
3.000161404316900e-02	6.319976e+00
3.000206680883768e-02	6.318833e+00
3.000249082008284e-02	6.316576e+00
3.000301232209470e-02	6.311876e+00
3.000370393684575e-02	6.302108e+00
3.000387291328302e-02	6.299008e+00
3.000421086615756e-02	6.292453e+00
3.000488677190663e-02	6.279411e+00
3.000555132289413e-02	6.266461e+00
3.000631500147425e-02	6.251551e+00
3.000700816510278e-02	6.238029e+00
3.000770388730156e-02	6.224481e+00
3.000845706612846e-02	6.209847e+00
3.000973938257265e-02	6.185009e+00
3.001102890642796e-02	6.160132e+00
3.001265128007865e-02	6.128975e+00
3.001560908536690e-02	6.072576e+00
3.001820893645579e-02	6.023430e+00
3.002054935948042e-02	5.979530e+00
3.002309870529043e-02	5.932077e+00
3.002579852350324e-02	5.882233e+00
3.002892603455315e-02	5.825016e+00
3.003240343646188e-02	5.762048e+00
3.003740570756116e-02	5.672653e+00
3.004314922694051e-02	5.534510e+00
3.004835551164707e-02	5.359780e+00
3.005835551164707e-02	4.925266e+00
3.005960551164707e-02	4.861905e+00
3.006210551164707e-02	4.733579e+00
3.006261851036127e-02	4.707031e+00
3.006364450778968e-02	4.654138e+00
3.006506089888997e-02	4.582043e+00
3.006640326913359e-02	4.515167e+00
3.006877780240488e-02	4.401279e+00
3.007107514512867e-02	4.296899e+00
3.007416406296729e-02	4.165913e+00
3.007839686653641e-02	4.003862e+00
3.008635847991124e-02	3.750598e+00
3.009574848723640e-02	3.527486e+00
3.010574848723640e-02	3.361954e+00
3.011574848723640e-02	3.251887e+00
3.012574848723640e-02	3.180831e+00
3.013574848723640e-02	3.135993e+00
3.014574848723640e-02	3.108241e+00
3.015574848723640e-02	3.091319e+00
3.016574848723640e-02	3.081122e+00
3.017574848723640e-02	3.075033e+00
3.018574848723640e-02	3.071426e+00
3.019574848723640e-02	3.069302e+00
3.020574848723640e-02	3.068059e+00
3.021574848723640e-02	3.067337e+00
3.022574848723640e-02	3.066920e+00
3.023574848723640e-02	3.066683e+00
3.024574848723640e-02	3.066548e+00
3.025574848723640e-02	3.066475e+00
3.026574848723640e-02	3.066437e+00
3.027574848723640e-02	3.066418e+00
3.028574848723640e-02	3.066411e+00
3.029574848723640e-02	3.066410e+00
3.030574848723640e-02	3.066413e+00
3.031574848723640e-02	3.066417e+00
3.032574848723640e-02	3.066422e+00
3.033574848723640e-02	3.066427e+00
3.034574848723640e-02	3.066433e+00
3.035574848723640e-02	3.066438e+00
3.036574848723640e-02	3.066443e+00
3.037574848723640e-02	3.066447e+00
3.038574848723640e-02	3.066451e+00
3.039574848723640e-02	3.066454e+00
3.040574848723640e-02	3.066457e+00
3.041574848723640e-02	3.066460e+00
3.042574848723640e-02	3.066462e+00
3.043574848723640e-02	3.066464e+00
3.044574848723640e-02	3.066465e+00
3.045574848723640e-02	3.066467e+00
3.046574848723640e-02	3.066468e+00
3.047574848723640e-02	3.066469e+00
3.048574848723640e-02	3.066470e+00
3.049574848723640e-02	3.066470e+00
3.050574848723640e-02	3.066471e+00
3.051574848723640e-02	3.066472e+00
3.052574848723640e-02	3.066472e+00
3.053574848723640e-02	3.066473e+00
3.054574848723640e-02	3.066473e+00
3.055574848723640e-02	3.066473e+00
3.056574848723640e-02	3.066473e+00
3.057574848723640e-02	3.066473e+00
3.058574848723640e-02	3.066474e+00
3.059574848723640e-02	3.066474e+00
3.060574848723640e-02	3.066474e+00
3.061574848723640e-02	3.066474e+00
3.062574848723640e-02	3.066474e+00
3.063574848723640e-02	3.066474e+00
3.064574848723640e-02	3.066474e+00
3.065574848723640e-02	3.066474e+00
3.066574848723640e-02	3.066474e+00
3.067574848723640e-02	3.066474e+00
3.068574848723640e-02	3.066474e+00
3.069574848723640e-02	3.066474e+00
3.070574848723640e-02	3.066475e+00
3.071574848723640e-02	3.066474e+00
3.072574848723640e-02	3.066474e+00
3.073574848723640e-02	3.066475e+00
3.074574848723640e-02	3.066475e+00
3.075574848723640e-02	3.066475e+00
3.077574848723640e-02	3.066474e+00
3.079574848723640e-02	3.066475e+00
3.082574848723640e-02	3.066475e+00
3.085574848723640e-02	3.066475e+00
3.088003420152212e-02	3.066475e+00
3.090431991580783e-02	3.066475e+00
3.092860563009354e-02	3.066474e+00
3.095289134437926e-02	3.066474e+00
3.097717705866497e-02	3.066474e+00
3.100146277295069e-02	3.066474e+00
3.102574848723640e-02	3.066474e+00
3.130289134437926e-02	3.066474e+00
3.158003420152212e-02	3.066474e+00
3.185717705866498e-02	3.066474e+00
3.213431991580783e-02	3.066474e+00
3.241146277295068e-02	3.066475e+00
3.268860563009354e-02	3.066475e+00
3.296574848723640e-02	3.066475e+00
3.834574848723640e-02	3.066475e+00
4.000000000000000e-02	3.066475e+00
