time	V(out_pos,out_neg)
0.000000000000000e+00	1.668930e-06
9.142856630514224e-10	1.668930e-06
1.828571326102845e-09	1.668930e-06
2.742856989154267e-09	1.668930e-06
3.657142652205690e-09	1.668930e-06
4.571428315257112e-09	1.668930e-06
5.485713978308534e-09	1.668930e-06
6.399999641359955e-09	1.668930e-06
1.279999928271991e-08	1.430511e-06
2.559999856543982e-08	1.430511e-06
4.454883376390157e-08	1.668930e-06
8.244650416082507e-08	1.430511e-06
9.999999999999989e-08	1.430511e-06
1.275474000290863e-07	1.668930e-06
1.530713440589556e-07	1.668930e-06
1.799071728772071e-07	1.430511e-06
1.999999999999999e-07	1.192093e-06
2.382466640826998e-07	1.192093e-06
2.902903713998708e-07	9.536743e-07
3.943777860342130e-07	9.536743e-07
4.122782524260934e-07	7.152557e-07
4.480791852098542e-07	7.152557e-07
5.196810507773759e-07	7.152557e-07
6.628847819124191e-07	4.768372e-07
9.492922441825057e-07	2.384186e-07
1.367247263265776e-06	2.384186e-07
1.818032855746124e-06	2.384186e-07
2.454642809886864e-06	4.768372e-07
3.242589683199754e-06	7.152557e-07
4.597203878122610e-06	7.152557e-07
7.306432267968325e-06	7.152557e-07
1.272488904765975e-05	4.768372e-07
2.272488904765975e-05	-1.907349e-06
3.272488904765975e-05	-3.814697e-06
4.272488904765975e-05	-5.483627e-06
5.272488904765975e-05	-6.914139e-06
5.397488904765975e-05	-6.914139e-06
5.647488904765975e-05	-7.152557e-06
5.786491713449556e-05	1.549721e-05
5.922794603856580e-05	5.435944e-05
5.994580391618922e-05	8.845329e-05
6.033085233171095e-05	3.664494e-04
6.057195594631143e-05	1.872778e-03
6.079123833829278e-05	4.633904e-03
6.100911417557385e-05	8.804798e-03
6.128356783782502e-05	1.620531e-02
6.162524566162213e-05	2.837181e-02
6.211167308014242e-05	5.018854e-02
6.281430738833379e-05	9.028840e-02
6.382247885344928e-05	1.654418e-01
6.523374616467234e-05	3.013468e-01
6.736865978697943e-05	5.497887e-01
6.938818360578011e-05	8.063169e-01
7.342723124338147e-05	1.263440e+00
7.674388306565530e-05	1.567612e+00
7.988989633141460e-05	1.854987e+00
8.457116611642391e-05	2.284119e+00
8.992504833313933e-05	2.781291e+00
9.262181208457821e-05	3.043962e+00
9.398375201207728e-05	3.194019e+00
9.463456641428165e-05	3.268980e+00
9.493965005649109e-05	3.304250e+00
9.522960607902198e-05	3.337804e+00
9.566463464588219e-05	3.388193e+00
9.640977814768979e-05	3.474596e+00
9.764912023950614e-05	3.618470e+00
1.001278044231388e-04	3.906487e+00
1.050851727904042e-04	4.481574e+00
1.149999095249349e-04	5.559726e+00
1.249999095249349e-04	6.499705e+00
1.349999095249349e-04	7.333794e+00
1.449999095249349e-04	8.012363e+00
1.549999095249349e-04	8.608184e+00
1.649999095249349e-04	9.144350e+00
1.749999095249349e-04	9.409676e+00
1.849999095249349e-04	9.551061e+00
1.949999095249349e-04	9.629901e+00
2.049999095249349e-04	9.672837e+00
2.149999095249349e-04	9.695672e+00
2.249999095249349e-04	9.707252e+00
2.349999095249349e-04	9.713064e+00
2.449999095249349e-04	9.715933e+00
2.549999095249349e-04	9.717337e+00
2.649999095249349e-04	9.718027e+00
2.749999095249349e-04	9.718376e+00
2.849999095249349e-04	9.718561e+00
2.949999095249349e-04	9.718665e+00
3.049999095249349e-04	9.718727e+00
3.149999095249349e-04	9.718767e+00
3.249999095249349e-04	9.718794e+00
3.349999095249349e-04	9.718812e+00
3.449999095249349e-04	9.718824e+00
3.549999095249349e-04	9.718833e+00
3.649999095249349e-04	9.718839e+00
3.749999095249349e-04	9.718843e+00
3.849999095249349e-04	9.718846e+00
3.949999095249349e-04	9.718848e+00
4.049999095249349e-04	9.718849e+00
4.149999095249349e-04	9.718850e+00
4.249999095249349e-04	9.718851e+00
4.349999095249349e-04	9.718851e+00
4.449999095249349e-04	9.718851e+00
4.549999095249349e-04	9.718851e+00
4.649999095249349e-04	9.718852e+00
4.749999095249349e-04	9.718852e+00
4.849999095249349e-04	9.718852e+00
4.949999095249348e-04	9.718852e+00
5.049999095249349e-04	9.718852e+00
5.149999095249349e-04	9.718852e+00
5.249999095249349e-04	9.718852e+00
5.349999095249348e-04	9.718852e+00
5.449999095249349e-04	9.718852e+00
5.549999095249349e-04	9.718852e+00
5.649999095249349e-04	9.718852e+00
5.749999095249348e-04	9.718852e+00
5.849999095249349e-04	9.718852e+00
6.049999095249349e-04	9.718852e+00
6.235713380963635e-04	9.718852e+00
6.421427666677920e-04	9.718852e+00
6.607141952392206e-04	9.718852e+00
6.792856238106491e-04	9.718852e+00
6.978570523820777e-04	9.718852e+00
7.164284809535063e-04	9.718852e+00
7.349999095249348e-04	9.718852e+00
9.674999909524935e-03	9.718852e+00
1.000000000000000e-02	9.718852e+00
1.000010000000000e-02	9.718851e+00
1.000020000000000e-02	9.718845e+00
1.000026798241007e-02	9.718846e+00
1.000033460327242e-02	9.718852e+00
1.000044582519076e-02	9.718870e+00
1.000056469719878e-02	9.718894e+00
1.000074172485480e-02	9.718895e+00
1.000106971289565e-02	9.718579e+00
1.000144774209244e-02	9.712798e+00
1.000194445952068e-02	9.683217e+00
1.000252369014259e-02	9.613847e+00
1.000336038455789e-02	9.449468e+00
1.000452214546206e-02	9.093482e+00
1.000472942168503e-02	9.027924e+00
1.000514397413097e-02	8.909807e+00
1.000597307902286e-02	8.679323e+00
1.000688795183442e-02	8.396818e+00
1.000800528339960e-02	8.087169e+00
1.000904489678650e-02	7.854123e+00
1.001107097682788e-02	7.458318e+00
1.001293099264028e-02	7.134477e+00
1.001665102426506e-02	6.570585e+00
1.002409108751463e-02	5.727678e+00
1.003045686359375e-02	5.172548e+00
1.003649382657142e-02	4.778586e+00
1.004500679912780e-02	4.357951e+00
1.005500679912780e-02	3.932063e+00
1.006500679912780e-02	3.476913e+00
1.007500679912780e-02	3.064379e+00
1.008500679912780e-02	2.676732e+00
1.009500679912780e-02	2.306382e+00
1.010500679912780e-02	1.949678e+00
1.011500679912780e-02	1.604994e+00
1.012500679912780e-02	1.293622e+00
1.013500679912780e-02	1.039885e+00
1.014500679912780e-02	8.323669e-01
1.015500679912780e-02	6.639616e-01
1.016500679912780e-02	5.283351e-01
1.017500679912780e-02	4.197261e-01
1.018500679912780e-02	3.330646e-01
1.019500679912780e-02	2.641349e-01
1.020500679912780e-02	2.093792e-01
1.021500679912780e-02	1.659276e-01
1.022500679912780e-02	1.314695e-01
1.023500679912780e-02	1.041543e-01
1.024500679912780e-02	8.250737e-02
1.025500679912780e-02	6.535459e-02
1.026500679912780e-02	5.176520e-02
1.027500679912780e-02	4.099917e-02
1.028500679912780e-02	3.247070e-02
1.029500679912780e-02	2.571440e-02
1.030500679912780e-02	2.036285e-02
1.031500679912780e-02	1.612401e-02
1.032500679912780e-02	1.276636e-02
1.033500679912780e-02	1.010656e-02
1.034500679912780e-02	8.000135e-03
1.035500679912780e-02	6.331921e-03
1.036500679912780e-02	5.010605e-03
1.037500679912780e-02	3.963947e-03
1.038500679912780e-02	3.134966e-03
1.039500679912780e-02	2.478838e-03
1.040500679912780e-02	1.958847e-03
1.041500679912780e-02	1.547098e-03
1.042500679912780e-02	1.220942e-03
1.043500679912780e-02	9.629726e-04
1.044500679912780e-02	7.584095e-04
1.045500679912780e-02	5.965233e-04
1.046500679912780e-02	4.680157e-04
1.047500679912780e-02	3.664494e-04
1.048500679912780e-02	2.861023e-04
1.049500679912780e-02	2.222061e-04
1.050500679912780e-02	1.718998e-04
1.051500679912780e-02	1.320839e-04
1.052500679912780e-02	1.001358e-04
1.053500679912780e-02	7.510185e-05
1.054500679912780e-02	5.555153e-05
1.055500679912780e-02	3.957748e-05
1.056500679912780e-02	2.741814e-05
1.057500679912780e-02	1.740456e-05
1.058500679912780e-02	9.536743e-06
1.059500679912780e-02	3.337860e-06
1.060500679912780e-02	-1.430511e-06
1.061500679912780e-02	-5.245209e-06
1.062500679912780e-02	-8.344650e-06
1.063500679912780e-02	-1.096725e-05
1.064500679912780e-02	-1.263618e-05
1.065500679912780e-02	-1.430511e-05
1.066500679912780e-02	-1.549721e-05
1.067500679912780e-02	-1.645088e-05
1.068500679912780e-02	-1.716614e-05
1.069500679912780e-02	-1.788139e-05
1.070500679912780e-02	-1.835823e-05
1.071500679912780e-02	-1.859665e-05
1.072500679912780e-02	-1.907349e-05
1.073500679912780e-02	-1.907349e-05
1.074500679912780e-02	-1.955032e-05
1.075500679912780e-02	-1.955032e-05
1.076500679912780e-02	-1.955032e-05
1.077500679912780e-02	-1.978874e-05
1.078500679912780e-02	-1.978874e-05
1.079500679912780e-02	-1.978874e-05
1.080500679912780e-02	-2.002716e-05
1.081500679912780e-02	-1.978874e-05
1.082500679912780e-02	-2.002716e-05
1.083500679912780e-02	-2.002716e-05
1.084500679912780e-02	-2.026558e-05
1.085500679912780e-02	-2.002716e-05
1.086500679912780e-02	-2.002716e-05
1.087500679912780e-02	-2.002716e-05
1.088500679912780e-02	-2.026558e-05
1.089500679912780e-02	-2.002716e-05
1.090500679912780e-02	-2.002716e-05
1.092500679912780e-02	-2.026558e-05
1.094500679912780e-02	-2.002716e-05
1.097500679912780e-02	-2.026558e-05
1.099786394198494e-02	-2.017313e-05
1.102072108484209e-02	-2.010015e-05
1.104357822769923e-02	-2.004662e-05
1.106643537055637e-02	-2.001256e-05
1.108929251341351e-02	-1.999797e-05
1.111214965627066e-02	-2.000283e-05
1.113500679912780e-02	-2.002716e-05
1.143929251341351e-02	-2.002716e-05
1.174357822769923e-02	-2.002716e-05
1.204786394198494e-02	-2.002716e-05
1.235214965627066e-02	-2.002716e-05
1.265643537055637e-02	-2.002716e-05
1.296072108484208e-02	-2.002716e-05
1.326500679912780e-02	-2.002716e-05
1.969500679912780e-02	-2.002716e-05
2.000000000000000e-02	-2.002716e-05
2.000010000000000e-02	-2.026558e-05
2.000020000000000e-02	-2.074242e-05
2.000023125829449e-02	-2.074242e-05
2.000029377488348e-02	-2.050400e-05
2.000030303708708e-02	-2.050400e-05
2.000032156149427e-02	-2.074242e-05
2.000035861030866e-02	-2.050400e-05
2.000043270793745e-02	-2.074242e-05
2.000056752123889e-02	-2.098083e-05
2.000077447596779e-02	-2.098083e-05
2.000116976727081e-02	-2.098083e-05
2.000155602349915e-02	-1.931190e-05
2.000206909091807e-02	-1.955032e-05
2.000274636707941e-02	-2.074242e-05
2.000350172448728e-02	-2.241135e-05
2.000439318262182e-02	-2.360344e-05
2.000538379242111e-02	-2.241135e-05
2.000634971057657e-02	-2.121925e-05
2.000738631693710e-02	-2.074242e-05
2.000843832150403e-02	-2.050400e-05
2.000953599103993e-02	-2.050400e-05
2.001110123435631e-02	-2.074242e-05
2.001385133369168e-02	-2.098083e-05
2.001935153236242e-02	-2.288818e-05
2.002742912692182e-02	-2.455711e-05
2.003742912692182e-02	-2.598763e-05
2.004742912692182e-02	-2.741814e-05
2.004804537067816e-02	-2.741814e-05
2.004927785819086e-02	-2.741814e-05
2.005174283321625e-02	-2.765656e-05
2.005343754508720e-02	7.629395e-06
2.005418008504454e-02	1.280308e-04
2.005457310271646e-02	2.262831e-03
2.005484840550930e-02	6.396055e-03
2.005512193233389e-02	1.286721e-02
2.005543476663865e-02	2.318311e-02
2.005584546172532e-02	4.142785e-02
2.005639145143228e-02	7.370448e-02
2.005714384238060e-02	1.321287e-01
2.005819710769812e-02	2.380941e-01
2.005973183910460e-02	4.294493e-01
2.006144744890962e-02	6.658697e-01
2.006373360754801e-02	9.185662e-01
2.006633892209984e-02	1.156632e+00
2.006916253948866e-02	1.407991e+00
2.007316029541459e-02	1.758659e+00
2.007681215784475e-02	2.082175e+00
2.008024524712147e-02	2.389913e+00
2.008512856770912e-02	2.831385e+00
2.009086262005202e-02	3.357808e+00
2.009366771162038e-02	3.629346e+00
2.009504886604127e-02	3.781398e+00
2.009560664552494e-02	3.845060e+00
2.009590292620951e-02	3.878961e+00
2.009618999893585e-02	3.911841e+00
2.009666499458767e-02	3.966296e+00
2.009745069800419e-02	4.056469e+00
2.009876771623269e-02	4.207791e+00
2.010140175268970e-02	4.510672e+00
2.010666982560370e-02	5.115097e+00
2.011666982560370e-02	6.181084e+00
2.012666982560370e-02	7.032207e+00
2.013666982560370e-02	7.718680e+00
2.014666982560370e-02	8.323403e+00
2.015666982560370e-02	8.879691e+00
2.016666982560370e-02	9.296935e+00
2.017666982560370e-02	9.487560e+00
2.018666982560370e-02	9.594119e+00
2.019666982560370e-02	9.653268e+00
2.020666982560370e-02	9.685145e+00
2.021666982560370e-02	9.701917e+00
2.022666982560370e-02	9.710370e+00
2.023666982560370e-02	9.714591e+00
2.024666982560370e-02	9.716672e+00
2.025666982560370e-02	9.717695e+00
2.026666982560370e-02	9.718205e+00
2.027666982560370e-02	9.718469e+00
2.028666982560370e-02	9.718612e+00
2.029666982560370e-02	9.718695e+00
2.030666982560370e-02	9.718746e+00
2.031666982560370e-02	9.718779e+00
2.032666982560370e-02	9.718803e+00
2.033666982560370e-02	9.718818e+00
2.034666982560370e-02	9.718828e+00
2.035666982560370e-02	9.718836e+00
2.036666982560370e-02	9.718841e+00
2.037666982560370e-02	9.718844e+00
2.038666982560370e-02	9.718847e+00
2.039666982560370e-02	9.718848e+00
2.040666982560370e-02	9.718850e+00
2.041666982560370e-02	9.718851e+00
2.042666982560370e-02	9.718851e+00
2.043666982560370e-02	9.718851e+00
2.044666982560370e-02	9.718851e+00
2.045666982560370e-02	9.718851e+00
2.046666982560370e-02	9.718852e+00
2.047666982560370e-02	9.718852e+00
2.048666982560370e-02	9.718852e+00
2.049666982560370e-02	9.718852e+00
2.050666982560370e-02	9.718852e+00
2.051666982560370e-02	9.718852e+00
2.052666982560370e-02	9.718852e+00
2.053666982560370e-02	9.718852e+00
2.054666982560370e-02	9.718852e+00
2.055666982560370e-02	9.718852e+00
2.056666982560370e-02	9.718852e+00
2.057666982560370e-02	9.718852e+00
2.059666982560370e-02	9.718852e+00
2.062666982560370e-02	9.718852e+00
2.067238411131798e-02	9.718852e+00
2.071809839703227e-02	9.718852e+00
2.076381268274656e-02	9.718852e+00
2.080952696846084e-02	9.718852e+00
2.085524125417513e-02	9.718852e+00
2.090095553988941e-02	9.718852e+00
2.094666982560370e-02	9.718852e+00
2.943666982560370e-02	9.718852e+00
3.000000000000000e-02	9.718852e+00
3.000010000000000e-02	9.718851e+00
3.000020000000000e-02	9.718845e+00
3.000026801127883e-02	9.718846e+00
3.000033498949945e-02	9.718852e+00
3.000044595035602e-02	9.718870e+00
3.000056476313874e-02	9.718894e+00
3.000074100702763e-02	9.718896e+00
3.000106686595127e-02	9.718584e+00
3.000144480327737e-02	9.712935e+00
3.000194292250979e-02	9.683468e+00
3.000252109812716e-02	9.614428e+00
3.000335681264769e-02	9.450641e+00
3.000451511345495e-02	9.095846e+00
3.000472389003361e-02	9.029619e+00
3.000514144319093e-02	8.910559e+00
3.000597654950556e-02	8.678425e+00
3.000688470126309e-02	8.397963e+00
3.000799934429647e-02	8.088662e+00
3.000903853899041e-02	7.855473e+00
3.001104416503219e-02	7.463257e+00
3.001289706374627e-02	7.140140e+00
3.001660286117442e-02	6.577255e+00
3.002401445603073e-02	5.735394e+00
3.003037688191110e-02	5.178389e+00
3.003641735789459e-02	4.783040e+00
3.004508916101526e-02	4.354371e+00
3.005508916101526e-02	3.927863e+00
3.006508916101527e-02	3.473132e+00
3.007508916101527e-02	3.060855e+00
3.008508916101527e-02	2.673389e+00
3.009508916101527e-02	2.303178e+00
3.010508916101527e-02	1.946588e+00
3.011508916101526e-02	1.602008e+00
3.012508916101526e-02	1.291155e+00
3.013508916101526e-02	1.037864e+00
3.014508916101527e-02	8.307207e-01
3.015508916101527e-02	6.626315e-01
3.016508916101527e-02	5.272675e-01
3.017508916101527e-02	4.188731e-01
3.018508916101527e-02	3.323853e-01
3.019508916101526e-02	2.635949e-01
3.020508916101526e-02	2.089505e-01
3.021508916101526e-02	1.655877e-01
3.022508916101526e-02	1.312001e-01
3.023508916101527e-02	1.039407e-01
3.024508916101527e-02	8.233809e-02
3.025508916101527e-02	6.522083e-02
3.026508916101527e-02	5.165887e-02
3.027508916101527e-02	4.091501e-02
3.028508916101526e-02	3.240395e-02
3.029508916101526e-02	2.566171e-02
3.030508916101526e-02	2.032113e-02
3.031508916101527e-02	1.609087e-02
3.032508916101527e-02	1.274014e-02
3.033508916101527e-02	1.008582e-02
3.034508916101527e-02	7.983923e-03
3.035508916101527e-02	6.318808e-03
3.036508916101526e-02	5.000114e-03
3.037508916101526e-02	3.955841e-03
3.038508916101526e-02	3.128529e-03
3.039508916101526e-02	2.473593e-03
3.040508916101527e-02	1.954794e-03
3.041508916101527e-02	1.543999e-03
3.042508916101527e-02	1.218557e-03
3.043508916101527e-02	9.608269e-04
3.044508916101527e-02	7.567406e-04
3.045508916101526e-02	5.950928e-04
3.046508916101526e-02	4.670620e-04
3.047508916101526e-02	3.657341e-04
3.048508916101526e-02	2.853870e-04
3.049508916101527e-02	2.217293e-04
3.050508916101527e-02	1.716614e-04
3.051508916101527e-02	1.316071e-04
3.052508916101527e-02	1.001358e-04
3.053508916101526e-02	7.510185e-05
3.054508916101526e-02	5.507469e-05
3.055508916101526e-02	3.957748e-05
3.056508916101526e-02	2.717972e-05
3.057508916101527e-02	1.740456e-05
3.058508916101527e-02	9.536743e-06
3.059508916101527e-02	3.337860e-06
3.060508916101527e-02	-1.430511e-06
3.061508916101527e-02	-5.245209e-06
3.062508916101526e-02	-8.344650e-06
3.063508916101526e-02	-1.096725e-05
3.064508916101526e-02	-1.263618e-05
3.065508916101526e-02	-1.430511e-05
3.066508916101527e-02	-1.549721e-05
3.067508916101527e-02	-1.645088e-05
3.068508916101527e-02	-1.716614e-05
3.069508916101527e-02	-1.788139e-05
3.070508916101527e-02	-1.835823e-05
3.071508916101526e-02	-1.859665e-05
3.072508916101526e-02	-1.907349e-05
3.073508916101526e-02	-1.907349e-05
3.074508916101527e-02	-1.955032e-05
3.075508916101527e-02	-1.955032e-05
3.076508916101527e-02	-1.955032e-05
3.077508916101527e-02	-1.978874e-05
3.078508916101527e-02	-1.978874e-05
3.079508916101526e-02	-1.978874e-05
3.080508916101526e-02	-2.002716e-05
3.081508916101526e-02	-1.978874e-05
3.082508916101526e-02	-2.002716e-05
3.083508916101527e-02	-2.002716e-05
3.084508916101527e-02	-2.026558e-05
3.085508916101527e-02	-2.002716e-05
3.086508916101527e-02	-2.002716e-05
3.087508916101527e-02	-2.002716e-05
3.088508916101526e-02	-2.026558e-05
3.089508916101526e-02	-2.002716e-05
3.090508916101526e-02	-2.002716e-05
3.092508916101527e-02	-2.026558e-05
3.094508916101527e-02	-2.002716e-05
3.097508916101526e-02	-2.026558e-05
3.099794630387241e-02	-2.017313e-05
3.102080344672955e-02	-2.010015e-05
3.104366058958669e-02	-2.004662e-05
3.106651773244384e-02	-2.001256e-05
3.108937487530098e-02	-1.999797e-05
3.111223201815812e-02	-2.000283e-05
3.113508916101526e-02	-2.002716e-05
3.143937487530098e-02	-2.002716e-05
3.174366058958669e-02	-2.002716e-05
3.204794630387241e-02	-2.002716e-05
3.235223201815812e-02	-2.002716e-05
3.265651773244384e-02	-2.002716e-05
3.296080344672955e-02	-2.002716e-05
3.326508916101527e-02	-2.002716e-05
3.945508916101526e-02	-2.002716e-05
4.000000000000000e-02	-2.002716e-05
