time	V(out_pos,out_neg)
0.000000000000000e+00	1.668930e-06
9.142856630514224e-10	1.576482e-06
1.828571326102845e-09	1.503497e-06
2.742856989154267e-09	1.449974e-06
3.657142652205690e-09	1.415914e-06
4.571428315257112e-09	1.401317e-06
5.485713978308534e-09	1.406183e-06
6.399999641359955e-09	1.430511e-06
1.279999928271991e-08	1.668930e-06
2.559999856543982e-08	1.907349e-06
4.458359429220679e-08	2.384186e-06
8.255078574574075e-08	3.337860e-06
9.999999999999989e-08	3.814697e-06
1.274311176078974e-07	4.291534e-06
1.528686531605203e-07	1.430511e-06
1.796546681632003e-07	-4.291534e-06
1.999999999999999e-07	-9.298325e-06
2.365414997572012e-07	-1.645088e-05
2.868450934863107e-07	-2.217293e-05
3.726715588944587e-07	-2.384186e-05
3.834319903818814e-07	-2.360344e-05
4.049528533567269e-07	-2.360344e-05
4.479945793064178e-07	-2.336502e-05
5.340780312057997e-07	-2.264977e-05
6.739426094395178e-07	-2.193451e-05
9.536717659069541e-07	-1.955032e-05
1.360775445295011e-06	-1.358986e-05
1.828285931581230e-06	-7.629395e-06
2.253662112076508e-06	1.263618e-05
2.582337370526135e-06	8.583069e-06
2.822300574986276e-06	4.386902e-05
3.046371825865097e-06	6.771088e-05
3.288803443846609e-06	6.484985e-05
3.529945863354692e-06	6.413460e-05
4.012230702370859e-06	6.031990e-05
4.397173778496005e-06	2.121925e-05
4.863285108156700e-06	-5.006790e-06
5.248804500164658e-06	7.390976e-06
5.740345608099002e-06	7.867813e-06
6.723427823967691e-06	7.867813e-06
8.689592255705068e-06	7.629395e-06
1.262192111917982e-05	7.629395e-06
1.964444847770594e-05	6.198883e-06
2.880658294353196e-05	4.529953e-06
3.880658294353196e-05	3.099442e-06
4.880658294353196e-05	1.430511e-06
5.880658294353196e-05	4.768372e-07
6.880658294353195e-05	-7.152557e-07
7.373745273123464e-05	4.816055e-05
7.600175056963866e-05	6.411791e-03
7.723579866660190e-05	3.055310e-02
7.847678053710389e-05	6.980920e-02
7.977485840360525e-05	1.229718e-01
8.180915307020124e-05	2.245083e-01
8.516768799965195e-05	3.978314e-01
8.967158004435508e-05	5.743251e-01
9.422606233120171e-05	7.616910e-01
9.942815115414572e-05	9.859507e-01
1.024037127498764e-04	1.120609e+00
1.053121903960185e-04	1.257943e+00
1.090009226546084e-04	1.438336e+00
1.126713615971719e-04	1.622476e+00
1.148141612061508e-04	1.722258e+00
1.180302978774160e-04	1.832960e+00
1.201523606223465e-04	1.897775e+00
1.227375360071511e-04	1.972068e+00
1.252661716539820e-04	2.041758e+00
1.277902654567428e-04	2.109794e+00
1.298973153770140e-04	2.165074e+00
1.312345535920222e-04	2.199039e+00
1.325427814447193e-04	2.231284e+00
1.342086189249009e-04	2.270889e+00
1.366735002368412e-04	2.326512e+00
1.405742504203723e-04	2.407563e+00
1.477863191539273e-04	2.537016e+00
1.577863191539273e-04	2.679321e+00
1.677863191539273e-04	2.786474e+00
1.777863191539273e-04	2.866268e+00
1.877863191539273e-04	2.925214e+00
1.977863191539273e-04	2.968484e+00
2.077863191539273e-04	3.000096e+00
2.177863191539273e-04	3.023109e+00
2.277863191539273e-04	3.039820e+00
2.377863191539273e-04	3.051930e+00
2.477863191539273e-04	3.060694e+00
2.577863191539273e-04	3.067030e+00
2.677863191539273e-04	3.071607e+00
2.777863191539273e-04	3.074911e+00
2.877863191539273e-04	3.077296e+00
2.977863191539273e-04	3.079017e+00
3.077863191539273e-04	3.080258e+00
3.177863191539273e-04	3.081153e+00
3.277863191539273e-04	3.081799e+00
3.377863191539273e-04	3.082264e+00
3.477863191539273e-04	3.082600e+00
3.577863191539273e-04	3.082842e+00
3.677863191539273e-04	3.083016e+00
3.777863191539273e-04	3.083142e+00
3.877863191539273e-04	3.083233e+00
3.977863191539273e-04	3.083298e+00
4.077863191539273e-04	3.083345e+00
4.177863191539273e-04	3.083379e+00
4.277863191539273e-04	3.083404e+00
4.377863191539273e-04	3.083422e+00
4.477863191539273e-04	3.083434e+00
4.577863191539273e-04	3.083443e+00
4.677863191539273e-04	3.083450e+00
4.777863191539273e-04	3.083455e+00
4.877863191539273e-04	3.083458e+00
4.977863191539273e-04	3.083461e+00
5.077863191539273e-04	3.083463e+00
5.177863191539273e-04	3.083464e+00
5.277863191539273e-04	3.083465e+00
5.377863191539273e-04	3.083465e+00
5.477863191539273e-04	3.083466e+00
5.577863191539272e-04	3.083466e+00
5.677863191539273e-04	3.083466e+00
5.777863191539273e-04	3.083467e+00
5.877863191539273e-04	3.083467e+00
5.977863191539272e-04	3.083467e+00
6.077863191539273e-04	3.083467e+00
6.177863191539273e-04	3.083467e+00
6.277863191539273e-04	3.083467e+00
6.377863191539272e-04	3.083467e+00
6.477863191539273e-04	3.083467e+00
6.577863191539273e-04	3.083467e+00
6.677863191539273e-04	3.083467e+00
6.777863191539272e-04	3.083467e+00
6.877863191539273e-04	3.083467e+00
6.977863191539273e-04	3.083467e+00
7.077863191539273e-04	3.083467e+00
7.177863191539272e-04	3.083467e+00
7.377863191539273e-04	3.083467e+00
7.677863191539273e-04	3.083467e+00
7.977863191539272e-04	3.083467e+00
8.277863191539273e-04	3.083467e+00
8.577863191539273e-04	3.083467e+00
8.877863191539272e-04	3.083467e+00
9.177863191539273e-04	3.083467e+00
9.477863191539273e-04	3.083467e+00
9.777863191539273e-04	3.083467e+00
1.640643462011070e-03	3.083467e+00
2.303500604868214e-03	3.083467e+00
2.966357747725357e-03	3.083467e+00
3.629214890582500e-03	3.083467e+00
4.292072033439643e-03	3.083467e+00
4.954929176296786e-03	3.083467e+00
5.617786319153927e-03	3.083467e+00
9.647786319153926e-03	3.083467e+00
1.000000000000000e-02	3.083467e+00
1.000010000000000e-02	3.083467e+00
1.000020000000000e-02	3.083472e+00
1.000026764309396e-02	3.083476e+00
1.000033479116622e-02	3.083481e+00
1.000043914955952e-02	3.083488e+00
1.000064786634612e-02	3.083498e+00
1.000090241179595e-02	3.083495e+00
1.000133894109567e-02	3.082595e+00
1.000177154962759e-02	3.077189e+00
1.000232531244929e-02	3.064853e+00
1.000313288022306e-02	3.037901e+00
1.000397045211221e-02	2.992657e+00
1.000509044155880e-02	2.972446e+00
1.000622619197103e-02	2.962617e+00
1.000740418656629e-02	2.952195e+00
1.000862149764243e-02	2.941372e+00
1.000972120450431e-02	2.931600e+00
1.001127100663360e-02	2.917871e+00
1.001394609374314e-02	2.894317e+00
1.001922924621921e-02	2.848349e+00
1.002664699936318e-02	2.785030e+00
1.003664699936318e-02	2.701870e+00
1.004664699936318e-02	2.621190e+00
1.005664699936318e-02	2.833214e+00
1.006664699936318e-02	3.432591e+00
1.007080515855874e-02	3.751488e+00
1.007466357199493e-02	4.064219e+00
1.007833025589813e-02	4.364951e+00
1.008240814119793e-02	4.700340e+00
1.008655448604406e-02	5.030871e+00
1.009045218109935e-02	5.250646e+00
1.009430306160075e-02	5.404741e+00
1.009806880462555e-02	5.520544e+00
1.010166657989079e-02	5.611791e+00
1.010533616538018e-02	5.694117e+00
1.010832328985463e-02	5.755733e+00
1.010985347032572e-02	5.784780e+00
1.011135969626784e-02	5.811731e+00
1.011303330416832e-02	5.839863e+00
1.011555224665912e-02	5.878854e+00
1.011934584247753e-02	5.930747e+00
1.012563340382481e-02	6.001636e+00
1.013563340382482e-02	6.084787e+00
1.014563340382481e-02	6.141105e+00
1.015563340382481e-02	6.178703e+00
1.016563340382481e-02	6.203594e+00
1.017563340382482e-02	6.220002e+00
1.018563340382482e-02	6.230801e+00
1.019563340382481e-02	6.237911e+00
1.020563340382481e-02	6.242602e+00
1.021563340382481e-02	6.245708e+00
1.022563340382482e-02	6.247777e+00
1.023563340382481e-02	6.249164e+00
1.024563340382481e-02	6.250105e+00
1.025563340382481e-02	6.250753e+00
1.026563340382482e-02	6.251208e+00
1.027563340382481e-02	6.251533e+00
1.028563340382481e-02	6.251775e+00
1.029563340382481e-02	6.251959e+00
1.030563340382482e-02	6.252105e+00
1.031563340382482e-02	6.252225e+00
1.032563340382481e-02	6.252324e+00
1.033563340382481e-02	6.252405e+00
1.034563340382482e-02	6.252474e+00
1.035563340382482e-02	6.252532e+00
1.036563340382481e-02	6.252580e+00
1.037563340382481e-02	6.252622e+00
1.038563340382481e-02	6.252657e+00
1.039563340382482e-02	6.252686e+00
1.040563340382481e-02	6.252710e+00
1.041563340382481e-02	6.252731e+00
1.042563340382481e-02	6.252748e+00
1.043563340382482e-02	6.252762e+00
1.044563340382481e-02	6.252773e+00
1.045563340382481e-02	6.252783e+00
1.046563340382481e-02	6.252791e+00
1.047563340382482e-02	6.252798e+00
1.048563340382482e-02	6.252804e+00
1.049563340382481e-02	6.252808e+00
1.050563340382481e-02	6.252811e+00
1.051563340382482e-02	6.252814e+00
1.052563340382482e-02	6.252816e+00
1.053563340382481e-02	6.252818e+00
1.054563340382481e-02	6.252820e+00
1.055563340382481e-02	6.252821e+00
1.056563340382482e-02	6.252821e+00
1.057563340382481e-02	6.252823e+00
1.058563340382481e-02	6.252824e+00
1.059563340382481e-02	6.252824e+00
1.060563340382482e-02	6.252824e+00
1.061563340382481e-02	6.252825e+00
1.062563340382481e-02	6.252825e+00
1.063563340382481e-02	6.252825e+00
1.064563340382482e-02	6.252825e+00
1.065563340382482e-02	6.252826e+00
1.066563340382481e-02	6.252826e+00
1.067563340382481e-02	6.252826e+00
1.068563340382481e-02	6.252827e+00
1.069563340382482e-02	6.252826e+00
1.070563340382481e-02	6.252826e+00
1.071563340382481e-02	6.252826e+00
1.072563340382481e-02	6.252827e+00
1.073563340382482e-02	6.252826e+00
1.074563340382481e-02	6.252826e+00
1.075563340382481e-02	6.252826e+00
1.076563340382481e-02	6.252826e+00
1.077563340382482e-02	6.252827e+00
1.078563340382481e-02	6.252827e+00
1.079563340382481e-02	6.252827e+00
1.080563340382481e-02	6.252827e+00
1.081563340382482e-02	6.252827e+00
1.083563340382481e-02	6.252826e+00
1.085563340382481e-02	6.252826e+00
1.088563340382481e-02	6.252826e+00
1.090706197525339e-02	6.252827e+00
1.092849054668196e-02	6.252827e+00
1.094991911811053e-02	6.252827e+00
1.097134768953910e-02	6.252827e+00
1.099277626096767e-02	6.252827e+00
1.101420483239624e-02	6.252827e+00
1.103563340382482e-02	6.252827e+00
1.115420483239624e-02	6.252827e+00
1.127277626096767e-02	6.252826e+00
1.139134768953910e-02	6.252826e+00
1.150991911811053e-02	6.252826e+00
1.162849054668196e-02	6.252827e+00
1.174706197525339e-02	6.252827e+00
1.186563340382481e-02	6.252827e+00
1.219991911811053e-02	6.252827e+00
1.253420483239624e-02	6.252827e+00
1.286849054668196e-02	6.252827e+00
1.320277626096767e-02	6.252827e+00
1.353706197525339e-02	6.252827e+00
1.387134768953910e-02	6.252827e+00
1.420563340382481e-02	6.252827e+00
1.958563340382482e-02	6.252827e+00
2.000000000000000e-02	6.252827e+00
2.000010000000000e-02	6.252827e+00
2.000020000000000e-02	6.252820e+00
2.000026750174181e-02	6.252813e+00
2.000033414405030e-02	6.252806e+00
2.000043908225696e-02	6.252793e+00
2.000053549981315e-02	6.252779e+00
2.000070760262785e-02	6.252739e+00
2.000092058968576e-02	6.252645e+00
2.000112273547132e-02	6.252497e+00
2.000144030629022e-02	6.249815e+00
2.000191070430123e-02	6.233046e+00
2.000248663191025e-02	6.186515e+00
2.000337197266536e-02	6.085543e+00
2.000423758653963e-02	6.036673e+00
2.000531700817518e-02	6.017888e+00
2.000631623490349e-02	5.999982e+00
2.000740748158570e-02	5.980261e+00
2.000859345007004e-02	5.958863e+00
2.000970949265235e-02	5.938762e+00
2.001129266632437e-02	5.910344e+00
2.001318851268197e-02	5.876468e+00
2.001398254493514e-02	5.861257e+00
2.001440499583022e-02	5.847092e+00
2.001472721502164e-02	5.826861e+00
2.001505201870361e-02	5.796569e+00
2.001557056789931e-02	5.734597e+00
2.001614203374941e-02	5.663836e+00
2.001673140315667e-02	5.593838e+00
2.001791014197118e-02	5.465027e+00
2.001903739780901e-02	5.357499e+00
2.002085589197043e-02	5.212676e+00
2.002279151835691e-02	5.082967e+00
2.002531752411599e-02	4.912515e+00
2.002821603535948e-02	4.762723e+00
2.003107319678348e-02	4.658896e+00
2.003416425737143e-02	4.562489e+00
2.003800158875331e-02	4.453922e+00
2.004459075302658e-02	4.293892e+00
2.005459075302658e-02	4.100864e+00
2.006459075302658e-02	3.952129e+00
2.007082534586869e-02	3.872077e+00
2.007703576916340e-02	3.742818e+00
2.007934313172698e-02	3.690659e+00
2.008041184456356e-02	3.666338e+00
2.008142532648819e-02	3.643108e+00
2.008345229033744e-02	3.597606e+00
2.008721178309072e-02	3.533570e+00
2.009007450108364e-02	3.487186e+00
2.009283211954811e-02	3.450123e+00
2.009656741388469e-02	3.407150e+00
2.010403800255783e-02	3.337154e+00
2.011403800255783e-02	3.266337e+00
2.012403800255783e-02	3.214896e+00
2.013403800255783e-02	3.177804e+00
2.014403800255783e-02	3.151170e+00
2.015403800255783e-02	3.132065e+00
2.016403800255783e-02	3.118365e+00
2.017403800255783e-02	3.108539e+00
2.018403800255783e-02	3.101487e+00
2.019403800255783e-02	3.096424e+00
2.020403800255783e-02	3.092786e+00
2.021403800255783e-02	3.090172e+00
2.022403800255783e-02	3.088292e+00
2.023403800255783e-02	3.086940e+00
2.024403800255783e-02	3.085967e+00
2.025403800255783e-02	3.085267e+00
2.026403800255783e-02	3.084763e+00
2.027403800255783e-02	3.084400e+00
2.028403800255783e-02	3.084140e+00
2.029403800255783e-02	3.083951e+00
2.030403800255783e-02	3.083816e+00
2.031403800255783e-02	3.083718e+00
2.032403800255783e-02	3.083648e+00
2.033403800255783e-02	3.083598e+00
2.034403800255783e-02	3.083561e+00
2.035403800255783e-02	3.083535e+00
2.036403800255783e-02	3.083516e+00
2.037403800255783e-02	3.083502e+00
2.038403800255783e-02	3.083493e+00
2.039403800255783e-02	3.083485e+00
2.040403800255783e-02	3.083480e+00
2.041403800255783e-02	3.083477e+00
2.042403800255783e-02	3.083474e+00
2.043403800255783e-02	3.083472e+00
2.044403800255783e-02	3.083471e+00
2.045403800255783e-02	3.083470e+00
2.046403800255783e-02	3.083469e+00
2.047403800255783e-02	3.083468e+00
2.048403800255783e-02	3.083468e+00
2.049403800255783e-02	3.083468e+00
2.050403800255783e-02	3.083468e+00
2.051403800255783e-02	3.083467e+00
2.052403800255783e-02	3.083467e+00
2.053403800255783e-02	3.083467e+00
2.054403800255783e-02	3.083467e+00
2.055403800255783e-02	3.083467e+00
2.056403800255783e-02	3.083467e+00
2.057403800255783e-02	3.083467e+00
2.058403800255783e-02	3.083467e+00
2.059403800255783e-02	3.083467e+00
2.060403800255783e-02	3.083467e+00
2.061403800255783e-02	3.083467e+00
2.062403800255783e-02	3.083467e+00
2.063403800255783e-02	3.083467e+00
2.064403800255783e-02	3.083467e+00
2.066403800255783e-02	3.083467e+00
2.069403800255783e-02	3.083467e+00
2.072260943112926e-02	3.083467e+00
2.075118085970069e-02	3.083467e+00
2.077975228827212e-02	3.083467e+00
2.080832371684354e-02	3.083467e+00
2.083689514541497e-02	3.083467e+00
2.086546657398640e-02	3.083467e+00
2.089403800255783e-02	3.083467e+00
2.118546657398640e-02	3.083467e+00
2.147689514541497e-02	3.083467e+00
2.176832371684354e-02	3.083467e+00
2.205975228827212e-02	3.083467e+00
2.235118085970069e-02	3.083467e+00
2.264260943112926e-02	3.083467e+00
2.293403800255783e-02	3.083467e+00
2.941403800255783e-02	3.083467e+00
3.000000000000000e-02	3.083467e+00
3.000010000000000e-02	3.083467e+00
3.000020000000000e-02	3.083471e+00
3.000022256399319e-02	3.083473e+00
3.000026769197955e-02	3.083476e+00
3.000033812834003e-02	3.083481e+00
3.000046323734355e-02	3.083490e+00
3.000064996802105e-02	3.083498e+00
3.000090804431363e-02	3.083493e+00
3.000130416199389e-02	3.082855e+00
3.000173757254406e-02	3.077932e+00
3.000228526551911e-02	3.066220e+00
3.000307657256693e-02	3.040774e+00
3.000389176259452e-02	2.999003e+00
3.000504248579515e-02	2.973166e+00
3.000623718540131e-02	2.962896e+00
3.000739499241080e-02	2.952672e+00
3.000849721205703e-02	2.942873e+00
3.000959634408724e-02	2.933103e+00
3.001106302237042e-02	2.920104e+00
3.001365164597362e-02	2.897291e+00
3.001882889318002e-02	2.852192e+00
3.002587181922842e-02	2.791958e+00
3.003587181922842e-02	2.708593e+00
3.004587181922842e-02	2.627712e+00
3.005587181922842e-02	2.798654e+00
3.006587181922842e-02	3.370390e+00
3.007005965738655e-02	3.684514e+00
3.007401951519679e-02	4.002966e+00
3.007701539563338e-02	4.247984e+00
3.008032454823192e-02	4.519778e+00
3.008694285342899e-02	5.047101e+00
3.009135609005124e-02	5.282859e+00
3.009591339241904e-02	5.450485e+00
3.009908463537247e-02	5.541602e+00
3.010276777507954e-02	5.631700e+00
3.010616270743285e-02	5.706500e+00
3.010880344515360e-02	5.760252e+00
3.011025413330255e-02	5.787565e+00
3.011167741631302e-02	5.812915e+00
3.011342304576562e-02	5.842137e+00
3.011606143956118e-02	5.882660e+00
3.011998714972073e-02	5.935687e+00
3.012654698198965e-02	6.008187e+00
3.013654698198965e-02	6.089229e+00
3.014654698198965e-02	6.144073e+00
3.015654698198965e-02	6.180670e+00
3.016654698198965e-02	6.204892e+00
3.017654698198965e-02	6.220857e+00
3.018654698198965e-02	6.231365e+00
3.019654698198965e-02	6.238284e+00
3.020654698198965e-02	6.242850e+00
3.021654698198965e-02	6.245873e+00
3.022654698198965e-02	6.247888e+00
3.023654698198965e-02	6.249241e+00
3.024654698198965e-02	6.250159e+00
3.025654698198965e-02	6.250791e+00
3.026654698198965e-02	6.251235e+00
3.027654698198965e-02	6.251554e+00
3.028654698198965e-02	6.251791e+00
3.029654698198965e-02	6.251973e+00
3.030654698198965e-02	6.252117e+00
3.031654698198965e-02	6.252235e+00
3.032654698198965e-02	6.252331e+00
3.033654698198965e-02	6.252412e+00
3.034654698198965e-02	6.252480e+00
3.035654698198965e-02	6.252537e+00
3.036654698198965e-02	6.252585e+00
3.037654698198965e-02	6.252625e+00
3.038654698198965e-02	6.252660e+00
3.039654698198965e-02	6.252688e+00
3.040654698198965e-02	6.252712e+00
3.041654698198965e-02	6.252732e+00
3.042654698198965e-02	6.252749e+00
3.043654698198965e-02	6.252763e+00
3.044654698198965e-02	6.252775e+00
3.045654698198965e-02	6.252784e+00
3.046654698198965e-02	6.252791e+00
3.047654698198965e-02	6.252798e+00
3.048654698198965e-02	6.252803e+00
3.049654698198965e-02	6.252807e+00
3.050654698198965e-02	6.252811e+00
3.051654698198965e-02	6.252815e+00
3.052654698198965e-02	6.252816e+00
3.053654698198965e-02	6.252818e+00
3.054654698198965e-02	6.252820e+00
3.055654698198965e-02	6.252821e+00
3.056654698198965e-02	6.252822e+00
3.057654698198965e-02	6.252823e+00
3.058654698198965e-02	6.252823e+00
3.059654698198965e-02	6.252824e+00
3.060654698198965e-02	6.252824e+00
3.061654698198965e-02	6.252825e+00
3.062654698198965e-02	6.252825e+00
3.063654698198965e-02	6.252825e+00
3.064654698198965e-02	6.252825e+00
3.065654698198965e-02	6.252826e+00
3.066654698198965e-02	6.252826e+00
3.067654698198965e-02	6.252826e+00
3.068654698198965e-02	6.252827e+00
3.069654698198965e-02	6.252826e+00
3.070654698198965e-02	6.252826e+00
3.071654698198965e-02	6.252827e+00
3.072654698198965e-02	6.252827e+00
3.073654698198965e-02	6.252826e+00
3.074654698198965e-02	6.252826e+00
3.075654698198965e-02	6.252826e+00
3.076654698198965e-02	6.252826e+00
3.077654698198965e-02	6.252827e+00
3.078654698198965e-02	6.252827e+00
3.079654698198965e-02	6.252827e+00
3.080654698198965e-02	6.252827e+00
3.081654698198965e-02	6.252827e+00
3.083654698198965e-02	6.252826e+00
3.085654698198965e-02	6.252826e+00
3.088654698198965e-02	6.252826e+00
3.090797555341822e-02	6.252827e+00
3.092940412484679e-02	6.252827e+00
3.095083269627536e-02	6.252827e+00
3.097226126770393e-02	6.252827e+00
3.099368983913250e-02	6.252827e+00
3.101511841056108e-02	6.252827e+00
3.103654698198965e-02	6.252827e+00
3.115511841056108e-02	6.252827e+00
3.127368983913251e-02	6.252826e+00
3.139226126770393e-02	6.252826e+00
3.151083269627537e-02	6.252826e+00
3.162940412484679e-02	6.252827e+00
3.174797555341823e-02	6.252827e+00
3.186654698198965e-02	6.252827e+00
3.220083269627536e-02	6.252827e+00
3.253511841056108e-02	6.252827e+00
3.286940412484679e-02	6.252827e+00
3.320368983913251e-02	6.252827e+00
3.353797555341822e-02	6.252827e+00
3.387226126770394e-02	6.252827e+00
3.420654698198965e-02	6.252827e+00
3.934654698198965e-02	6.252827e+00
4.000000000000000e-02	6.252827e+00
