time	V(out_pos,out_neg)
0.000000000000000e+00	1.668930e-06
9.142856630514224e-10	1.668930e-06
1.828571326102845e-09	1.668930e-06
2.742856989154267e-09	1.668930e-06
3.657142652205690e-09	1.668930e-06
4.571428315257112e-09	1.668930e-06
5.485713978308534e-09	1.668930e-06
6.399999641359955e-09	1.668930e-06
1.279999928271991e-08	1.668930e-06
2.559999856543982e-08	1.668930e-06
4.455039705003501e-08	1.907349e-06
8.245119401922540e-08	2.622604e-06
9.999999999999989e-08	3.099442e-06
1.274563658938390e-07	3.337860e-06
1.529158641070075e-07	1.668930e-06
1.797208035988581e-07	-2.622604e-06
1.999999999999999e-07	-5.483627e-06
2.366144419747021e-07	-1.049042e-05
2.868762887553425e-07	-1.430511e-05
3.733989533116424e-07	-1.549721e-05
3.842472018534030e-07	-1.525879e-05
4.059436989369242e-07	-1.525879e-05
4.493366931039666e-07	-1.525879e-05
5.361226814380513e-07	-1.502037e-05
7.096946581062208e-07	-1.478195e-05
1.056838611442560e-06	-1.406670e-05
1.475000539804985e-06	-1.311302e-05
1.988466376171076e-06	-1.192093e-05
2.649944789909760e-06	-1.049042e-05
3.194308330681657e-06	5.483627e-06
3.687836587459144e-06	2.312660e-05
4.223245964391146e-06	2.574921e-05
4.745179964447713e-06	1.692772e-05
5.248521766910531e-06	-4.768372e-07
5.637276495074125e-06	2.145767e-06
6.062260061626368e-06	1.907349e-06
6.912227194730856e-06	2.145767e-06
8.159217327025656e-06	1.907349e-06
1.065319759161526e-05	2.145767e-06
1.564115812079446e-05	1.668930e-06
2.420232193124801e-05	-4.768372e-07
3.420232193124801e-05	-1.907349e-06
4.420232193124801e-05	-3.099442e-06
5.420232193124801e-05	-4.291534e-06
5.913286243187640e-05	-5.006790e-06
6.173160650891935e-05	4.196167e-05
6.293454550186286e-05	4.079342e-04
6.351941953582195e-05	5.859852e-03
6.396995031534996e-05	1.587439e-02
6.443717732981739e-05	3.151059e-02
6.498307491414363e-05	5.587006e-02
6.575130543963660e-05	1.001110e-01
6.663913384822266e-05	1.500001e-01
6.777854475218498e-05	2.020822e-01
6.932323981029211e-05	2.739069e-01
7.085221764577921e-05	3.484998e-01
7.293723286157240e-05	4.552031e-01
7.463555857316838e-05	5.460958e-01
7.632016174772637e-05	6.405706e-01
7.879374279507279e-05	7.854943e-01
8.119187779725689e-05	9.327507e-01
8.369992426940174e-05	1.094915e+00
8.540065036802295e-05	1.213783e+00
8.647411218677488e-05	1.301905e+00
8.717622942671121e-05	1.367962e+00
8.740525945307737e-05	1.390291e+00
8.762707930880284e-05	1.411923e+00
8.783126789668150e-05	1.431922e+00
8.815132564104910e-05	1.463425e+00
8.863789926615287e-05	1.511632e+00
8.941100761914356e-05	1.588921e+00
9.087654658785617e-05	1.737479e+00
9.380762452528140e-05	2.040969e+00
9.675777148497326e-05	2.352816e+00
9.962166553849062e-05	2.660105e+00
1.014733146103936e-04	2.851459e+00
1.026565468299586e-04	2.956947e+00
1.040466220969125e-04	3.072423e+00
1.055696105625987e-04	3.192709e+00
1.072208629162810e-04	3.318390e+00
1.093550287555122e-04	3.475058e+00
1.129562413471264e-04	3.728513e+00
1.173430298655789e-04	4.022987e+00
1.215671811681922e-04	4.294878e+00
1.266294540476301e-04	4.609135e+00
1.348594082663004e-04	5.099816e+00
1.448594082663004e-04	5.631571e+00
1.548594082663004e-04	5.914778e+00
1.648594082663004e-04	6.092391e+00
1.748594082663004e-04	6.204919e+00
1.848594082663004e-04	6.274676e+00
1.948594082663004e-04	6.317115e+00
2.048594082663004e-04	6.342430e+00
2.148594082663004e-04	6.357392e+00
2.248594082663004e-04	6.366163e+00
2.348594082663004e-04	6.371273e+00
2.448594082663004e-04	6.374241e+00
2.548594082663004e-04	6.375962e+00
2.648594082663004e-04	6.376959e+00
2.748594082663004e-04	6.377539e+00
2.848594082663004e-04	6.377877e+00
2.948594082663004e-04	6.378074e+00
3.048594082663004e-04	6.378191e+00
3.148594082663004e-04	6.378260e+00
3.248594082663004e-04	6.378302e+00
3.348594082663004e-04	6.378326e+00
3.448594082663004e-04	6.378341e+00
3.548594082663004e-04	6.378351e+00
3.648594082663004e-04	6.378357e+00
3.748594082663004e-04	6.378361e+00
3.848594082663004e-04	6.378363e+00
3.948594082663004e-04	6.378364e+00
4.048594082663004e-04	6.378365e+00
4.148594082663004e-04	6.378366e+00
4.248594082663004e-04	6.378366e+00
4.348594082663004e-04	6.378366e+00
4.448594082663004e-04	6.378367e+00
4.548594082663004e-04	6.378367e+00
4.648594082663004e-04	6.378367e+00
4.748594082663004e-04	6.378367e+00
4.848594082663004e-04	6.378367e+00
4.948594082663004e-04	6.378367e+00
5.048594082663004e-04	6.378367e+00
5.148594082663004e-04	6.378367e+00
5.248594082663003e-04	6.378367e+00
5.348594082663004e-04	6.378367e+00
5.448594082663004e-04	6.378367e+00
5.548594082663004e-04	6.378367e+00
5.648594082663003e-04	6.378367e+00
5.848594082663004e-04	6.378367e+00
6.148594082663004e-04	6.378367e+00
6.662879796948718e-04	6.378367e+00
7.177165511234433e-04	6.378367e+00
7.691451225520147e-04	6.378367e+00
8.205736939805861e-04	6.378367e+00
8.720022654091575e-04	6.378367e+00
9.234308368377290e-04	6.378367e+00
9.748594082663003e-04	6.378367e+00
1.340573693980586e-03	6.378367e+00
1.706287979694872e-03	6.378367e+00
2.072002265409158e-03	6.378367e+00
2.437716551123443e-03	6.378367e+00
2.803430836837729e-03	6.378367e+00
3.169145122552015e-03	6.378367e+00
3.534859408266300e-03	6.378367e+00
9.524859408266299e-03	6.378367e+00
1.000000000000000e-02	6.378367e+00
1.000010000000000e-02	6.378367e+00
1.000020000000000e-02	6.378366e+00
1.000026792923935e-02	6.378367e+00
1.000033466488747e-02	6.378369e+00
1.000044592461137e-02	6.378376e+00
1.000046080161853e-02	6.378377e+00
1.000049055563287e-02	6.378379e+00
1.000055006366154e-02	6.378383e+00
1.000066907971888e-02	6.378387e+00
1.000090711183357e-02	6.378359e+00
1.000129875386991e-02	6.378094e+00
1.000172679426766e-02	6.376792e+00
1.000229228400220e-02	6.365448e+00
1.000305627345616e-02	6.332307e+00
1.000317568190766e-02	6.325602e+00
1.000341449881066e-02	6.311351e+00
1.000389213261666e-02	6.279279e+00
1.000484740022865e-02	6.204050e+00
1.000653542396081e-02	6.138345e+00
1.000782204034888e-02	6.115489e+00
1.000910245659296e-02	6.092162e+00
1.001031871390641e-02	6.069853e+00
1.001151173375903e-02	6.047980e+00
1.001304781125848e-02	6.019907e+00
1.001568339488434e-02	5.972025e+00
1.002029785884016e-02	5.889092e+00
1.002364584819812e-02	5.829609e+00
1.002674694175333e-02	5.775094e+00
1.002969080201301e-02	5.723808e+00
1.003389530809097e-02	5.660932e+00
1.003777392203418e-02	5.624422e+00
1.004157134477441e-02	5.483792e+00
1.004524016356751e-02	5.327326e+00
1.004935537443110e-02	5.135541e+00
1.005758579615827e-02	4.709559e+00
1.005869239212907e-02	4.641788e+00
1.006090558407066e-02	4.520587e+00
1.006533196795384e-02	4.347389e+00
1.006942721435491e-02	4.211474e+00
1.007370001049878e-02	4.083651e+00
1.008224560278652e-02	3.864651e+00
1.009224560278652e-02	3.662019e+00
1.010224560278652e-02	3.506893e+00
1.011224560278652e-02	3.389033e+00
1.012224560278652e-02	3.300001e+00
1.013224560278652e-02	3.232952e+00
1.014224560278652e-02	3.182685e+00
1.015224560278652e-02	3.145073e+00
1.016224560278652e-02	3.116979e+00
1.017224560278652e-02	3.096027e+00
1.018224560278652e-02	3.080419e+00
1.019224560278652e-02	3.068805e+00
1.020224560278652e-02	3.060173e+00
1.021224560278652e-02	3.053763e+00
1.022224560278652e-02	3.049010e+00
1.023224560278652e-02	3.045489e+00
1.024224560278652e-02	3.042885e+00
1.025224560278652e-02	3.040964e+00
1.026224560278652e-02	3.039549e+00
1.027224560278652e-02	3.038511e+00
1.028224560278652e-02	3.037751e+00
1.029224560278652e-02	3.037199e+00
1.030224560278652e-02	3.036800e+00
1.031224560278652e-02	3.036515e+00
1.032224560278652e-02	3.036314e+00
1.033224560278652e-02	3.036172e+00
1.034224560278652e-02	3.036074e+00
1.035224560278652e-02	3.036008e+00
1.036224560278652e-02	3.035963e+00
1.037224560278652e-02	3.035935e+00
1.038224560278652e-02	3.035918e+00
1.039224560278652e-02	3.035909e+00
1.040224560278652e-02	3.035904e+00
1.041224560278652e-02	3.035903e+00
1.042224560278652e-02	3.035905e+00
1.043224560278652e-02	3.035907e+00
1.044224560278652e-02	3.035910e+00
1.045224560278652e-02	3.035914e+00
1.046224560278652e-02	3.035918e+00
1.047224560278652e-02	3.035921e+00
1.048224560278652e-02	3.035924e+00
1.049224560278652e-02	3.035927e+00
1.050224560278652e-02	3.035929e+00
1.051224560278652e-02	3.035932e+00
1.052224560278652e-02	3.035934e+00
1.053224560278652e-02	3.035935e+00
1.054224560278652e-02	3.035937e+00
1.055224560278652e-02	3.035938e+00
1.056224560278652e-02	3.035939e+00
1.057224560278652e-02	3.035940e+00
1.058224560278652e-02	3.035941e+00
1.059224560278652e-02	3.035941e+00
1.060224560278652e-02	3.035942e+00
1.061224560278652e-02	3.035943e+00
1.062224560278652e-02	3.035943e+00
1.063224560278652e-02	3.035943e+00
1.064224560278652e-02	3.035943e+00
1.065224560278652e-02	3.035943e+00
1.066224560278652e-02	3.035944e+00
1.067224560278652e-02	3.035944e+00
1.068224560278652e-02	3.035944e+00
1.069224560278652e-02	3.035944e+00
1.070224560278652e-02	3.035944e+00
1.071224560278652e-02	3.035944e+00
1.072224560278652e-02	3.035944e+00
1.073224560278652e-02	3.035944e+00
1.074224560278652e-02	3.035944e+00
1.075224560278652e-02	3.035944e+00
1.076224560278652e-02	3.035944e+00
1.077224560278652e-02	3.035944e+00
1.078224560278652e-02	3.035945e+00
1.079224560278652e-02	3.035944e+00
1.080224560278652e-02	3.035944e+00
1.081224560278652e-02	3.035944e+00
1.082224560278652e-02	3.035945e+00
1.083224560278652e-02	3.035945e+00
1.085224560278652e-02	3.035944e+00
1.087224560278652e-02	3.035945e+00
1.090224560278652e-02	3.035945e+00
1.092224560278652e-02	3.035945e+00
1.094224560278652e-02	3.035945e+00
1.096224560278652e-02	3.035945e+00
1.098224560278652e-02	3.035945e+00
1.100224560278652e-02	3.035945e+00
1.102224560278652e-02	3.035945e+00
1.104224560278652e-02	3.035945e+00
1.113938845992937e-02	3.035945e+00
1.123653131707223e-02	3.035945e+00
1.133367417421509e-02	3.035945e+00
1.143081703135795e-02	3.035945e+00
1.152795988850080e-02	3.035945e+00
1.162510274564366e-02	3.035945e+00
1.172224560278652e-02	3.035945e+00
1.198938845992937e-02	3.035945e+00
1.225653131707223e-02	3.035945e+00
1.252367417421509e-02	3.035945e+00
1.279081703135795e-02	3.035945e+00
1.305795988850080e-02	3.035945e+00
1.332510274564366e-02	3.035945e+00
1.359224560278652e-02	3.035945e+00
1.943224560278652e-02	3.035945e+00
2.000000000000000e-02	3.035945e+00
2.000010000000000e-02	3.035944e+00
2.000020000000000e-02	3.035934e+00
2.000026768090509e-02	3.035925e+00
2.000033405360032e-02	3.035914e+00
2.000043952566350e-02	3.035892e+00
2.000055923383631e-02	3.035858e+00
2.000078978283581e-02	3.035766e+00
2.000121596470951e-02	3.035420e+00
2.000161373798650e-02	3.033031e+00
2.000214460028959e-02	3.021357e+00
2.000283004884349e-02	2.994003e+00
2.000359753405069e-02	2.953165e+00
2.000451596729615e-02	2.929838e+00
2.000549697835517e-02	2.921511e+00
2.000642557497955e-02	2.913421e+00
2.000738694984227e-02	2.904979e+00
2.000833062201244e-02	2.896701e+00
2.000942623846735e-02	2.887110e+00
2.001097214225895e-02	2.873622e+00
2.001382964010230e-02	2.848848e+00
2.001724972083994e-02	2.819474e+00
2.002384468304401e-02	2.763675e+00
2.003270761963300e-02	2.690412e+00
2.003395761963300e-02	2.680264e+00
2.003645761963300e-02	2.660055e+00
2.004145761963300e-02	2.620063e+00
2.004859550871939e-02	2.563998e+00
2.005859550871939e-02	2.487450e+00
2.006567359708980e-02	2.434771e+00
2.006611215066181e-02	2.431487e+00
2.006698925780584e-02	2.425034e+00
2.006874347209388e-02	2.412183e+00
2.007181584086877e-02	2.389836e+00
2.007674778213100e-02	2.408455e+00
2.008055312940197e-02	2.585212e+00
2.008419565295758e-02	2.841717e+00
2.008930496964557e-02	3.249763e+00
2.009689386078809e-02	3.746753e+00
2.010433575133209e-02	4.176983e+00
2.011433575133209e-02	4.745679e+00
2.012433575133209e-02	5.303186e+00
2.013433575133209e-02	5.749354e+00
2.014433575133209e-02	5.984931e+00
2.015433575133209e-02	6.135788e+00
2.016433575133209e-02	6.231432e+00
2.017433575133209e-02	6.290622e+00
2.018433575133209e-02	6.326563e+00
2.019433575133209e-02	6.347981e+00
2.020433575133209e-02	6.360630e+00
2.021433575133209e-02	6.368041e+00
2.022433575133209e-02	6.372359e+00
2.023433575133209e-02	6.374868e+00
2.024433575133209e-02	6.376323e+00
2.025433575133209e-02	6.377169e+00
2.026433575133209e-02	6.377660e+00
2.027433575133209e-02	6.377948e+00
2.028433575133209e-02	6.378116e+00
2.029433575133209e-02	6.378215e+00
2.030433575133209e-02	6.378275e+00
2.031433575133209e-02	6.378310e+00
2.032433575133209e-02	6.378332e+00
2.033433575133209e-02	6.378345e+00
2.034433575133209e-02	6.378353e+00
2.035433575133209e-02	6.378358e+00
2.036433575133209e-02	6.378361e+00
2.037433575133209e-02	6.378363e+00
2.038433575133209e-02	6.378364e+00
2.039433575133209e-02	6.378365e+00
2.040433575133209e-02	6.378366e+00
2.041433575133209e-02	6.378366e+00
2.042433575133209e-02	6.378366e+00
2.043433575133209e-02	6.378367e+00
2.044433575133209e-02	6.378367e+00
2.045433575133209e-02	6.378367e+00
2.046433575133209e-02	6.378367e+00
2.047433575133209e-02	6.378367e+00
2.048433575133209e-02	6.378367e+00
2.049433575133209e-02	6.378367e+00
2.050433575133209e-02	6.378367e+00
2.051433575133209e-02	6.378367e+00
2.052433575133209e-02	6.378367e+00
2.053433575133209e-02	6.378367e+00
2.054433575133209e-02	6.378367e+00
2.055433575133209e-02	6.378367e+00
2.057433575133209e-02	6.378367e+00
2.059147860847494e-02	6.378367e+00
2.060862146561780e-02	6.378367e+00
2.062576432276066e-02	6.378367e+00
2.064290717990351e-02	6.378367e+00
2.066005003704637e-02	6.378367e+00
2.067719289418923e-02	6.378367e+00
2.069433575133209e-02	6.378367e+00
2.098290717990352e-02	6.378367e+00
2.127147860847494e-02	6.378367e+00
2.156005003704637e-02	6.378367e+00
2.184862146561780e-02	6.378367e+00
2.213719289418923e-02	6.378367e+00
2.242576432276066e-02	6.378367e+00
2.271433575133209e-02	6.378367e+00
2.938433575133209e-02	6.378367e+00
3.000000000000000e-02	6.378367e+00
3.000010000000000e-02	6.378367e+00
3.000020000000000e-02	6.378366e+00
3.000026797933340e-02	6.378367e+00
3.000033468483466e-02	6.378369e+00
3.000044604813412e-02	6.378376e+00
3.000046093041170e-02	6.378377e+00
3.000049069496686e-02	6.378379e+00
3.000055022407717e-02	6.378383e+00
3.000066928229780e-02	6.378387e+00
3.000090739873906e-02	6.378359e+00
3.000129964857528e-02	6.378092e+00
3.000172796597163e-02	6.376781e+00
3.000229346783037e-02	6.365401e+00
3.000305814442205e-02	6.332190e+00
3.000317754394150e-02	6.325481e+00
3.000341634298041e-02	6.311219e+00
3.000389394105824e-02	6.279129e+00
3.000484913721388e-02	6.203887e+00
3.000653743243113e-02	6.138303e+00
3.000782281682633e-02	6.115466e+00
3.000910175880940e-02	6.092165e+00
3.001031793463388e-02	6.069858e+00
3.001151057414539e-02	6.047992e+00
3.001304669199753e-02	6.019917e+00
3.001568189344666e-02	5.972043e+00
3.002029611533203e-02	5.889114e+00
3.002364377013144e-02	5.829636e+00
3.002674463720170e-02	5.775125e+00
3.002968916638827e-02	5.723827e+00
3.003389447676709e-02	5.660933e+00
3.003777400958211e-02	5.624405e+00
3.004157220257365e-02	5.483737e+00
3.004524170280893e-02	5.327234e+00
3.004935777851550e-02	5.135400e+00
3.005758992992863e-02	4.709287e+00
3.005869390167507e-02	4.641667e+00
3.006090184516795e-02	4.520745e+00
3.006531773215370e-02	4.347847e+00
3.006941610158332e-02	4.211780e+00
3.007369292082294e-02	4.083814e+00
3.008224655930220e-02	3.864596e+00
3.009224655930220e-02	3.661975e+00
3.010224655930220e-02	3.506858e+00
3.011224655930220e-02	3.389006e+00
3.012224655930220e-02	3.299981e+00
3.013224655930220e-02	3.232937e+00
3.014224655930220e-02	3.182674e+00
3.015224655930220e-02	3.145064e+00
3.016224655930220e-02	3.116973e+00
3.017224655930220e-02	3.096022e+00
3.018224655930220e-02	3.080415e+00
3.019224655930220e-02	3.068803e+00
3.020224655930220e-02	3.060171e+00
3.021224655930220e-02	3.053762e+00
3.022224655930220e-02	3.049009e+00
3.023224655930220e-02	3.045488e+00
3.024224655930220e-02	3.042885e+00
3.025224655930220e-02	3.040963e+00
3.026224655930220e-02	3.039549e+00
3.027224655930220e-02	3.038510e+00
3.028224655930220e-02	3.037751e+00
3.029224655930220e-02	3.037199e+00
3.030224655930220e-02	3.036800e+00
3.031224655930220e-02	3.036515e+00
3.032224655930220e-02	3.036314e+00
3.033224655930220e-02	3.036172e+00
3.034224655930220e-02	3.036074e+00
3.035224655930220e-02	3.036007e+00
3.036224655930220e-02	3.035963e+00
3.037224655930220e-02	3.035935e+00
3.038224655930220e-02	3.035918e+00
3.039224655930220e-02	3.035909e+00
3.040224655930220e-02	3.035904e+00
3.041224655930220e-02	3.035903e+00
3.042224655930220e-02	3.035905e+00
3.043224655930220e-02	3.035907e+00
3.044224655930220e-02	3.035910e+00
3.045224655930220e-02	3.035914e+00
3.046224655930220e-02	3.035918e+00
3.047224655930220e-02	3.035921e+00
3.048224655930220e-02	3.035924e+00
3.049224655930220e-02	3.035927e+00
3.050224655930220e-02	3.035930e+00
3.051224655930220e-02	3.035932e+00
3.052224655930220e-02	3.035934e+00
3.053224655930220e-02	3.035935e+00
3.054224655930220e-02	3.035937e+00
3.055224655930220e-02	3.035938e+00
3.056224655930220e-02	3.035939e+00
3.057224655930220e-02	3.035940e+00
3.058224655930220e-02	3.035941e+00
3.059224655930220e-02	3.035941e+00
3.060224655930220e-02	3.035942e+00
3.061224655930220e-02	3.035943e+00
3.062224655930220e-02	3.035943e+00
3.063224655930220e-02	3.035943e+00
3.064224655930220e-02	3.035943e+00
3.065224655930220e-02	3.035943e+00
3.066224655930220e-02	3.035944e+00
3.067224655930220e-02	3.035944e+00
3.068224655930220e-02	3.035944e+00
3.069224655930220e-02	3.035944e+00
3.070224655930220e-02	3.035944e+00
3.071224655930220e-02	3.035944e+00
3.072224655930220e-02	3.035944e+00
3.073224655930220e-02	3.035944e+00
3.074224655930220e-02	3.035944e+00
3.075224655930220e-02	3.035944e+00
3.076224655930220e-02	3.035944e+00
3.077224655930220e-02	3.035944e+00
3.078224655930220e-02	3.035945e+00
3.079224655930220e-02	3.035944e+00
3.080224655930220e-02	3.035944e+00
3.081224655930220e-02	3.035944e+00
3.082224655930220e-02	3.035945e+00
3.083224655930220e-02	3.035945e+00
3.085224655930220e-02	3.035944e+00
3.087224655930220e-02	3.035945e+00
3.090224655930220e-02	3.035945e+00
3.092224655930220e-02	3.035945e+00
3.094224655930220e-02	3.035945e+00
3.096224655930220e-02	3.035945e+00
3.098224655930220e-02	3.035945e+00
3.100224655930220e-02	3.035945e+00
3.102224655930220e-02	3.035945e+00
3.104224655930220e-02	3.035945e+00
3.113938941644506e-02	3.035945e+00
3.123653227358791e-02	3.035945e+00
3.133367513073077e-02	3.035945e+00
3.143081798787363e-02	3.035945e+00
3.152796084501648e-02	3.035945e+00
3.162510370215934e-02	3.035945e+00
3.172224655930220e-02	3.035945e+00
3.198938941644505e-02	3.035945e+00
3.225653227358791e-02	3.035945e+00
3.252367513073077e-02	3.035945e+00
3.279081798787363e-02	3.035945e+00
3.305796084501648e-02	3.035945e+00
3.332510370215935e-02	3.035945e+00
3.359224655930220e-02	3.035945e+00
3.929224655930220e-02	3.035945e+00
4.000000000000000e-02	3.035945e+00
