time	I(Vcell25)
0.000000000000000e+00	-2.636490e-07
9.999999439624929e-11	-2.635299e-07
1.999999887924986e-10	-2.633939e-07
3.999999775849972e-10	-2.630891e-07
7.999999551699943e-10	-2.623133e-07
1.599999910339989e-09	-2.603004e-07
3.199999820679977e-09	-2.553531e-07
6.399999641359955e-09	-2.447854e-07
1.279999928271991e-08	-2.257712e-07
2.559999856543982e-08	-1.950792e-07
5.119999713087964e-08	-1.472177e-07
9.252085555450540e-08	-8.911754e-08
1.510336381077248e-07	-2.135004e-07
2.057411795961891e-07	-5.115041e-07
2.712256136408146e-07	-7.955840e-07
3.308487844021954e-07	-9.429389e-07
4.500951259249572e-07	-9.388351e-07
4.715237994946577e-07	-9.172780e-07
5.143811466340588e-07	-8.736657e-07
6.000958409128609e-07	-7.903817e-07
7.715252294704652e-07	-6.444349e-07
1.114384006585674e-06	-4.341349e-07
1.680508233312252e-06	-2.680127e-07
2.394953908581658e-06	-2.297644e-07
3.411350232638382e-06	-2.707740e-07
5.126386043420963e-06	-3.712495e-07
8.556457664986125e-06	-5.557382e-07
1.541660090811645e-05	-3.757428e-06
2.541660090811645e-05	-1.670287e-05
3.541660090811645e-05	-2.447238e-05
4.541660090811645e-05	-2.743344e-05
5.541660090811645e-05	-2.701014e-05
6.541660090811645e-05	-2.411196e-05
7.541660090811645e-05	-2.055473e-05
8.541660090811645e-05	-1.752398e-05
9.541660090811645e-05	-1.501170e-05
1.000000009999994e-04	-1.397824e-05
1.000000019999994e-04	-1.397882e-05
1.000000179999994e-04	-1.397876e-05
1.000000499999994e-04	-1.397853e-05
1.000001139999994e-04	-1.397827e-05
1.000002419999994e-04	-1.397788e-05
1.000004979999994e-04	-1.397761e-05
1.000010099999994e-04	-1.397735e-05
1.000020339999994e-04	-1.397707e-05
1.000040819999994e-04	-1.397645e-05
1.000081779999994e-04	-1.397570e-05
1.000163699999994e-04	-1.397467e-05
1.000327539999994e-04	-1.397283e-05
1.000655219999995e-04	-1.396847e-05
1.001310579999995e-04	-1.395729e-05
1.002621299999997e-04	-1.393073e-05
1.005242740000000e-04	-1.387515e-05
1.010485620000006e-04	-1.376463e-05
1.020971380000018e-04	-1.354657e-05
1.041942900000042e-04	-1.312154e-05
1.083885940000089e-04	-1.231443e-05
1.167772020000184e-04	-1.085680e-05
1.267772020000184e-04	-9.364280e-06
1.367772020000184e-04	-8.095422e-06
1.467772020000184e-04	-2.479848e-05
1.567772020000184e-04	-1.151687e-04
1.648370761366138e-04	-4.521938e-03
1.732074283844796e-04	-1.853905e-02
1.774363064504269e-04	-2.243315e-02
1.812906573433853e-04	-2.533555e-02
1.876738121864834e-04	-2.913442e-02
1.938106783459822e-04	-3.301674e-02
2.038106783459822e-04	-3.862903e-02
2.138106783459822e-04	-4.457898e-02
2.238106783459822e-04	-5.005201e-02
2.338106783459822e-04	-5.590705e-02
2.438106783459822e-04	-6.127373e-02
2.538106783459821e-04	-6.705271e-02
2.638106783459822e-04	-7.240364e-02
2.738106783459821e-04	-7.818042e-02
2.838106783459822e-04	-8.352295e-02
2.938106783459821e-04	-8.929203e-02
3.038106783459821e-04	-9.462538e-02
3.138106783459821e-04	-1.003842e-01
3.238106783459821e-04	-1.057066e-01
3.338106783459821e-04	-1.114534e-01
3.438106783459821e-04	-1.167635e-01
3.538106783459821e-04	-1.224966e-01
3.638106783459821e-04	-1.249414e-01
3.738106783459821e-04	-1.256727e-01
3.838106783459821e-04	-1.256428e-01
3.938106783459821e-04	-1.263688e-01
4.038106783459821e-04	-1.282298e-01
4.105337762675420e-04	-1.378978e-01
4.169968904000507e-04	-1.515124e-01
4.247054831186082e-04	-1.679964e-01
4.320268563133381e-04	-1.828195e-01
4.420268563133381e-04	-2.030108e-01
4.520268563133381e-04	-2.126125e-01
4.620268563133381e-04	-2.190463e-01
4.720268563133381e-04	-2.243291e-01
4.820268563133381e-04	-2.302251e-01
4.920268563133382e-04	-2.352744e-01
5.020268563133381e-04	-2.410328e-01
5.120268563133381e-04	-2.459879e-01
5.220268563133381e-04	-2.516744e-01
5.320268563133382e-04	-2.565728e-01
5.420268563133381e-04	-2.622109e-01
5.520268563133381e-04	-2.670683e-01
5.620268563133381e-04	-2.726691e-01
5.720268563133382e-04	-2.774937e-01
5.820268563133381e-04	-2.830634e-01
5.920268563133381e-04	-2.878600e-01
6.020268563133381e-04	-2.934024e-01
6.120268563133382e-04	-2.981742e-01
6.220268563133381e-04	-3.036918e-01
6.320268563133381e-04	-3.084410e-01
6.420268563133381e-04	-3.139357e-01
6.520268563133382e-04	-3.161066e-01
6.620268563133381e-04	-3.172629e-01
6.720268563133381e-04	-3.172739e-01
6.820268563133381e-04	-3.179475e-01
6.920268563133382e-04	-3.177348e-01
7.020268563133381e-04	-3.182825e-01
7.120268563133381e-04	-3.179900e-01
7.220268563133381e-04	-3.184839e-01
7.320268563133382e-04	-3.181531e-01
7.420268563133381e-04	-3.186186e-01
7.520268563133381e-04	-3.182662e-01
7.620268563133381e-04	-3.187149e-01
7.720268563133381e-04	-3.183491e-01
7.820268563133381e-04	-3.187868e-01
7.920268563133381e-04	-3.184122e-01
8.020268563133381e-04	-3.188424e-01
8.120268563133381e-04	-3.184617e-01
8.220268563133381e-04	-3.188865e-01
8.320268563133381e-04	-3.185013e-01
8.420268563133381e-04	-3.189222e-01
8.520268563133381e-04	-3.185337e-01
8.620268563133381e-04	-3.189515e-01
8.720268563133381e-04	-3.185604e-01
8.820268563133381e-04	-3.189758e-01
8.920268563133381e-04	-3.185828e-01
9.020268563133381e-04	-3.189963e-01
9.120268563133381e-04	-3.186018e-01
9.220268563133381e-04	-3.190137e-01
9.320268563133381e-04	-3.186179e-01
9.420268563133381e-04	-3.190285e-01
9.520268563133381e-04	-3.186318e-01
9.620268563133381e-04	-3.190413e-01
9.720268563133381e-04	-3.186438e-01
9.820268563133382e-04	-3.190524e-01
9.920268563133382e-04	-3.186542e-01
1.000000000000000e-03	-3.190611e-01
1.000000001000000e-03	-3.190337e-01
1.000000017000000e-03	-3.190169e-01
1.000000049000000e-03	-3.190004e-01
1.000000113000000e-03	-3.189828e-01
1.000000241000000e-03	-3.189447e-01
1.000000497000000e-03	-3.189082e-01
1.000001009000000e-03	-3.188677e-01
1.000002033000000e-03	-3.188620e-01
1.000004081000000e-03	-3.188576e-01
1.000008177000000e-03	-3.188621e-01
1.000016369000001e-03	-3.188570e-01
1.000032753000001e-03	-3.188621e-01
1.000065521000002e-03	-3.188569e-01
1.000131057000004e-03	-3.188622e-01
1.000262129000007e-03	-3.188570e-01
1.000524273000015e-03	-3.188624e-01
1.001048561000029e-03	-3.188574e-01
1.002097137000058e-03	-3.188631e-01
1.004194289000116e-03	-3.188588e-01
1.008388593000232e-03	-3.188659e-01
1.016777201000463e-03	-3.188642e-01
1.026777201000463e-03	-3.188734e-01
1.036777201000463e-03	-3.188718e-01
1.046777201000463e-03	-3.188806e-01
1.056777201000463e-03	-3.188786e-01
1.066777201000463e-03	-3.188869e-01
1.076777201000463e-03	-3.188846e-01
1.086777201000463e-03	-3.188925e-01
1.096777201000463e-03	-3.188898e-01
1.106777201000463e-03	-3.188975e-01
1.116777201000463e-03	-3.188945e-01
1.126777201000463e-03	-3.189019e-01
1.136777201000463e-03	-3.188986e-01
1.146777201000463e-03	-3.189058e-01
1.156777201000463e-03	-3.189023e-01
1.166777201000463e-03	-3.189093e-01
1.176777201000463e-03	-3.189056e-01
1.186777201000463e-03	-3.189124e-01
1.196777201000463e-03	-3.189086e-01
1.206777201000463e-03	-3.189152e-01
1.216777201000463e-03	-3.189112e-01
1.226777201000463e-03	-3.189177e-01
1.236777201000463e-03	-3.189135e-01
1.246777201000463e-03	-3.189199e-01
1.256777201000463e-03	-3.189157e-01
1.266777201000463e-03	-3.189219e-01
1.276777201000463e-03	-3.189176e-01
1.286777201000463e-03	-3.189237e-01
1.296777201000463e-03	-3.189193e-01
1.306777201000463e-03	-3.189253e-01
1.316777201000463e-03	-3.189208e-01
1.326777201000463e-03	-3.189268e-01
1.336777201000463e-03	-3.189222e-01
1.346777201000463e-03	-3.189281e-01
1.356777201000463e-03	-3.189234e-01
1.366777201000463e-03	-3.189293e-01
1.376777201000463e-03	-3.189245e-01
1.386777201000463e-03	-3.189303e-01
1.396777201000463e-03	-3.189255e-01
1.406777201000463e-03	-3.189313e-01
1.416777201000463e-03	-3.189265e-01
1.426777201000463e-03	-3.189321e-01
1.436777201000463e-03	-3.189273e-01
1.446777201000463e-03	-3.189329e-01
1.456777201000463e-03	-3.189280e-01
1.466777201000463e-03	-3.189336e-01
1.476777201000463e-03	-3.189287e-01
1.486777201000463e-03	-3.189342e-01
1.496777201000463e-03	-3.189293e-01
1.506777201000463e-03	-3.189348e-01
1.516777201000463e-03	-3.189298e-01
1.526777201000463e-03	-3.189353e-01
1.536777201000463e-03	-3.189303e-01
1.546777201000463e-03	-3.189358e-01
1.556777201000463e-03	-3.189308e-01
1.566777201000463e-03	-3.189362e-01
1.576777201000463e-03	-3.189312e-01
1.586777201000463e-03	-3.189366e-01
1.596777201000463e-03	-3.189315e-01
1.606777201000463e-03	-3.189369e-01
1.616777201000463e-03	-3.189318e-01
1.626777201000463e-03	-3.189373e-01
1.636777201000463e-03	-3.189321e-01
1.646777201000463e-03	-3.189375e-01
1.656777201000463e-03	-3.189324e-01
1.666777201000463e-03	-3.189378e-01
1.676777201000463e-03	-3.189327e-01
1.686777201000463e-03	-3.189380e-01
1.696777201000463e-03	-3.189329e-01
1.706777201000463e-03	-3.189383e-01
1.716777201000463e-03	-3.189331e-01
1.726777201000463e-03	-3.189384e-01
1.736777201000463e-03	-3.189333e-01
1.746777201000463e-03	-3.189386e-01
1.756777201000463e-03	-3.189334e-01
1.766777201000463e-03	-3.189388e-01
1.776777201000463e-03	-3.189336e-01
1.786777201000463e-03	-3.189389e-01
1.796777201000463e-03	-3.189337e-01
1.806777201000463e-03	-3.189390e-01
1.816777201000463e-03	-3.189338e-01
1.826777201000463e-03	-3.189391e-01
1.836777201000463e-03	-3.189339e-01
1.846777201000463e-03	-3.189392e-01
1.856777201000463e-03	-3.189341e-01
1.866777201000463e-03	-3.189394e-01
1.876777201000463e-03	-3.189341e-01
1.886777201000463e-03	-3.189394e-01
1.896777201000463e-03	-3.189342e-01
1.906777201000463e-03	-3.189395e-01
1.916777201000463e-03	-3.189343e-01
1.926777201000463e-03	-3.189396e-01
1.936777201000463e-03	-3.189344e-01
1.946777201000463e-03	-3.189397e-01
1.956777201000463e-03	-3.189344e-01
1.966777201000463e-03	-3.189397e-01
1.976777201000463e-03	-3.189345e-01
1.986777201000463e-03	-3.189397e-01
1.996777201000463e-03	-3.189345e-01
2.006777201000463e-03	-3.189398e-01
2.016777201000463e-03	-3.189346e-01
2.026777201000463e-03	-3.189398e-01
2.036777201000463e-03	-3.189346e-01
2.046777201000463e-03	-3.189399e-01
2.056777201000463e-03	-3.189346e-01
2.066777201000463e-03	-3.189399e-01
2.076777201000463e-03	-3.189347e-01
2.086777201000463e-03	-3.189400e-01
2.096777201000463e-03	-3.189347e-01
2.106777201000463e-03	-3.189400e-01
2.116777201000463e-03	-3.189347e-01
2.126777201000463e-03	-3.189400e-01
2.136777201000463e-03	-3.189348e-01
2.146777201000463e-03	-3.189400e-01
2.156777201000463e-03	-3.189348e-01
2.166777201000463e-03	-3.189400e-01
2.176777201000463e-03	-3.189348e-01
2.186777201000463e-03	-3.189401e-01
2.196777201000463e-03	-3.189348e-01
2.206777201000463e-03	-3.189401e-01
2.216777201000463e-03	-3.189348e-01
2.226777201000463e-03	-3.189401e-01
2.236777201000463e-03	-3.189349e-01
2.246777201000463e-03	-3.189401e-01
2.256777201000463e-03	-3.189349e-01
2.266777201000463e-03	-3.189401e-01
2.276777201000463e-03	-3.189349e-01
2.286777201000463e-03	-3.189401e-01
2.296777201000463e-03	-3.189349e-01
2.306777201000463e-03	-3.189402e-01
2.316777201000463e-03	-3.189349e-01
2.326777201000463e-03	-3.189402e-01
2.336777201000463e-03	-3.189349e-01
2.346777201000463e-03	-3.189402e-01
2.356777201000463e-03	-3.189349e-01
2.366777201000463e-03	-3.189402e-01
2.376777201000463e-03	-3.189349e-01
2.386777201000463e-03	-3.189402e-01
2.396777201000463e-03	-3.189349e-01
2.406777201000463e-03	-3.189402e-01
2.416777201000463e-03	-3.189349e-01
2.426777201000463e-03	-3.189402e-01
2.436777201000463e-03	-3.189349e-01
2.446777201000463e-03	-3.189402e-01
2.456777201000463e-03	-3.189349e-01
2.466777201000463e-03	-3.189402e-01
2.476777201000463e-03	-3.189349e-01
2.486777201000463e-03	-3.189402e-01
2.496777201000463e-03	-3.189349e-01
2.506777201000463e-03	-3.189402e-01
2.516777201000463e-03	-3.189349e-01
2.526777201000463e-03	-3.189402e-01
2.536777201000463e-03	-3.189349e-01
2.546777201000463e-03	-3.189402e-01
2.556777201000463e-03	-3.189350e-01
2.566777201000463e-03	-3.189402e-01
2.576777201000463e-03	-3.189350e-01
2.586777201000463e-03	-3.189402e-01
2.596777201000463e-03	-3.189350e-01
2.606777201000463e-03	-3.189402e-01
2.616777201000463e-03	-3.189350e-01
2.626777201000463e-03	-3.189402e-01
2.636777201000463e-03	-3.189350e-01
2.646777201000463e-03	-3.189402e-01
2.656777201000463e-03	-3.189350e-01
2.666777201000463e-03	-3.189403e-01
2.676777201000463e-03	-3.189350e-01
2.686777201000463e-03	-3.189403e-01
2.696777201000463e-03	-3.189350e-01
2.706777201000463e-03	-3.189403e-01
2.716777201000463e-03	-3.189350e-01
2.726777201000463e-03	-3.189403e-01
2.736777201000463e-03	-3.189350e-01
2.746777201000463e-03	-3.189403e-01
2.756777201000463e-03	-3.189350e-01
2.766777201000463e-03	-3.189403e-01
2.776777201000463e-03	-3.189350e-01
2.786777201000463e-03	-3.189403e-01
2.796777201000463e-03	-3.189350e-01
2.806777201000463e-03	-3.189403e-01
2.816777201000463e-03	-3.189350e-01
2.826777201000463e-03	-3.189403e-01
2.836777201000463e-03	-3.189350e-01
2.846777201000463e-03	-3.189403e-01
2.856777201000463e-03	-3.189350e-01
2.866777201000463e-03	-3.189403e-01
2.876777201000463e-03	-3.189350e-01
2.886777201000463e-03	-3.189403e-01
2.896777201000463e-03	-3.189350e-01
2.906777201000463e-03	-3.189403e-01
2.916777201000463e-03	-3.189350e-01
2.926777201000463e-03	-3.189403e-01
2.936777201000463e-03	-3.189350e-01
2.946777201000463e-03	-3.189403e-01
2.956777201000463e-03	-3.189350e-01
2.966777201000463e-03	-3.189403e-01
2.976777201000463e-03	-3.189350e-01
2.986777201000463e-03	-3.189403e-01
2.996777201000463e-03	-3.189350e-01
3.006777201000463e-03	-3.189403e-01
3.016777201000463e-03	-3.189350e-01
3.026777201000463e-03	-3.189403e-01
3.036777201000463e-03	-3.189350e-01
3.046777201000463e-03	-3.189403e-01
3.056777201000463e-03	-3.189350e-01
3.066777201000463e-03	-3.189403e-01
3.076777201000463e-03	-3.189350e-01
3.086777201000463e-03	-3.189403e-01
3.096777201000463e-03	-3.189350e-01
3.106777201000463e-03	-3.189403e-01
3.116777201000463e-03	-3.189350e-01
3.126777201000463e-03	-3.189403e-01
3.136777201000463e-03	-3.189350e-01
3.146777201000463e-03	-3.189403e-01
3.156777201000463e-03	-3.189350e-01
3.166777201000463e-03	-3.189403e-01
3.176777201000463e-03	-3.189350e-01
3.186777201000463e-03	-3.189403e-01
3.196777201000463e-03	-3.189350e-01
3.206777201000463e-03	-3.189403e-01
3.216777201000463e-03	-3.189350e-01
3.226777201000463e-03	-3.189403e-01
3.236777201000463e-03	-3.189350e-01
3.246777201000463e-03	-3.189403e-01
3.256777201000463e-03	-3.189350e-01
3.266777201000463e-03	-3.189403e-01
3.276777201000463e-03	-3.189350e-01
3.286777201000463e-03	-3.189403e-01
3.296777201000463e-03	-3.189350e-01
3.306777201000463e-03	-3.189403e-01
3.316777201000463e-03	-3.189350e-01
3.326777201000463e-03	-3.189403e-01
3.336777201000463e-03	-3.189350e-01
3.346777201000463e-03	-3.189403e-01
3.356777201000463e-03	-3.189350e-01
3.366777201000463e-03	-3.189403e-01
3.376777201000463e-03	-3.189350e-01
3.386777201000463e-03	-3.189403e-01
3.396777201000463e-03	-3.189350e-01
3.406777201000463e-03	-3.189403e-01
3.416777201000463e-03	-3.189350e-01
3.426777201000463e-03	-3.189403e-01
3.436777201000463e-03	-3.189350e-01
3.446777201000463e-03	-3.189403e-01
3.456777201000463e-03	-3.189350e-01
3.466777201000463e-03	-3.189403e-01
3.476777201000463e-03	-3.189350e-01
3.486777201000463e-03	-3.189403e-01
3.496777201000463e-03	-3.189350e-01
3.506777201000463e-03	-3.189403e-01
3.516777201000463e-03	-3.189350e-01
3.526777201000463e-03	-3.189403e-01
3.536777201000463e-03	-3.189350e-01
3.546777201000463e-03	-3.189403e-01
3.556777201000463e-03	-3.189350e-01
3.566777201000463e-03	-3.189403e-01
3.576777201000463e-03	-3.189350e-01
3.586777201000463e-03	-3.189403e-01
3.596777201000463e-03	-3.189350e-01
3.606777201000463e-03	-3.189403e-01
3.616777201000463e-03	-3.189350e-01
3.626777201000463e-03	-3.189403e-01
3.636777201000463e-03	-3.189350e-01
3.646777201000463e-03	-3.189403e-01
3.656777201000463e-03	-3.189350e-01
3.666777201000463e-03	-3.189403e-01
3.676777201000463e-03	-3.189350e-01
3.686777201000463e-03	-3.189403e-01
3.696777201000463e-03	-3.189350e-01
3.706777201000463e-03	-3.189403e-01
3.716777201000463e-03	-3.189350e-01
3.726777201000463e-03	-3.189403e-01
3.736777201000463e-03	-3.189350e-01
3.746777201000463e-03	-3.189403e-01
3.756777201000463e-03	-3.189350e-01
3.766777201000463e-03	-3.189403e-01
3.776777201000463e-03	-3.189350e-01
3.786777201000463e-03	-3.189403e-01
3.796777201000463e-03	-3.189350e-01
3.806777201000463e-03	-3.189403e-01
3.816777201000463e-03	-3.189350e-01
3.826777201000463e-03	-3.189403e-01
3.836777201000463e-03	-3.189350e-01
3.846777201000463e-03	-3.189403e-01
3.856777201000463e-03	-3.189350e-01
3.866777201000463e-03	-3.189403e-01
3.876777201000463e-03	-3.189350e-01
3.886777201000463e-03	-3.189403e-01
3.896777201000463e-03	-3.189350e-01
3.906777201000463e-03	-3.189403e-01
3.916777201000463e-03	-3.189350e-01
3.926777201000463e-03	-3.189403e-01
3.936777201000463e-03	-3.189350e-01
3.946777201000463e-03	-3.189403e-01
3.956777201000463e-03	-3.189350e-01
3.966777201000463e-03	-3.189403e-01
3.976777201000463e-03	-3.189350e-01
3.986777201000463e-03	-3.189403e-01
3.996777201000463e-03	-3.189350e-01
4.006777201000463e-03	-3.189403e-01
4.016777201000463e-03	-3.189350e-01
4.026777201000463e-03	-3.189403e-01
4.036777201000463e-03	-3.189350e-01
4.046777201000462e-03	-3.189403e-01
4.056777201000463e-03	-3.189350e-01
4.066777201000463e-03	-3.189403e-01
4.076777201000463e-03	-3.189350e-01
4.086777201000463e-03	-3.189403e-01
4.096777201000463e-03	-3.189350e-01
4.106777201000463e-03	-3.189403e-01
4.116777201000463e-03	-3.189350e-01
4.126777201000463e-03	-3.189403e-01
4.136777201000463e-03	-3.189350e-01
4.146777201000463e-03	-3.189403e-01
4.156777201000463e-03	-3.189350e-01
4.166777201000463e-03	-3.189403e-01
4.176777201000463e-03	-3.189350e-01
4.186777201000463e-03	-3.189403e-01
4.196777201000462e-03	-3.189350e-01
4.206777201000463e-03	-3.189403e-01
4.216777201000462e-03	-3.189350e-01
4.226777201000463e-03	-3.189403e-01
4.236777201000463e-03	-3.189350e-01
4.246777201000463e-03	-3.189403e-01
4.256777201000463e-03	-3.189350e-01
4.266777201000463e-03	-3.189403e-01
4.276777201000463e-03	-3.189350e-01
4.286777201000463e-03	-3.189403e-01
4.296777201000463e-03	-3.189350e-01
4.306777201000463e-03	-3.189403e-01
4.316777201000463e-03	-3.189350e-01
4.326777201000463e-03	-3.189403e-01
4.336777201000463e-03	-3.189350e-01
4.346777201000463e-03	-3.189403e-01
4.356777201000463e-03	-3.189350e-01
4.366777201000462e-03	-3.189403e-01
4.376777201000463e-03	-3.189350e-01
4.386777201000462e-03	-3.189403e-01
4.396777201000463e-03	-3.189350e-01
4.406777201000463e-03	-3.189403e-01
4.416777201000463e-03	-3.189350e-01
4.426777201000463e-03	-3.189403e-01
4.436777201000463e-03	-3.189350e-01
4.446777201000463e-03	-3.189403e-01
4.456777201000463e-03	-3.189350e-01
4.466777201000463e-03	-3.189403e-01
4.476777201000463e-03	-3.189350e-01
4.486777201000463e-03	-3.189403e-01
4.496777201000463e-03	-3.189350e-01
4.506777201000463e-03	-3.189403e-01
4.516777201000462e-03	-3.189350e-01
4.526777201000463e-03	-3.189403e-01
4.536777201000462e-03	-3.189350e-01
4.546777201000463e-03	-3.189403e-01
4.556777201000463e-03	-3.189350e-01
4.566777201000463e-03	-3.189403e-01
4.576777201000463e-03	-3.189350e-01
4.586777201000463e-03	-3.189403e-01
4.596777201000463e-03	-3.189350e-01
4.606777201000463e-03	-3.189403e-01
4.616777201000463e-03	-3.189350e-01
4.626777201000463e-03	-3.189403e-01
4.636777201000463e-03	-3.189350e-01
4.646777201000463e-03	-3.189403e-01
4.656777201000463e-03	-3.189350e-01
4.666777201000463e-03	-3.189403e-01
4.676777201000463e-03	-3.189350e-01
4.686777201000462e-03	-3.189403e-01
4.696777201000463e-03	-3.189350e-01
4.706777201000462e-03	-3.189403e-01
4.716777201000463e-03	-3.189350e-01
4.726777201000463e-03	-3.189403e-01
4.736777201000463e-03	-3.189350e-01
4.746777201000463e-03	-3.189403e-01
4.756777201000463e-03	-3.189350e-01
4.766777201000463e-03	-3.189403e-01
4.776777201000463e-03	-3.189350e-01
4.786777201000463e-03	-3.189403e-01
4.796777201000463e-03	-3.189350e-01
4.806777201000463e-03	-3.189403e-01
4.816777201000463e-03	-3.189350e-01
4.826777201000463e-03	-3.189403e-01
4.836777201000462e-03	-3.189350e-01
4.846777201000463e-03	-3.189403e-01
4.856777201000462e-03	-3.189350e-01
4.866777201000463e-03	-3.189403e-01
4.876777201000462e-03	-3.189350e-01
4.886777201000463e-03	-3.189403e-01
4.896777201000463e-03	-3.189350e-01
4.906777201000463e-03	-3.189403e-01
4.916777201000463e-03	-3.189350e-01
4.926777201000463e-03	-3.189403e-01
4.936777201000463e-03	-3.189350e-01
4.946777201000463e-03	-3.189403e-01
4.956777201000463e-03	-3.189350e-01
4.966777201000463e-03	-3.189403e-01
4.976777201000463e-03	-3.189350e-01
4.986777201000463e-03	-3.189403e-01
4.996777201000463e-03	-3.189350e-01
5.006777201000462e-03	-3.189403e-01
5.016777201000463e-03	-3.189350e-01
5.026777201000462e-03	-3.189403e-01
5.036777201000463e-03	-3.189350e-01
5.046777201000462e-03	-3.189403e-01
5.056777201000463e-03	-3.189350e-01
5.066777201000463e-03	-3.189403e-01
5.076777201000463e-03	-3.189350e-01
5.086777201000463e-03	-3.189403e-01
5.096777201000463e-03	-3.189350e-01
5.106777201000463e-03	-3.189403e-01
5.116777201000463e-03	-3.189350e-01
5.126777201000463e-03	-3.189403e-01
5.136777201000463e-03	-3.189350e-01
5.146777201000463e-03	-3.189403e-01
5.156777201000462e-03	-3.189350e-01
5.166777201000463e-03	-3.189403e-01
5.176777201000462e-03	-3.189350e-01
5.186777201000463e-03	-3.189403e-01
5.196777201000462e-03	-3.189350e-01
5.206777201000463e-03	-3.189403e-01
5.216777201000463e-03	-3.189350e-01
5.226777201000463e-03	-3.189403e-01
5.236777201000463e-03	-3.189350e-01
5.246777201000463e-03	-3.189403e-01
5.256777201000463e-03	-3.189350e-01
5.266777201000463e-03	-3.189403e-01
5.276777201000463e-03	-3.189350e-01
5.286777201000463e-03	-3.189403e-01
5.296777201000463e-03	-3.189350e-01
5.306777201000463e-03	-3.189403e-01
5.316777201000463e-03	-3.189350e-01
5.326777201000462e-03	-3.189403e-01
5.336777201000463e-03	-3.189350e-01
5.346777201000462e-03	-3.189403e-01
5.356777201000463e-03	-3.189350e-01
5.366777201000462e-03	-3.189403e-01
5.376777201000463e-03	-3.189350e-01
5.386777201000463e-03	-3.189403e-01
5.396777201000463e-03	-3.189350e-01
5.406777201000463e-03	-3.189403e-01
5.416777201000463e-03	-3.189350e-01
5.426777201000463e-03	-3.189403e-01
5.436777201000463e-03	-3.189350e-01
5.446777201000463e-03	-3.189403e-01
5.456777201000463e-03	-3.189350e-01
5.466777201000463e-03	-3.189403e-01
5.476777201000462e-03	-3.189350e-01
5.486777201000463e-03	-3.189403e-01
5.496777201000462e-03	-3.189350e-01
5.506777201000463e-03	-3.189403e-01
5.516777201000462e-03	-3.189350e-01
5.526777201000463e-03	-3.189403e-01
5.536777201000462e-03	-3.189350e-01
5.546777201000463e-03	-3.189403e-01
5.556777201000463e-03	-3.189350e-01
5.566777201000463e-03	-3.189403e-01
5.576777201000463e-03	-3.189350e-01
5.586777201000463e-03	-3.189403e-01
5.596777201000463e-03	-3.189350e-01
5.606777201000463e-03	-3.189403e-01
5.616777201000463e-03	-3.189350e-01
5.626777201000463e-03	-3.189403e-01
5.636777201000463e-03	-3.189350e-01
5.646777201000462e-03	-3.189403e-01
5.656777201000463e-03	-3.189350e-01
5.666777201000462e-03	-3.189403e-01
5.676777201000463e-03	-3.189350e-01
5.686777201000462e-03	-3.189403e-01
5.696777201000463e-03	-3.189350e-01
5.706777201000462e-03	-3.189403e-01
5.716777201000463e-03	-3.189350e-01
5.726777201000463e-03	-3.189403e-01
5.736777201000463e-03	-3.189350e-01
5.746777201000463e-03	-3.189403e-01
5.756777201000463e-03	-3.189350e-01
5.766777201000463e-03	-3.189403e-01
5.776777201000463e-03	-3.189350e-01
5.786777201000463e-03	-3.189403e-01
5.796777201000462e-03	-3.189350e-01
5.806777201000463e-03	-3.189403e-01
5.816777201000462e-03	-3.189350e-01
5.826777201000463e-03	-3.189403e-01
5.836777201000462e-03	-3.189350e-01
5.846777201000463e-03	-3.189403e-01
5.856777201000462e-03	-3.189350e-01
5.866777201000463e-03	-3.189403e-01
5.876777201000462e-03	-3.189350e-01
5.886777201000463e-03	-3.189403e-01
5.896777201000463e-03	-3.189350e-01
5.906777201000463e-03	-3.189403e-01
5.916777201000463e-03	-3.189350e-01
5.926777201000463e-03	-3.189403e-01
5.936777201000463e-03	-3.189350e-01
5.946777201000463e-03	-3.189403e-01
5.956777201000463e-03	-3.189350e-01
5.966777201000462e-03	-3.189403e-01
5.976777201000463e-03	-3.189350e-01
5.986777201000462e-03	-3.189403e-01
5.996777201000463e-03	-3.189350e-01
6.006777201000462e-03	-3.189403e-01
6.016777201000463e-03	-3.189350e-01
6.026777201000462e-03	-3.189403e-01
6.036777201000463e-03	-3.189350e-01
6.046777201000463e-03	-3.189403e-01
6.056777201000463e-03	-3.189350e-01
6.066777201000463e-03	-3.189403e-01
6.076777201000463e-03	-3.189350e-01
6.086777201000463e-03	-3.189403e-01
6.096777201000463e-03	-3.189350e-01
6.106777201000463e-03	-3.189403e-01
6.116777201000462e-03	-3.189350e-01
6.126777201000463e-03	-3.189403e-01
6.136777201000462e-03	-3.189350e-01
6.146777201000463e-03	-3.189403e-01
6.156777201000462e-03	-3.189350e-01
6.166777201000463e-03	-3.189403e-01
6.176777201000462e-03	-3.189350e-01
6.186777201000463e-03	-3.189403e-01
6.196777201000462e-03	-3.189350e-01
6.206777201000463e-03	-3.189403e-01
6.216777201000463e-03	-3.189350e-01
6.226777201000463e-03	-3.189403e-01
6.236777201000463e-03	-3.189350e-01
6.246777201000463e-03	-3.189403e-01
6.256777201000463e-03	-3.189350e-01
6.266777201000463e-03	-3.189403e-01
6.276777201000463e-03	-3.189350e-01
6.286777201000462e-03	-3.189403e-01
6.296777201000463e-03	-3.189350e-01
6.306777201000462e-03	-3.189403e-01
6.316777201000463e-03	-3.189350e-01
6.326777201000462e-03	-3.189403e-01
6.336777201000463e-03	-3.189350e-01
6.346777201000462e-03	-3.189403e-01
6.356777201000463e-03	-3.189350e-01
6.366777201000462e-03	-3.189403e-01
6.376777201000463e-03	-3.189350e-01
6.386777201000463e-03	-3.189403e-01
6.396777201000463e-03	-3.189350e-01
6.406777201000463e-03	-3.189403e-01
6.416777201000463e-03	-3.189350e-01
6.426777201000463e-03	-3.189403e-01
6.436777201000462e-03	-3.189350e-01
6.446777201000463e-03	-3.189403e-01
6.456777201000462e-03	-3.189350e-01
6.466777201000463e-03	-3.189403e-01
6.476777201000462e-03	-3.189350e-01
6.486777201000463e-03	-3.189403e-01
6.496777201000462e-03	-3.189350e-01
6.506777201000463e-03	-3.189403e-01
6.516777201000462e-03	-3.189350e-01
6.526777201000463e-03	-3.189403e-01
6.536777201000462e-03	-3.189350e-01
6.546777201000463e-03	-3.189403e-01
6.556777201000463e-03	-3.189350e-01
6.566777201000463e-03	-3.189403e-01
6.576777201000463e-03	-3.189350e-01
6.586777201000463e-03	-3.189403e-01
6.596777201000463e-03	-3.189350e-01
6.606777201000462e-03	-3.189403e-01
6.616777201000463e-03	-3.189350e-01
6.626777201000462e-03	-3.189403e-01
6.636777201000463e-03	-3.189350e-01
6.646777201000462e-03	-3.189403e-01
6.656777201000463e-03	-3.189350e-01
6.666777201000462e-03	-3.189403e-01
6.676777201000463e-03	-3.189350e-01
6.686777201000462e-03	-3.189403e-01
6.696777201000463e-03	-3.189350e-01
6.706777201000463e-03	-3.189403e-01
6.716777201000463e-03	-3.189350e-01
6.726777201000463e-03	-3.189403e-01
6.736777201000463e-03	-3.189350e-01
6.746777201000463e-03	-3.189403e-01
6.756777201000462e-03	-3.189350e-01
6.766777201000463e-03	-3.189403e-01
6.776777201000462e-03	-3.189350e-01
6.786777201000463e-03	-3.189403e-01
6.796777201000462e-03	-3.189350e-01
6.806777201000463e-03	-3.189403e-01
6.816777201000462e-03	-3.189350e-01
6.826777201000463e-03	-3.189403e-01
6.836777201000462e-03	-3.189350e-01
6.846777201000463e-03	-3.189403e-01
6.856777201000462e-03	-3.189350e-01
6.866777201000463e-03	-3.189403e-01
6.876777201000463e-03	-3.189350e-01
6.886777201000463e-03	-3.189403e-01
6.896777201000463e-03	-3.189350e-01
6.906777201000463e-03	-3.189403e-01
6.916777201000463e-03	-3.189350e-01
6.926777201000462e-03	-3.189403e-01
6.936777201000463e-03	-3.189350e-01
6.946777201000462e-03	-3.189403e-01
6.956777201000463e-03	-3.189350e-01
6.966777201000462e-03	-3.189403e-01
6.976777201000463e-03	-3.189350e-01
6.986777201000462e-03	-3.189403e-01
6.996777201000463e-03	-3.189350e-01
7.006777201000462e-03	-3.189403e-01
7.016777201000463e-03	-3.189350e-01
7.026777201000462e-03	-3.189403e-01
7.036777201000463e-03	-3.189350e-01
7.046777201000463e-03	-3.189403e-01
7.056777201000463e-03	-3.189350e-01
7.066777201000463e-03	-3.189403e-01
7.076777201000462e-03	-3.189350e-01
7.086777201000463e-03	-3.189403e-01
7.096777201000462e-03	-3.189350e-01
7.106777201000463e-03	-3.189403e-01
7.116777201000462e-03	-3.189350e-01
7.126777201000463e-03	-3.189403e-01
7.136777201000462e-03	-3.189350e-01
7.146777201000463e-03	-3.189403e-01
7.156777201000462e-03	-3.189350e-01
7.166777201000463e-03	-3.189403e-01
7.176777201000462e-03	-3.189350e-01
7.186777201000463e-03	-3.189403e-01
7.196777201000462e-03	-3.189350e-01
7.206777201000463e-03	-3.189403e-01
7.216777201000463e-03	-3.189350e-01
7.226777201000463e-03	-3.189403e-01
7.236777201000463e-03	-3.189350e-01
7.246777201000462e-03	-3.189403e-01
7.256777201000463e-03	-3.189350e-01
7.266777201000462e-03	-3.189403e-01
7.276777201000463e-03	-3.189350e-01
7.286777201000462e-03	-3.189403e-01
7.296777201000463e-03	-3.189350e-01
7.306777201000462e-03	-3.189403e-01
7.316777201000463e-03	-3.189350e-01
7.326777201000462e-03	-3.189403e-01
7.336777201000463e-03	-3.189350e-01
7.346777201000462e-03	-3.189403e-01
7.356777201000463e-03	-3.189350e-01
7.366777201000463e-03	-3.189403e-01
7.376777201000463e-03	-3.189350e-01
7.386777201000463e-03	-3.189403e-01
7.396777201000462e-03	-3.189350e-01
7.406777201000463e-03	-3.189403e-01
7.416777201000462e-03	-3.189350e-01
7.426777201000463e-03	-3.189403e-01
7.436777201000462e-03	-3.189350e-01
7.446777201000463e-03	-3.189403e-01
7.456777201000462e-03	-3.189350e-01
7.466777201000463e-03	-3.189403e-01
7.476777201000462e-03	-3.189350e-01
7.486777201000463e-03	-3.189403e-01
7.496777201000462e-03	-3.189350e-01
7.506777201000463e-03	-3.189403e-01
7.516777201000462e-03	-3.189350e-01
7.526777201000463e-03	-3.189403e-01
7.536777201000463e-03	-3.189350e-01
7.546777201000463e-03	-3.189403e-01
7.556777201000463e-03	-3.189350e-01
7.566777201000462e-03	-3.189403e-01
7.576777201000463e-03	-3.189350e-01
7.586777201000462e-03	-3.189403e-01
7.596777201000463e-03	-3.189350e-01
7.606777201000462e-03	-3.189403e-01
7.616777201000463e-03	-3.189350e-01
7.626777201000462e-03	-3.189403e-01
7.636777201000463e-03	-3.189350e-01
7.646777201000462e-03	-3.189403e-01
7.656777201000463e-03	-3.189350e-01
7.666777201000462e-03	-3.189403e-01
7.676777201000463e-03	-3.189350e-01
7.686777201000462e-03	-3.189403e-01
7.696777201000463e-03	-3.189350e-01
7.706777201000463e-03	-3.189403e-01
7.716777201000462e-03	-3.189350e-01
7.726777201000463e-03	-3.189403e-01
7.736777201000462e-03	-3.189350e-01
7.746777201000463e-03	-3.189403e-01
7.756777201000462e-03	-3.189350e-01
7.766777201000463e-03	-3.189403e-01
7.776777201000462e-03	-3.189350e-01
7.786777201000463e-03	-3.189403e-01
7.796777201000462e-03	-3.189350e-01
7.806777201000463e-03	-3.189403e-01
7.816777201000463e-03	-3.189350e-01
7.826777201000463e-03	-3.189403e-01
7.836777201000462e-03	-3.189350e-01
7.846777201000462e-03	-3.189403e-01
7.856777201000463e-03	-3.189350e-01
7.866777201000463e-03	-3.189403e-01
7.876777201000463e-03	-3.189350e-01
7.886777201000462e-03	-3.189403e-01
7.896777201000462e-03	-3.189350e-01
7.906777201000463e-03	-3.189403e-01
7.916777201000463e-03	-3.189350e-01
7.926777201000462e-03	-3.189403e-01
7.936777201000462e-03	-3.189350e-01
7.946777201000463e-03	-3.189403e-01
7.956777201000463e-03	-3.189350e-01
7.966777201000462e-03	-3.189403e-01
7.976777201000462e-03	-3.189350e-01
7.986777201000463e-03	-3.189403e-01
7.996777201000463e-03	-3.189350e-01
8.006777201000462e-03	-3.189403e-01
8.016777201000462e-03	-3.189350e-01
8.026777201000463e-03	-3.189403e-01
8.036777201000463e-03	-3.189350e-01
8.046777201000463e-03	-3.189403e-01
8.056777201000462e-03	-3.189350e-01
8.066777201000462e-03	-3.189403e-01
8.076777201000463e-03	-3.189350e-01
8.086777201000463e-03	-3.189403e-01
8.096777201000462e-03	-3.189350e-01
8.106777201000462e-03	-3.189403e-01
8.116777201000463e-03	-3.189350e-01
8.126777201000463e-03	-3.189403e-01
8.136777201000462e-03	-3.189350e-01
8.146777201000462e-03	-3.189403e-01
8.156777201000463e-03	-3.189350e-01
8.166777201000463e-03	-3.189403e-01
8.176777201000462e-03	-3.189350e-01
8.186777201000462e-03	-3.189403e-01
8.196777201000462e-03	-3.189350e-01
8.206777201000463e-03	-3.189403e-01
8.216777201000463e-03	-3.189350e-01
8.226777201000462e-03	-3.189403e-01
8.236777201000462e-03	-3.189350e-01
8.246777201000463e-03	-3.189403e-01
8.256777201000463e-03	-3.189350e-01
8.266777201000462e-03	-3.189403e-01
8.276777201000462e-03	-3.189350e-01
8.286777201000463e-03	-3.189403e-01
8.296777201000463e-03	-3.189350e-01
8.306777201000462e-03	-3.189403e-01
8.316777201000462e-03	-3.189350e-01
8.326777201000463e-03	-3.189403e-01
8.336777201000463e-03	-3.189350e-01
8.346777201000462e-03	-3.189403e-01
8.356777201000462e-03	-3.189350e-01
8.366777201000462e-03	-3.189403e-01
8.376777201000463e-03	-3.189350e-01
8.386777201000463e-03	-3.189403e-01
8.396777201000462e-03	-3.189350e-01
8.406777201000462e-03	-3.189403e-01
8.416777201000463e-03	-3.189350e-01
8.426777201000463e-03	-3.189403e-01
8.436777201000462e-03	-3.189350e-01
8.446777201000462e-03	-3.189403e-01
8.456777201000463e-03	-3.189350e-01
8.466777201000463e-03	-3.189403e-01
8.476777201000462e-03	-3.189350e-01
8.486777201000462e-03	-3.189403e-01
8.496777201000463e-03	-3.189350e-01
8.506777201000463e-03	-3.189403e-01
8.516777201000462e-03	-3.189350e-01
8.526777201000462e-03	-3.189403e-01
8.536777201000462e-03	-3.189350e-01
8.546777201000463e-03	-3.189403e-01
8.556777201000463e-03	-3.189350e-01
8.566777201000462e-03	-3.189403e-01
8.576777201000462e-03	-3.189350e-01
8.586777201000463e-03	-3.189403e-01
8.596777201000463e-03	-3.189350e-01
8.606777201000462e-03	-3.189403e-01
8.616777201000462e-03	-3.189350e-01
8.626777201000463e-03	-3.189403e-01
8.636777201000463e-03	-3.189350e-01
8.646777201000462e-03	-3.189403e-01
8.656777201000462e-03	-3.189350e-01
8.666777201000463e-03	-3.189403e-01
8.676777201000463e-03	-3.189350e-01
8.686777201000462e-03	-3.189403e-01
8.696777201000462e-03	-3.189350e-01
8.706777201000462e-03	-3.189403e-01
8.716777201000463e-03	-3.189350e-01
8.726777201000463e-03	-3.189403e-01
8.736777201000462e-03	-3.189350e-01
8.746777201000462e-03	-3.189403e-01
8.756777201000463e-03	-3.189350e-01
8.766777201000463e-03	-3.189403e-01
8.776777201000462e-03	-3.189350e-01
8.786777201000462e-03	-3.189403e-01
8.796777201000463e-03	-3.189350e-01
8.806777201000463e-03	-3.189403e-01
8.816777201000462e-03	-3.189350e-01
8.826777201000462e-03	-3.189403e-01
8.836777201000462e-03	-3.189350e-01
8.846777201000463e-03	-3.189403e-01
8.856777201000463e-03	-3.189350e-01
8.866777201000462e-03	-3.189403e-01
8.876777201000462e-03	-3.189350e-01
8.886777201000463e-03	-3.189403e-01
8.896777201000463e-03	-3.189350e-01
8.906777201000462e-03	-3.189403e-01
8.916777201000462e-03	-3.189350e-01
8.926777201000463e-03	-3.189403e-01
8.936777201000463e-03	-3.189350e-01
8.946777201000462e-03	-3.189403e-01
8.956777201000462e-03	-3.189350e-01
8.966777201000463e-03	-3.189403e-01
8.976777201000463e-03	-3.189350e-01
8.986777201000462e-03	-3.189403e-01
8.996777201000462e-03	-3.189350e-01
9.006777201000462e-03	-3.189403e-01
9.016777201000463e-03	-3.189350e-01
9.026777201000463e-03	-3.189403e-01
9.036777201000462e-03	-3.189350e-01
9.046777201000462e-03	-3.189403e-01
9.056777201000463e-03	-3.189350e-01
9.066777201000463e-03	-3.189403e-01
9.076777201000462e-03	-3.189350e-01
9.086777201000462e-03	-3.189403e-01
9.096777201000463e-03	-3.189350e-01
9.106777201000463e-03	-3.189403e-01
9.116777201000462e-03	-3.189350e-01
9.126777201000462e-03	-3.189403e-01
9.136777201000463e-03	-3.189350e-01
9.146777201000463e-03	-3.189403e-01
9.156777201000462e-03	-3.189350e-01
9.166777201000462e-03	-3.189403e-01
9.176777201000462e-03	-3.189350e-01
9.186777201000463e-03	-3.189403e-01
9.196777201000463e-03	-3.189350e-01
9.206777201000462e-03	-3.189403e-01
9.216777201000462e-03	-3.189350e-01
9.226777201000463e-03	-3.189403e-01
9.236777201000463e-03	-3.189350e-01
9.246777201000462e-03	-3.189403e-01
9.256777201000462e-03	-3.189350e-01
9.266777201000463e-03	-3.189403e-01
9.276777201000463e-03	-3.189350e-01
9.286777201000462e-03	-3.189403e-01
9.296777201000462e-03	-3.189350e-01
9.306777201000463e-03	-3.189403e-01
9.316777201000463e-03	-3.189350e-01
9.326777201000462e-03	-3.189403e-01
9.336777201000462e-03	-3.189350e-01
9.346777201000462e-03	-3.189403e-01
9.356777201000463e-03	-3.189350e-01
9.366777201000463e-03	-3.189403e-01
9.376777201000462e-03	-3.189350e-01
9.386777201000462e-03	-3.189403e-01
9.396777201000463e-03	-3.189350e-01
9.406777201000463e-03	-3.189403e-01
9.416777201000462e-03	-3.189350e-01
9.426777201000462e-03	-3.189403e-01
9.436777201000463e-03	-3.189350e-01
9.446777201000463e-03	-3.189403e-01
9.456777201000462e-03	-3.189350e-01
9.466777201000462e-03	-3.189403e-01
9.476777201000462e-03	-3.189350e-01
9.486777201000463e-03	-3.189403e-01
9.496777201000462e-03	-3.189350e-01
9.506777201000462e-03	-3.189403e-01
9.516777201000462e-03	-3.189350e-01
9.526777201000463e-03	-3.189403e-01
9.536777201000463e-03	-3.189350e-01
9.546777201000462e-03	-3.189403e-01
9.556777201000462e-03	-3.189350e-01
9.566777201000463e-03	-3.189403e-01
9.576777201000463e-03	-3.189350e-01
9.586777201000462e-03	-3.189403e-01
9.596777201000462e-03	-3.189350e-01
9.606777201000463e-03	-3.189403e-01
9.616777201000463e-03	-3.189350e-01
9.626777201000462e-03	-3.189403e-01
9.636777201000462e-03	-3.189350e-01
9.646777201000462e-03	-3.189403e-01
9.656777201000463e-03	-3.189350e-01
9.666777201000462e-03	-3.189403e-01
9.676777201000462e-03	-3.189350e-01
9.686777201000462e-03	-3.189403e-01
9.696777201000463e-03	-3.189350e-01
9.706777201000463e-03	-3.189403e-01
9.716777201000462e-03	-3.189350e-01
9.726777201000462e-03	-3.189403e-01
9.736777201000463e-03	-3.189350e-01
9.746777201000463e-03	-3.189403e-01
9.756777201000462e-03	-3.189350e-01
9.766777201000462e-03	-3.189403e-01
9.776777201000463e-03	-3.189350e-01
9.786777201000463e-03	-3.189403e-01
9.796777201000462e-03	-3.189350e-01
9.806777201000462e-03	-3.189403e-01
9.816777201000462e-03	-3.189350e-01
9.826777201000463e-03	-3.189403e-01
9.836777201000462e-03	-3.189350e-01
9.846777201000462e-03	-3.189403e-01
9.856777201000462e-03	-3.189350e-01
9.866777201000463e-03	-3.189403e-01
9.876777201000463e-03	-3.189350e-01
9.886777201000462e-03	-3.189403e-01
9.896777201000462e-03	-3.189350e-01
9.906777201000463e-03	-3.189403e-01
9.916777201000463e-03	-3.189350e-01
9.926777201000462e-03	-3.189403e-01
9.936777201000462e-03	-3.189350e-01
9.946777201000463e-03	-3.189403e-01
9.956777201000463e-03	-3.189350e-01
9.966777201000462e-03	-3.189403e-01
9.976777201000462e-03	-3.189350e-01
9.986777201000462e-03	-3.189403e-01
9.996777201000463e-03	-3.189350e-01
1.000000000000000e-02	-3.189403e-01
1.000000000100000e-02	-3.189296e-01
1.000000000200000e-02	-3.189416e-01
1.000000000440036e-02	-3.189325e-01
1.000000000670974e-02	-3.189418e-01
1.000000001132851e-02	-3.189331e-01
1.000000002056606e-02	-3.189417e-01
1.000000003904114e-02	-3.189332e-01
1.000000007599130e-02	-3.189417e-01
1.000000014989163e-02	-3.189333e-01
1.000000029769228e-02	-3.189417e-01
1.000000059329359e-02	-3.189334e-01
1.000000118449621e-02	-3.189418e-01
1.000000236690145e-02	-3.189334e-01
1.000000473171193e-02	-3.189418e-01
1.000000946133289e-02	-3.189333e-01
1.000001768512010e-02	-3.189416e-01
1.000002962941878e-02	-3.189332e-01
1.000005351801612e-02	-3.189412e-01
1.000010129521082e-02	-3.189252e-01
1.000017107512809e-02	-3.189425e-01
1.000023641157216e-02	-3.189366e-01
1.000031640405013e-02	-3.189474e-01
1.000039247140321e-02	-3.189413e-01
1.000054460610937e-02	-3.189521e-01
1.000056509205748e-02	-3.189482e-01
1.000060606395368e-02	-3.189483e-01
1.000068800774609e-02	-3.189484e-01
1.000085189533090e-02	-3.189484e-01
1.000117967050053e-02	-3.189479e-01
1.000175612799541e-02	-3.189453e-01
1.000242101865658e-02	-3.189400e-01
1.000253900728738e-02	-3.189389e-01
1.000277498454898e-02	-3.189365e-01
1.000324693907220e-02	-3.189313e-01
1.000336492770300e-02	-3.189299e-01
1.000360090496460e-02	-3.189271e-01
1.000407285948781e-02	-3.189216e-01
1.000501676853423e-02	-3.189102e-01
1.000690458662707e-02	-3.188867e-01
1.001068022281275e-02	-3.188365e-01
1.001823149518411e-02	-3.187201e-01
1.002823149518411e-02	-3.185104e-01
1.003823149518411e-02	-3.181671e-01
1.004823149518411e-02	-3.174430e-01
1.005823149518411e-02	-3.140698e-01
1.006823149518411e-02	-3.041047e-01
1.007823149518411e-02	-2.942316e-01
1.008823149518411e-02	-2.850940e-01
1.009823149518411e-02	-2.803077e-01
1.010000000000000e-02	-2.821041e-01
1.010000000100000e-02	-2.821048e-01
1.010000001700000e-02	-2.821063e-01
1.010000004900000e-02	-2.821074e-01
1.010000011300000e-02	-2.821089e-01
1.010000024100000e-02	-2.821106e-01
1.010000049700000e-02	-2.821146e-01
1.010000100900000e-02	-2.821203e-01
1.010000203300000e-02	-2.821303e-01
1.010000408100000e-02	-2.821424e-01
1.010000817700000e-02	-2.821559e-01
1.010001636900000e-02	-2.821691e-01
1.010003275300001e-02	-2.821916e-01
1.010006552100002e-02	-2.822362e-01
1.010013105700003e-02	-2.823270e-01
1.010026212900006e-02	-2.825106e-01
1.010052427300013e-02	-2.828912e-01
1.010104856100025e-02	-2.836993e-01
1.010209713700050e-02	-2.855043e-01
1.010419428900100e-02	-2.898265e-01
1.010838859300201e-02	-3.010348e-01
1.011677720100402e-02	-3.314809e-01
1.012677720100402e-02	-3.758810e-01
1.013677720100402e-02	-4.185838e-01
1.014677720100401e-02	-4.248208e-01
1.015677720100402e-02	-4.186465e-01
1.016677720100402e-02	-4.015134e-01
1.017677720100402e-02	-3.008229e-01
1.018677720100401e-02	-2.160790e-01
1.019677720100402e-02	-4.642935e-02
1.020628398511358e-02	7.544051e-06
1.021628398511358e-02	4.472669e-06
1.022628398511358e-02	7.249343e-06
1.023628398511358e-02	4.196365e-06
1.024628398511358e-02	6.966872e-06
1.025628398511358e-02	3.934098e-06
1.026628398511358e-02	6.699941e-06
1.027628398511358e-02	3.683805e-06
1.028628398511358e-02	6.446602e-06
1.029628398511358e-02	3.444626e-06
1.030628398511358e-02	6.205157e-06
1.031628398511358e-02	3.215120e-06
1.032628398511358e-02	5.972646e-06
1.033628398511358e-02	2.986293e-06
1.034628398511358e-02	5.729598e-06
1.035628398511358e-02	2.781185e-06
1.036628398511358e-02	5.525734e-06
1.037628398511358e-02	2.597648e-06
1.038628398511358e-02	5.452157e-06
1.039628398511358e-02	2.515945e-06
1.040628398511358e-02	5.263432e-06
1.041628398511358e-02	2.265297e-06
1.042484828668301e-02	4.841907e-06
1.043294709040270e-02	2.061435e-06
1.044082414497654e-02	4.536864e-06
1.045082414497654e-02	1.477724e-06
1.046082414497653e-02	3.831236e-06
1.047082414497653e-02	8.855474e-07
1.048082414497654e-02	3.255884e-06
1.049082414497654e-02	3.526564e-07
1.050082414497653e-02	2.739390e-06
1.051082414497653e-02	-1.233552e-07
1.052082414497653e-02	2.277546e-06
1.053082414497654e-02	-5.428086e-07
1.054082414497653e-02	1.872177e-06
1.055082414497653e-02	-9.115494e-07
1.056082414497653e-02	1.519607e-06
1.057082414497654e-02	-1.218918e-06
1.058082414497654e-02	1.219314e-06
1.059082414497653e-02	-1.475082e-06
1.060082414497653e-02	9.592065e-07
1.061082414497654e-02	-1.687631e-06
1.062082414497654e-02	7.275248e-07
1.063082414497653e-02	-1.859442e-06
1.064082414497653e-02	5.119325e-07
1.065082414497653e-02	-1.978144e-06
1.066082414497654e-02	2.731089e-07
1.067082414497653e-02	-1.991865e-06
1.068082414497653e-02	-3.526049e-08
1.069082414497653e-02	-1.910910e-06
1.070082414497654e-02	-3.555914e-07
1.071082414497653e-02	-1.855733e-06
1.072082414497653e-02	-5.397332e-07
1.073082414497653e-02	-2.006071e-06
1.074082414497654e-02	-3.770713e-07
1.075082414497654e-02	-2.450664e-06
1.076082414497653e-02	1.336120e-08
1.077082414497653e-02	-2.874914e-06
1.078082414497654e-02	1.090353e-07
1.079082414497654e-02	-2.835170e-06
1.080082414497653e-02	-1.228965e-07
1.081082414497653e-02	-2.643003e-06
1.082082414497653e-02	-3.378456e-07
1.083082414497654e-02	-2.463061e-06
1.084082414497653e-02	-5.297064e-07
1.085082414497653e-02	-2.293344e-06
1.086082414497653e-02	-7.026429e-07
1.087082414497654e-02	-2.136802e-06
1.088082414497653e-02	-8.625768e-07
1.089082414497653e-02	-1.996826e-06
1.090082414497653e-02	-1.013851e-06
1.091082414497654e-02	-1.871205e-06
1.092082414497654e-02	-1.152008e-06
1.093082414497653e-02	-1.753391e-06
1.094082414497653e-02	-1.275250e-06
1.095082414497654e-02	-1.641668e-06
1.096082414497654e-02	-1.384261e-06
1.097082414497653e-02	-1.535219e-06
1.098082414497653e-02	-1.480293e-06
1.099082414497653e-02	-1.433892e-06
1.100000000100000e-02	-1.569127e-06
1.100000000200000e-02	-2.199605e-06
1.100000001800000e-02	-1.733828e-06
1.100000005000000e-02	-2.259875e-06
1.100000011400000e-02	-2.029888e-06
1.100000024200000e-02	-2.301919e-06
1.100000049800000e-02	-1.535252e-06
1.100000101000000e-02	-1.064666e-06
1.100000203400000e-02	-2.155032e-07
1.100000408200000e-02	-5.351979e-07
1.100000817800000e-02	-4.079496e-07
1.100001637000000e-02	-7.426786e-07
1.100003275400001e-02	-5.804427e-07
1.100006552200002e-02	-1.063812e-06
1.100013105800003e-02	-1.034242e-06
1.100026213000006e-02	-1.546444e-06
1.100052427400013e-02	-1.337766e-06
1.100095746065785e-02	-1.617042e-06
1.100182383397330e-02	-1.331535e-06
1.100355658060420e-02	-1.617204e-06
1.100702207386599e-02	-1.328762e-06
1.101395306038959e-02	-1.612533e-06
1.102395306038959e-02	-1.320146e-06
1.103395306038958e-02	-1.601770e-06
1.104395306038958e-02	-1.308410e-06
1.105395306038959e-02	-1.589495e-06
1.106395306038959e-02	-1.295411e-06
1.107395306038958e-02	-1.576160e-06
1.108395306038958e-02	-1.283631e-06
1.109395306038959e-02	-1.571396e-06
1.110395306038959e-02	-1.286048e-06
1.111395306038959e-02	-1.576781e-06
1.112395306038958e-02	-1.291186e-06
1.113395306038958e-02	-1.579944e-06
1.114395306038959e-02	-1.291013e-06
1.115395306038959e-02	-1.575898e-06
1.116395306038958e-02	-1.280422e-06
1.117395306038958e-02	-1.557824e-06
1.118395306038959e-02	-1.256941e-06
1.119395306038959e-02	-1.531317e-06
1.120395306038958e-02	-1.228775e-06
1.121395306038958e-02	-1.502709e-06
1.122395306038959e-02	-1.200244e-06
1.123395306038959e-02	-1.474803e-06
1.124395306038958e-02	-1.173000e-06
1.125395306038958e-02	-1.448416e-06
1.126395306038958e-02	-1.147298e-06
1.127395306038959e-02	-1.423462e-06
1.128395306038959e-02	-1.122884e-06
1.129395306038958e-02	-1.399639e-06
1.130395306038958e-02	-1.099471e-06
1.131395306038959e-02	-1.376707e-06
1.132395306038959e-02	-1.076877e-06
1.133395306038958e-02	-1.354537e-06
1.134395306038958e-02	-1.055010e-06
1.135395306038959e-02	-1.333063e-06
1.136395306038959e-02	-1.033825e-06
1.137395306038958e-02	-1.312255e-06
1.138395306038958e-02	-1.013296e-06
1.139395306038959e-02	-1.292091e-06
1.140395306038959e-02	-9.934070e-07
1.141395306038958e-02	-1.272556e-06
1.142395306038958e-02	-9.741404e-07
1.143395306038958e-02	-1.253632e-06
1.144395306038959e-02	-9.554797e-07
1.145395306038959e-02	-1.235304e-06
1.146395306038958e-02	-9.374069e-07
1.147395306038958e-02	-1.217552e-06
1.148395306038959e-02	-9.199035e-07
1.149395306038959e-02	-1.200358e-06
1.150395306038958e-02	-9.029504e-07
1.151395306038958e-02	-1.183704e-06
1.152395306038959e-02	-8.865285e-07
1.153395306038959e-02	-1.167569e-06
1.154395306038958e-02	-8.706185e-07
1.155395306038958e-02	-1.151935e-06
1.156395306038959e-02	-8.552013e-07
1.157395306038959e-02	-1.136783e-06
1.158395306038958e-02	-8.402582e-07
1.159395306038958e-02	-1.122095e-06
1.160395306038958e-02	-8.257711e-07
1.161395306038959e-02	-1.107853e-06
1.162395306038959e-02	-8.117223e-07
1.163395306038958e-02	-1.094040e-06
1.164395306038958e-02	-7.980947e-07
1.165395306038959e-02	-1.080638e-06
1.166395306038959e-02	-7.848718e-07
1.167395306038958e-02	-1.067633e-06
1.168395306038958e-02	-7.720378e-07
1.169395306038959e-02	-1.055008e-06
1.170395306038959e-02	-7.595774e-07
1.171395306038958e-02	-1.042748e-06
1.172395306038958e-02	-7.474760e-07
1.173395306038959e-02	-1.030840e-06
1.174395306038959e-02	-7.357197e-07
1.175395306038958e-02	-1.019269e-06
1.176395306038958e-02	-7.242950e-07
1.177395306038958e-02	-1.008023e-06
1.178395306038959e-02	-7.131890e-07
1.179395306038959e-02	-9.970887e-07
1.180395306038958e-02	-7.023895e-07
1.181395306038958e-02	-9.864547e-07
1.182395306038959e-02	-6.918846e-07
1.183395306038959e-02	-9.761093e-07
1.184395306038958e-02	-6.816632e-07
1.185395306038958e-02	-9.660414e-07
1.186395306038959e-02	-6.717145e-07
1.187395306038959e-02	-9.562406e-07
1.188395306038958e-02	-6.620282e-07
1.189395306038958e-02	-9.466969e-07
1.190395306038958e-02	-6.525944e-07
1.191395306038959e-02	-9.374007e-07
1.192395306038958e-02	-6.434037e-07
1.193395306038958e-02	-9.283428e-07
1.194395306038958e-02	-6.344472e-07
1.195395306038959e-02	-9.195145e-07
1.196395306038959e-02	-6.257162e-07
1.197395306038958e-02	-1.163897e-06
1.198395306038958e-02	-1.101018e-06
1.199395306038959e-02	-1.154609e-06
1.200395306038959e-02	-1.013210e-06
1.201395306038958e-02	-1.147695e-06
1.202395306038958e-02	-9.576437e-07
1.203395306038959e-02	-1.135329e-06
1.204395306038959e-02	-9.108563e-07
1.205395306038958e-02	-1.126367e-06
1.206395306038958e-02	-8.752323e-07
1.207395306038958e-02	-1.116262e-06
1.208395306038959e-02	-8.484096e-07
1.209395306038958e-02	-1.106358e-06
1.210395306038958e-02	-8.277454e-07
1.211395306038958e-02	-1.096403e-06
1.212395306038959e-02	-8.111793e-07
1.213395306038959e-02	-1.086545e-06
1.214395306038958e-02	-7.973136e-07
1.215395306038958e-02	-1.076845e-06
1.216395306038959e-02	-7.852387e-07
1.217395306038959e-02	-1.067338e-06
1.218395306038958e-02	-7.743633e-07
1.219395306038958e-02	-1.058029e-06
1.220395306038959e-02	-7.642994e-07
1.221395306038959e-02	-1.048908e-06
1.222395306038958e-02	-7.547881e-07
1.223395306038958e-02	-4.657115e-06
1.224395306038958e-02	-6.672688e-06
1.225395306038959e-02	-3.635600e-06
1.226395306038959e-02	-4.389217e-06
1.227395306038958e-02	-3.297524e-06
1.228395306038958e-02	-3.453179e-06
1.229395306038959e-02	-3.168280e-06
1.230395306038959e-02	-3.057464e-06
1.231395306038958e-02	-3.099941e-06
1.232395306038958e-02	-2.887130e-06
1.233395306038959e-02	-3.058282e-06
1.234395306038959e-02	-2.805155e-06
1.235395306038958e-02	-3.029618e-06
1.236395306038958e-02	-2.761140e-06
1.237395306038959e-02	-3.008156e-06
1.238395306038959e-02	-2.729731e-06
1.239395306038958e-02	-2.990435e-06
1.240395306038958e-02	-2.706902e-06
1.241395306038958e-02	-2.975364e-06
1.242395306038959e-02	-2.688882e-06
1.243395306038959e-02	-2.962305e-06
1.244395306038958e-02	-2.674022e-06
1.245395306038958e-02	-2.950890e-06
1.246395306038959e-02	-2.661497e-06
1.247395306038959e-02	-2.940876e-06
1.248395306038958e-02	-2.650827e-06
1.249395306038958e-02	-2.932086e-06
1.250395306038959e-02	-2.641686e-06
1.251395306038959e-02	-2.924373e-06
1.252395306038958e-02	-2.633832e-06
1.253395306038958e-02	-2.917614e-06
1.254395306038958e-02	-2.627072e-06
1.255395306038959e-02	-2.911698e-06
1.256395306038958e-02	-2.621248e-06
1.257395306038958e-02	-2.906526e-06
1.258395306038958e-02	-2.616226e-06
1.259395306038959e-02	-2.902009e-06
1.260395306038959e-02	-2.611894e-06
1.261395306038958e-02	-2.898069e-06
1.262395306038958e-02	-2.608157e-06
1.263395306038959e-02	-2.894637e-06
1.264395306038959e-02	-2.604932e-06
1.265395306038958e-02	-2.891648e-06
1.266395306038958e-02	-2.602151e-06
1.267395306038959e-02	-2.889049e-06
1.268395306038959e-02	-2.599752e-06
1.269395306038958e-02	-2.886792e-06
1.270395306038958e-02	-2.597684e-06
1.271395306038958e-02	-2.884832e-06
1.272395306038959e-02	-2.595902e-06
1.273395306038958e-02	-2.883134e-06
1.274395306038958e-02	-2.594368e-06
1.275395306038958e-02	-2.881663e-06
1.276395306038959e-02	-2.593049e-06
1.277395306038959e-02	-2.880390e-06
1.278395306038958e-02	-2.591915e-06
1.279395306038958e-02	-2.879292e-06
1.280395306038959e-02	-2.590941e-06
1.281395306038959e-02	-2.878344e-06
1.282395306038958e-02	-2.590107e-06
1.283395306038958e-02	-2.877528e-06
1.284395306038959e-02	-2.589394e-06
1.285395306038959e-02	-2.876826e-06
1.286395306038958e-02	-2.588785e-06
1.287395306038958e-02	-2.876225e-06
1.288395306038958e-02	-2.588266e-06
1.289395306038959e-02	-2.875710e-06
1.290395306038958e-02	-2.587826e-06
1.291395306038958e-02	-2.875271e-06
1.292395306038958e-02	-2.587452e-06
1.293395306038959e-02	-2.874898e-06
1.294395306038959e-02	-2.587138e-06
1.295395306038958e-02	-2.874582e-06
1.296395306038958e-02	-2.586874e-06
1.297395306038959e-02	-2.874315e-06
1.298395306038959e-02	-2.586653e-06
1.299395306038958e-02	-2.874092e-06
1.300395306038958e-02	-2.586470e-06
1.301395306038959e-02	-2.873906e-06
1.302395306038959e-02	-2.586320e-06
1.303395306038958e-02	-2.873752e-06
1.304395306038958e-02	-2.586198e-06
1.305395306038958e-02	-2.873626e-06
1.306395306038959e-02	-2.586099e-06
1.307395306038958e-02	-2.873525e-06
1.308395306038958e-02	-2.586021e-06
1.309395306038958e-02	-2.873444e-06
1.310395306038959e-02	-2.585961e-06
1.311395306038959e-02	-2.873382e-06
1.312395306038958e-02	-2.585916e-06
1.313395306038958e-02	-2.873335e-06
1.314395306038959e-02	-2.585885e-06
1.315395306038959e-02	-2.873301e-06
1.316395306038958e-02	-2.585864e-06
1.317395306038958e-02	-2.873280e-06
1.318395306038958e-02	-2.585852e-06
1.319395306038959e-02	-2.873268e-06
1.320395306038958e-02	-2.585849e-06
1.321395306038958e-02	-2.873264e-06
1.322395306038958e-02	-2.585853e-06
1.323395306038959e-02	-2.873268e-06
1.324395306038958e-02	-2.585862e-06
1.325395306038958e-02	-2.873278e-06
1.326395306038958e-02	-2.585875e-06
1.327395306038959e-02	-2.873293e-06
1.328395306038959e-02	-2.585893e-06
1.329395306038958e-02	-2.873313e-06
1.330395306038958e-02	-2.585914e-06
1.331395306038959e-02	-2.873336e-06
1.332395306038959e-02	-2.585938e-06
1.333395306038958e-02	-2.873362e-06
1.334395306038958e-02	-2.585964e-06
1.335395306038958e-02	-2.873391e-06
1.336395306038959e-02	-2.585992e-06
1.337395306038958e-02	-2.873422e-06
1.338395306038958e-02	-2.586020e-06
1.339395306038958e-02	-2.873455e-06
1.340395306038959e-02	-2.586050e-06
1.341395306038958e-02	-2.873489e-06
1.342395306038958e-02	-2.586081e-06
1.343395306038958e-02	-2.873524e-06
1.344395306038959e-02	-2.586112e-06
1.345395306038959e-02	-2.873560e-06
1.346395306038958e-02	-2.586144e-06
1.347395306038958e-02	-2.873597e-06
1.348395306038959e-02	-2.586175e-06
1.349395306038959e-02	-2.873634e-06
1.350395306038958e-02	-2.586207e-06
1.351395306038958e-02	-2.873671e-06
1.352395306038958e-02	-2.586238e-06
1.353395306038959e-02	-2.873708e-06
1.354395306038958e-02	-2.586270e-06
1.355395306038958e-02	-2.873745e-06
1.356395306038958e-02	-2.586301e-06
1.357395306038959e-02	-2.873782e-06
1.358395306038958e-02	-2.586331e-06
1.359395306038958e-02	-2.873820e-06
1.360395306038958e-02	-2.586361e-06
1.361395306038959e-02	-2.873856e-06
1.362395306038959e-02	-2.586391e-06
1.363395306038958e-02	-2.873892e-06
1.364395306038958e-02	-2.586419e-06
1.365395306038959e-02	-2.873928e-06
1.366395306038959e-02	-2.586448e-06
1.367395306038958e-02	-2.873964e-06
1.368395306038958e-02	-2.586476e-06
1.369395306038958e-02	-2.873999e-06
1.370395306038959e-02	-2.586503e-06
1.371395306038958e-02	-2.874033e-06
1.372395306038958e-02	-2.586529e-06
1.373395306038958e-02	-2.874067e-06
1.374395306038959e-02	-2.586555e-06
1.375395306038959e-02	-2.874101e-06
1.376395306038958e-02	-2.586580e-06
1.377395306038958e-02	-2.874134e-06
1.378395306038959e-02	-2.586605e-06
1.379395306038959e-02	-2.874166e-06
1.380395306038958e-02	-2.586629e-06
1.381395306038958e-02	-2.874198e-06
1.382395306038958e-02	-2.586652e-06
1.383395306038959e-02	-2.874229e-06
1.384395306038958e-02	-2.586675e-06
1.385395306038958e-02	-2.874260e-06
1.386395306038958e-02	-2.586697e-06
1.387395306038959e-02	-2.874290e-06
1.388395306038958e-02	-2.586718e-06
1.389395306038958e-02	-2.874319e-06
1.390395306038958e-02	-2.586739e-06
1.391395306038959e-02	-2.874348e-06
1.392395306038959e-02	-2.586759e-06
1.393395306038958e-02	-2.874377e-06
1.394395306038958e-02	-2.586778e-06
1.395395306038959e-02	-2.874404e-06
1.396395306038959e-02	-2.586797e-06
1.397395306038958e-02	-2.874432e-06
1.398395306038958e-02	-2.586816e-06
1.399395306038958e-02	-2.874458e-06
1.400395306038959e-02	-2.586833e-06
1.401395306038958e-02	-2.874485e-06
1.402395306038958e-02	-2.586851e-06
1.403395306038958e-02	-2.874510e-06
1.404395306038959e-02	-2.586867e-06
1.405395306038958e-02	-2.874536e-06
1.406395306038958e-02	-2.586884e-06
1.407395306038958e-02	-2.874560e-06
1.408395306038959e-02	-2.586899e-06
1.409395306038959e-02	-2.874584e-06
1.410395306038958e-02	-2.586914e-06
1.411395306038958e-02	-2.874608e-06
1.412395306038959e-02	-2.586929e-06
1.413395306038959e-02	-2.874631e-06
1.414395306038958e-02	-2.586943e-06
1.415395306038958e-02	-2.874654e-06
1.416395306038958e-02	-2.586956e-06
1.417395306038959e-02	-2.874677e-06
1.418395306038958e-02	-2.586970e-06
1.419395306038958e-02	-2.874699e-06
1.420395306038958e-02	-2.586983e-06
1.421395306038959e-02	-2.874720e-06
1.422395306038958e-02	-2.586995e-06
1.423395306038958e-02	-2.874741e-06
1.424395306038958e-02	-2.587007e-06
1.425395306038959e-02	-2.874762e-06
1.426395306038959e-02	-2.587018e-06
1.427395306038958e-02	-2.874782e-06
1.428395306038958e-02	-2.587029e-06
1.429395306038959e-02	-2.874802e-06
1.430395306038959e-02	-2.587040e-06
1.431395306038958e-02	-2.874821e-06
1.432395306038958e-02	-2.587050e-06
1.433395306038958e-02	-2.874840e-06
1.434395306038959e-02	-2.587060e-06
1.435395306038958e-02	-2.874859e-06
1.436395306038958e-02	-2.587070e-06
1.437395306038958e-02	-2.874877e-06
1.438395306038959e-02	-2.587079e-06
1.439395306038958e-02	-2.874895e-06
1.440395306038958e-02	-2.587088e-06
1.441395306038958e-02	-2.874913e-06
1.442395306038959e-02	-2.587096e-06
1.443395306038959e-02	-2.874930e-06
1.444395306038958e-02	-2.587104e-06
1.445395306038958e-02	-2.874947e-06
1.446395306038958e-02	-2.587112e-06
1.447395306038959e-02	-2.874964e-06
1.448395306038958e-02	-2.587120e-06
1.449395306038958e-02	-2.874980e-06
1.450395306038958e-02	-2.587127e-06
1.451395306038959e-02	-2.874996e-06
1.452395306038958e-02	-2.587134e-06
1.453395306038958e-02	-2.875012e-06
1.454395306038958e-02	-2.587140e-06
1.455395306038959e-02	-2.875028e-06
1.456395306038958e-02	-2.587147e-06
1.457395306038958e-02	-2.875043e-06
1.458395306038958e-02	-2.587153e-06
1.459395306038959e-02	-2.875058e-06
1.460395306038959e-02	-2.587158e-06
1.461395306038958e-02	-2.875072e-06
1.462395306038958e-02	-2.587164e-06
1.463395306038958e-02	-2.875087e-06
1.464395306038959e-02	-2.587169e-06
1.465395306038958e-02	-2.875101e-06
1.466395306038958e-02	-2.587174e-06
1.467395306038958e-02	-2.875115e-06
1.468395306038959e-02	-2.587179e-06
1.469395306038958e-02	-2.875128e-06
1.470395306038958e-02	-2.587184e-06
1.471395306038958e-02	-2.875142e-06
1.472395306038959e-02	-2.587188e-06
1.473395306038958e-02	-2.875155e-06
1.474395306038958e-02	-2.587192e-06
1.475395306038958e-02	-2.875168e-06
1.476395306038959e-02	-2.587196e-06
1.477395306038959e-02	-2.875181e-06
1.478395306038958e-02	-2.587200e-06
1.479395306038958e-02	-2.875193e-06
1.480395306038958e-02	-2.587203e-06
1.481395306038959e-02	-2.875206e-06
1.482395306038958e-02	-2.587206e-06
1.483395306038958e-02	-2.875218e-06
1.484395306038958e-02	-2.587209e-06
1.485395306038959e-02	-2.875229e-06
1.486395306038958e-02	-2.587212e-06
1.487395306038958e-02	-2.875241e-06
1.488395306038958e-02	-2.587215e-06
1.489395306038959e-02	-2.875253e-06
1.490395306038958e-02	-2.587217e-06
1.491395306038958e-02	-2.875264e-06
1.492395306038958e-02	-2.587220e-06
1.493395306038959e-02	-2.875275e-06
1.494395306038959e-02	-2.587222e-06
1.495395306038958e-02	-2.875286e-06
1.496395306038958e-02	-2.587224e-06
1.497395306038958e-02	-2.875297e-06
1.498395306038959e-02	-2.587226e-06
1.499395306038958e-02	-2.875308e-06
1.500395306038958e-02	-2.587227e-06
1.501395306038958e-02	-2.875318e-06
1.502395306038959e-02	-2.587229e-06
1.503395306038958e-02	-2.875329e-06
1.504395306038958e-02	-2.587230e-06
1.505395306038958e-02	-2.875339e-06
1.506395306038959e-02	-2.587231e-06
1.507395306038959e-02	-2.875349e-06
1.508395306038958e-02	-2.587233e-06
1.509395306038958e-02	-2.875359e-06
1.510395306038958e-02	-2.587233e-06
1.511395306038959e-02	-2.875369e-06
1.512395306038958e-02	-2.587234e-06
1.513395306038958e-02	-2.875378e-06
1.514395306038958e-02	-2.587235e-06
1.515395306038959e-02	-2.875388e-06
1.516395306038958e-02	-2.587235e-06
1.517395306038958e-02	-2.875397e-06
1.518395306038958e-02	-2.587236e-06
1.519395306038959e-02	-2.875406e-06
1.520395306038958e-02	-2.587236e-06
1.521395306038958e-02	-2.875415e-06
1.522395306038958e-02	-2.587236e-06
1.523395306038959e-02	-2.875424e-06
1.524395306038959e-02	-2.587236e-06
1.525395306038958e-02	-2.875433e-06
1.526395306038958e-02	-2.587236e-06
1.527395306038958e-02	-2.875442e-06
1.528395306038959e-02	-2.587236e-06
1.529395306038958e-02	-2.875451e-06
1.530395306038958e-02	-2.587236e-06
1.531395306038958e-02	-2.875459e-06
1.532395306038959e-02	-2.587236e-06
1.533395306038958e-02	-2.875468e-06
1.534395306038958e-02	-2.587235e-06
1.535395306038958e-02	-2.875476e-06
1.536395306038959e-02	-2.587235e-06
1.537395306038958e-02	-2.875484e-06
1.538395306038958e-02	-2.587234e-06
1.539395306038958e-02	-2.875492e-06
1.540395306038959e-02	-2.587233e-06
1.541395306038959e-02	-2.875500e-06
1.542395306038958e-02	-2.587232e-06
1.543395306038958e-02	-2.875508e-06
1.544395306038958e-02	-2.587231e-06
1.545395306038959e-02	-2.875516e-06
1.546395306038958e-02	-2.587230e-06
1.547395306038958e-02	-2.875524e-06
1.548395306038958e-02	-2.587229e-06
1.549395306038959e-02	-2.875531e-06
1.550395306038958e-02	-2.587228e-06
1.551395306038958e-02	-2.875539e-06
1.552395306038958e-02	-2.587227e-06
1.553395306038959e-02	-2.875546e-06
1.554395306038958e-02	-2.587226e-06
1.555395306038958e-02	-2.875554e-06
1.556395306038958e-02	-2.587224e-06
1.557395306038959e-02	-2.875561e-06
1.558395306038959e-02	-2.587223e-06
1.559395306038958e-02	-2.875568e-06
1.560395306038958e-02	-2.587221e-06
1.561395306038958e-02	-2.875576e-06
1.562395306038959e-02	-2.587220e-06
1.563395306038958e-02	-2.875583e-06
1.564395306038958e-02	-2.587218e-06
1.565395306038958e-02	-2.875590e-06
1.566395306038958e-02	-2.587216e-06
1.567395306038958e-02	-2.875596e-06
1.568395306038959e-02	-2.587214e-06
1.569395306038959e-02	-2.875603e-06
1.570395306038959e-02	-2.587212e-06
1.571395306038958e-02	-2.875610e-06
1.572395306038958e-02	-2.587210e-06
1.573395306038958e-02	-2.875617e-06
1.574395306038958e-02	-2.587208e-06
1.575395306038958e-02	-2.875624e-06
1.576395306038958e-02	-2.587206e-06
1.577395306038959e-02	-2.875630e-06
1.578395306038959e-02	-2.587204e-06
1.579395306038959e-02	-2.875637e-06
1.580395306038958e-02	-2.587202e-06
1.581395306038958e-02	-2.875643e-06
1.582395306038958e-02	-2.587200e-06
1.583395306038958e-02	-2.875650e-06
1.584395306038958e-02	-2.587198e-06
1.585395306038959e-02	-2.875656e-06
1.586395306038959e-02	-2.587195e-06
1.587395306038959e-02	-2.875662e-06
1.588395306038958e-02	-2.587193e-06
1.589395306038958e-02	-2.875669e-06
1.590395306038958e-02	-2.587190e-06
1.591395306038958e-02	-2.875675e-06
1.592395306038958e-02	-2.587188e-06
1.593395306038958e-02	-2.875681e-06
1.594395306038959e-02	-2.587186e-06
1.595395306038959e-02	-2.875687e-06
1.596395306038959e-02	-2.587183e-06
1.597395306038958e-02	-2.875693e-06
1.598395306038958e-02	-2.587180e-06
1.599395306038958e-02	-2.875699e-06
1.600395306038958e-02	-2.587178e-06
1.601395306038958e-02	-2.875705e-06
1.602395306038959e-02	-2.587175e-06
1.603395306038959e-02	-2.875711e-06
1.604395306038959e-02	-2.587173e-06
1.605395306038958e-02	-2.875717e-06
1.606395306038958e-02	-2.587170e-06
1.607395306038958e-02	-2.875723e-06
1.608395306038958e-02	-2.587167e-06
1.609395306038958e-02	-2.875729e-06
1.610395306038958e-02	-2.587164e-06
1.611395306038959e-02	-2.875734e-06
1.612395306038959e-02	-2.587161e-06
1.613395306038959e-02	-2.875740e-06
1.614395306038958e-02	-2.587158e-06
1.615395306038958e-02	-2.875746e-06
1.616395306038958e-02	-2.587155e-06
1.617395306038958e-02	-2.875751e-06
1.618395306038958e-02	-2.587152e-06
1.619395306038959e-02	-2.875757e-06
1.620395306038959e-02	-2.587150e-06
1.621395306038959e-02	-2.875762e-06
1.622395306038958e-02	-2.587147e-06
1.623395306038958e-02	-2.875768e-06
1.624395306038958e-02	-2.587143e-06
1.625395306038958e-02	-2.875774e-06
1.626395306038958e-02	-2.587140e-06
1.627395306038958e-02	-2.875779e-06
1.628395306038959e-02	-2.587137e-06
1.629395306038959e-02	-2.875785e-06
1.630395306038959e-02	-2.587134e-06
1.631395306038958e-02	-2.875790e-06
1.632395306038958e-02	-2.587131e-06
1.633395306038958e-02	-2.875795e-06
1.634395306038958e-02	-2.587128e-06
1.635395306038958e-02	-2.875800e-06
1.636395306038959e-02	-2.587125e-06
1.637395306038959e-02	-2.875806e-06
1.638395306038959e-02	-2.587122e-06
1.639395306038958e-02	-2.875811e-06
1.640395306038958e-02	-2.587118e-06
1.641395306038958e-02	-2.875816e-06
1.642395306038958e-02	-2.587115e-06
1.643395306038958e-02	-2.875822e-06
1.644395306038958e-02	-2.587112e-06
1.645395306038959e-02	-2.875827e-06
1.646395306038959e-02	-2.587108e-06
1.647395306038959e-02	-2.875832e-06
1.648395306038958e-02	-2.587105e-06
1.649395306038958e-02	-2.875837e-06
1.650395306038958e-02	-2.587102e-06
1.651395306038958e-02	-2.875842e-06
1.652395306038958e-02	-2.587098e-06
1.653395306038959e-02	-2.875847e-06
1.654395306038959e-02	-2.587095e-06
1.655395306038959e-02	-2.875852e-06
1.656395306038959e-02	-2.587092e-06
1.657395306038958e-02	-2.875857e-06
1.658395306038958e-02	-2.587088e-06
1.659395306038958e-02	-2.875862e-06
1.660395306038958e-02	-2.587085e-06
1.661395306038958e-02	-2.875867e-06
1.662395306038959e-02	-2.587081e-06
1.663395306038959e-02	-2.875872e-06
1.664395306038959e-02	-2.587078e-06
1.665395306038958e-02	-2.875877e-06
1.666395306038958e-02	-2.587074e-06
1.667395306038958e-02	-2.875882e-06
1.668395306038958e-02	-2.587071e-06
1.669395306038958e-02	-2.875887e-06
1.670395306038958e-02	-2.587067e-06
1.671395306038959e-02	-2.875892e-06
1.672395306038959e-02	-2.587064e-06
1.673395306038959e-02	-2.875897e-06
1.674395306038958e-02	-2.587060e-06
1.675395306038958e-02	-2.875901e-06
1.676395306038958e-02	-2.587057e-06
1.677395306038958e-02	-2.875906e-06
1.678395306038958e-02	-2.587053e-06
1.679395306038959e-02	-2.875911e-06
1.680395306038959e-02	-2.587049e-06
1.681395306038959e-02	-2.875916e-06
1.682395306038958e-02	-2.587046e-06
1.683395306038958e-02	-2.875920e-06
1.684395306038958e-02	-2.587042e-06
1.685395306038958e-02	-2.875925e-06
1.686395306038958e-02	-2.587039e-06
1.687395306038958e-02	-2.875930e-06
1.688395306038959e-02	-2.587035e-06
1.689395306038959e-02	-2.875935e-06
1.690395306038959e-02	-2.587031e-06
1.691395306038958e-02	-2.875939e-06
1.692395306038958e-02	-2.587028e-06
1.693395306038958e-02	-2.875944e-06
1.694395306038958e-02	-2.587024e-06
1.695395306038958e-02	-2.875949e-06
1.696395306038959e-02	-2.587020e-06
1.697395306038959e-02	-2.875953e-06
1.698395306038959e-02	-2.587017e-06
1.699395306038958e-02	-2.875958e-06
1.700395306038958e-02	-2.587013e-06
1.701395306038958e-02	-2.875963e-06
1.702395306038958e-02	-2.587009e-06
1.703395306038958e-02	-2.875967e-06
1.704395306038958e-02	-2.587006e-06
1.705395306038959e-02	-2.875972e-06
1.706395306038959e-02	-2.587002e-06
1.707395306038959e-02	-2.875976e-06
1.708395306038958e-02	-2.586998e-06
1.709395306038958e-02	-2.875981e-06
1.710395306038958e-02	-2.586994e-06
1.711395306038958e-02	-2.875985e-06
1.712395306038958e-02	-2.586991e-06
1.713395306038959e-02	-2.875990e-06
1.714395306038959e-02	-2.586987e-06
1.715395306038959e-02	-2.875994e-06
1.716395306038958e-02	-2.586983e-06
1.717395306038958e-02	-2.875999e-06
1.718395306038958e-02	-2.586980e-06
1.719395306038958e-02	-2.876003e-06
1.720395306038958e-02	-2.586976e-06
1.721395306038958e-02	-2.876008e-06
1.722395306038959e-02	-2.586972e-06
1.723395306038959e-02	-2.876012e-06
1.724395306038959e-02	-2.586968e-06
1.725395306038958e-02	-2.876016e-06
1.726395306038958e-02	-2.586964e-06
1.727395306038958e-02	-2.876021e-06
1.728395306038958e-02	-2.586961e-06
1.729395306038958e-02	-2.876025e-06
1.730395306038959e-02	-2.586957e-06
1.731395306038959e-02	-2.876030e-06
1.732395306038959e-02	-2.586953e-06
1.733395306038958e-02	-2.876034e-06
1.734395306038958e-02	-2.586949e-06
1.735395306038958e-02	-2.876038e-06
1.736395306038958e-02	-2.586946e-06
1.737395306038958e-02	-2.876043e-06
1.738395306038958e-02	-2.586942e-06
1.739395306038959e-02	-2.876047e-06
1.740395306038959e-02	-2.586938e-06
1.741395306038959e-02	-2.876052e-06
1.742395306038958e-02	-2.586934e-06
1.743395306038958e-02	-2.876056e-06
1.744395306038958e-02	-2.586930e-06
1.745395306038958e-02	-2.876060e-06
1.746395306038958e-02	-2.586927e-06
1.747395306038959e-02	-2.876065e-06
1.748395306038959e-02	-2.586923e-06
1.749395306038959e-02	-2.876069e-06
1.750395306038958e-02	-2.586919e-06
1.751395306038958e-02	-2.876073e-06
1.752395306038958e-02	-2.586915e-06
1.753395306038958e-02	-2.876077e-06
1.754395306038958e-02	-2.586911e-06
1.755395306038958e-02	-2.876082e-06
1.756395306038959e-02	-2.586908e-06
1.757395306038959e-02	-2.876086e-06
1.758395306038959e-02	-2.586904e-06
1.759395306038958e-02	-2.876090e-06
1.760395306038958e-02	-2.586900e-06
1.761395306038958e-02	-2.876094e-06
1.762395306038958e-02	-2.586896e-06
1.763395306038958e-02	-2.876099e-06
1.764395306038959e-02	-2.586892e-06
1.765395306038959e-02	-2.876103e-06
1.766395306038959e-02	-2.586888e-06
1.767395306038958e-02	-2.876107e-06
1.768395306038958e-02	-2.586885e-06
1.769395306038958e-02	-2.876111e-06
1.770395306038958e-02	-2.586881e-06
1.771395306038958e-02	-2.876116e-06
1.772395306038958e-02	-2.586877e-06
1.773395306038959e-02	-2.876120e-06
1.774395306038959e-02	-2.586873e-06
1.775395306038959e-02	-2.876124e-06
1.776395306038958e-02	-2.586869e-06
1.777395306038958e-02	-2.876128e-06
1.778395306038958e-02	-2.586865e-06
1.779395306038958e-02	-2.876132e-06
1.780395306038958e-02	-2.586861e-06
1.781395306038959e-02	-2.876136e-06
1.782395306038959e-02	-2.586858e-06
1.783395306038959e-02	-2.876141e-06
1.784395306038958e-02	-2.586854e-06
1.785395306038958e-02	-2.876145e-06
1.786395306038958e-02	-2.586850e-06
1.787395306038958e-02	-2.876149e-06
1.788395306038958e-02	-2.586846e-06
1.789395306038958e-02	-2.876153e-06
1.790395306038959e-02	-2.586842e-06
1.791395306038959e-02	-2.876157e-06
1.792395306038959e-02	-2.586838e-06
1.793395306038958e-02	-2.876161e-06
1.794395306038958e-02	-2.586835e-06
1.795395306038958e-02	-2.876165e-06
1.796395306038958e-02	-2.586831e-06
1.797395306038958e-02	-2.876170e-06
1.798395306038958e-02	-2.586827e-06
1.799395306038959e-02	-2.876174e-06
1.800395306038959e-02	-2.586823e-06
1.801395306038958e-02	-2.876178e-06
1.802395306038958e-02	-2.586819e-06
1.803395306038958e-02	-2.876182e-06
1.804395306038958e-02	-2.586815e-06
1.805395306038958e-02	-2.876186e-06
1.806395306038958e-02	-2.586812e-06
1.807395306038959e-02	-2.876190e-06
1.808395306038959e-02	-2.586808e-06
1.809395306038959e-02	-2.876194e-06
1.810395306038958e-02	-2.586804e-06
1.811395306038958e-02	-2.876198e-06
1.812395306038958e-02	-2.586800e-06
1.813395306038958e-02	-2.876202e-06
1.814395306038958e-02	-2.586796e-06
1.815395306038958e-02	-2.876206e-06
1.816395306038959e-02	-2.586792e-06
1.817395306038959e-02	-2.876210e-06
1.818395306038958e-02	-2.586788e-06
1.819395306038958e-02	-2.876214e-06
1.820395306038958e-02	-2.586785e-06
1.821395306038958e-02	-2.876218e-06
1.822395306038958e-02	-2.586781e-06
1.823395306038958e-02	-2.876222e-06
1.824395306038959e-02	-2.586777e-06
1.825395306038959e-02	-2.876226e-06
1.826395306038959e-02	-2.586773e-06
1.827395306038958e-02	-2.876230e-06
1.828395306038958e-02	-2.586769e-06
1.829395306038958e-02	-2.876234e-06
1.830395306038958e-02	-2.586766e-06
1.831395306038958e-02	-2.876238e-06
1.832395306038958e-02	-2.586762e-06
1.833395306038959e-02	-2.876242e-06
1.834395306038959e-02	-2.586758e-06
1.835395306038958e-02	-2.876246e-06
1.836395306038958e-02	-2.586754e-06
1.837395306038958e-02	-2.876250e-06
1.838395306038958e-02	-2.586750e-06
1.839395306038958e-02	-2.876254e-06
1.840395306038958e-02	-2.586746e-06
1.841395306038959e-02	-2.876258e-06
1.842395306038959e-02	-2.586743e-06
1.843395306038959e-02	-2.876262e-06
1.844395306038958e-02	-2.586739e-06
1.845395306038958e-02	-2.876266e-06
1.846395306038958e-02	-2.586735e-06
1.847395306038958e-02	-2.876270e-06
1.848395306038958e-02	-2.586731e-06
1.849395306038958e-02	-2.876274e-06
1.850395306038959e-02	-2.586727e-06
1.851395306038959e-02	-2.876278e-06
1.852395306038958e-02	-2.586723e-06
1.853395306038958e-02	-2.876282e-06
1.854395306038958e-02	-2.586720e-06
1.855395306038958e-02	-2.876286e-06
1.856395306038958e-02	-2.586716e-06
1.857395306038958e-02	-2.876290e-06
1.858395306038959e-02	-2.586712e-06
1.859395306038959e-02	-2.876294e-06
1.860395306038959e-02	-2.586708e-06
1.861395306038958e-02	-2.876298e-06
1.862395306038958e-02	-2.586704e-06
1.863395306038958e-02	-2.876302e-06
1.864395306038958e-02	-2.586701e-06
1.865395306038958e-02	-2.876306e-06
1.866395306038958e-02	-2.586697e-06
1.867395306038959e-02	-2.876310e-06
1.868395306038959e-02	-2.586693e-06
1.869395306038958e-02	-2.876313e-06
1.870395306038958e-02	-2.586689e-06
1.871395306038958e-02	-2.876317e-06
1.872395306038958e-02	-2.586685e-06
1.873395306038958e-02	-2.876321e-06
1.874395306038958e-02	-2.586682e-06
1.875395306038959e-02	-2.876325e-06
1.876395306038959e-02	-2.586678e-06
1.877395306038959e-02	-2.876329e-06
1.878395306038958e-02	-2.586674e-06
1.879395306038958e-02	-2.876333e-06
1.880395306038958e-02	-2.586670e-06
1.881395306038958e-02	-2.876337e-06
1.882395306038958e-02	-2.586666e-06
1.883395306038958e-02	-2.876341e-06
1.884395306038959e-02	-2.586663e-06
1.885395306038959e-02	-2.876345e-06
1.886395306038958e-02	-2.586659e-06
1.887395306038958e-02	-2.876348e-06
1.888395306038958e-02	-2.586655e-06
1.889395306038958e-02	-2.876352e-06
1.890395306038958e-02	-2.586651e-06
1.891395306038958e-02	-2.876356e-06
1.892395306038959e-02	-2.586647e-06
1.893395306038959e-02	-2.876360e-06
1.894395306038959e-02	-2.586644e-06
1.895395306038958e-02	-2.876364e-06
1.896395306038958e-02	-2.586640e-06
1.897395306038958e-02	-2.876367e-06
1.898395306038958e-02	-2.586636e-06
1.899395306038958e-02	-2.876371e-06
1.900395306038958e-02	-2.586632e-06
1.901395306038959e-02	-2.876375e-06
1.902395306038959e-02	-2.586629e-06
1.903395306038958e-02	-2.876379e-06
1.904395306038958e-02	-2.586625e-06
1.905395306038958e-02	-2.876383e-06
1.906395306038958e-02	-2.586621e-06
1.907395306038958e-02	-2.876387e-06
1.908395306038958e-02	-2.586617e-06
1.909395306038959e-02	-2.876390e-06
1.910395306038959e-02	-2.586614e-06
1.911395306038959e-02	-2.876394e-06
1.912395306038958e-02	-2.586610e-06
1.913395306038958e-02	-2.876398e-06
1.914395306038958e-02	-2.586606e-06
1.915395306038958e-02	-2.876402e-06
1.916395306038958e-02	-2.586602e-06
1.917395306038958e-02	-2.876406e-06
1.918395306038959e-02	-2.586599e-06
1.919395306038959e-02	-2.876410e-06
1.920395306038958e-02	-2.586595e-06
1.921395306038958e-02	-2.876413e-06
1.922395306038958e-02	-2.586591e-06
1.923395306038958e-02	-2.876417e-06
1.924395306038958e-02	-2.586587e-06
1.925395306038958e-02	-2.876421e-06
1.926395306038958e-02	-2.586584e-06
1.927395306038959e-02	-2.876425e-06
1.928395306038959e-02	-2.586580e-06
1.929395306038958e-02	-2.876428e-06
1.930395306038958e-02	-2.586576e-06
1.931395306038958e-02	-2.876432e-06
1.932395306038958e-02	-2.586573e-06
1.933395306038958e-02	-2.876436e-06
1.934395306038958e-02	-2.586569e-06
1.935395306038959e-02	-2.876440e-06
1.936395306038959e-02	-2.586565e-06
1.937395306038959e-02	-2.876443e-06
1.938395306038958e-02	-2.586562e-06
1.939395306038958e-02	-2.876447e-06
1.940395306038958e-02	-2.586558e-06
1.941395306038958e-02	-2.876451e-06
1.942395306038958e-02	-2.586554e-06
1.943395306038958e-02	-2.876455e-06
1.944395306038959e-02	-2.586550e-06
1.945395306038959e-02	-2.876458e-06
1.946395306038958e-02	-2.586547e-06
1.947395306038958e-02	-2.876462e-06
1.948395306038958e-02	-2.586543e-06
1.949395306038958e-02	-2.876466e-06
1.950395306038958e-02	-2.586539e-06
1.951395306038958e-02	-2.876470e-06
1.952395306038959e-02	-2.586536e-06
1.953395306038959e-02	-2.876473e-06
1.954395306038959e-02	-2.586532e-06
1.955395306038958e-02	-2.876477e-06
1.956395306038958e-02	-2.586528e-06
1.957395306038958e-02	-2.876481e-06
1.958395306038958e-02	-2.586525e-06
1.959395306038958e-02	-2.876484e-06
1.960395306038958e-02	-2.586521e-06
1.961395306038959e-02	-2.876488e-06
1.962395306038959e-02	-2.586517e-06
1.963395306038958e-02	-2.876492e-06
1.964395306038958e-02	-2.586514e-06
1.965395306038958e-02	-2.876496e-06
1.966395306038958e-02	-2.586510e-06
1.967395306038958e-02	-2.876499e-06
1.968395306038958e-02	-2.586506e-06
1.969395306038959e-02	-2.876503e-06
1.970395306038959e-02	-2.586503e-06
1.971395306038959e-02	-2.876507e-06
1.972395306038958e-02	-2.586499e-06
1.973395306038958e-02	-2.876510e-06
1.974395306038958e-02	-2.586495e-06
1.975395306038958e-02	-2.876514e-06
1.976395306038958e-02	-2.586492e-06
1.977395306038958e-02	-2.876518e-06
1.978395306038959e-02	-2.586488e-06
1.979395306038959e-02	-2.876521e-06
1.980395306038958e-02	-2.586484e-06
1.981395306038958e-02	-2.876525e-06
1.982395306038958e-02	-2.586481e-06
1.983395306038958e-02	-2.876529e-06
1.984395306038958e-02	-2.586477e-06
1.985395306038958e-02	-2.876532e-06
1.986395306038959e-02	-2.586473e-06
1.987395306038959e-02	-2.876536e-06
1.988395306038959e-02	-2.586470e-06
1.989395306038958e-02	-2.876540e-06
1.990395306038958e-02	-2.586466e-06
1.991395306038958e-02	-2.876543e-06
1.992395306038958e-02	-2.586462e-06
1.993395306038958e-02	-2.876547e-06
1.994395306038958e-02	-2.586459e-06
1.995395306038959e-02	-2.876551e-06
1.996395306038959e-02	-2.586455e-06
1.997395306038958e-02	-2.876554e-06
1.998395306038958e-02	-2.586452e-06
1.999395306038958e-02	-2.876558e-06
2.000000000000000e-02	-2.586447e-06
