time	I(Vcell15)
0.000000000000000e+00	-9.851634e-07
9.999999439624929e-11	-9.847460e-07
1.999999887924986e-10	-9.843025e-07
3.999999775849972e-10	-9.833652e-07
7.999999551699943e-10	-9.812396e-07
1.599999910339989e-09	-9.763722e-07
3.199999820679977e-09	-9.655924e-07
6.399999641359955e-09	-9.428283e-07
1.279999928271991e-08	-8.958085e-07
2.559999856543982e-08	-8.007459e-07
5.119999713087964e-08	-6.205851e-07
9.248630664979748e-08	-3.766000e-07
1.509759026644180e-07	-9.198369e-07
2.056786036796262e-07	-2.278651e-06
2.711470554082648e-07	-3.724665e-06
3.307589917392930e-07	-4.673035e-06
4.499828644013495e-07	-5.351895e-06
4.722951375678552e-07	-5.358560e-06
5.169196839008667e-07	-5.362062e-06
6.061687765668897e-07	-5.368900e-06
7.846669618989356e-07	-5.400751e-06
1.141663332563027e-06	-5.478791e-06
1.717850044023306e-06	-5.533797e-06
2.438243087911455e-06	-5.487750e-06
3.466266525716984e-06	-5.347278e-06
5.224207515102728e-06	-5.099555e-06
8.740089493874218e-06	-4.776533e-06
1.577185345141720e-05	-1.341162e-05
2.577185345141720e-05	-3.194567e-05
3.577185345141720e-05	-4.370872e-05
4.577185345141720e-05	-4.769588e-05
5.577185345141720e-05	-4.534525e-05
6.577185345141719e-05	-4.361823e-05
7.577185345141719e-05	-4.084281e-05
8.577185345141719e-05	-3.923819e-05
9.577185345141719e-05	-3.654075e-05
1.000000009999994e-04	-3.629770e-05
1.000000019999994e-04	-3.629839e-05
1.000000179999994e-04	-3.633746e-05
1.000000499999994e-04	-3.635499e-05
1.000001139999994e-04	-3.633013e-05
1.000002419999994e-04	-3.630752e-05
1.000004979999994e-04	-3.625395e-05
1.000010099999994e-04	-3.619054e-05
1.000020339999994e-04	-3.611686e-05
1.000040819999994e-04	-3.607731e-05
1.000081779999994e-04	-3.604657e-05
1.000163699999994e-04	-3.601616e-05
1.000327539999994e-04	-3.598537e-05
1.000655219999995e-04	-3.597683e-05
1.001310579999995e-04	-3.595983e-05
1.002621299999997e-04	-3.593614e-05
1.005242740000000e-04	-3.588078e-05
1.010485620000006e-04	-3.578114e-05
1.020971380000018e-04	-3.557201e-05
1.041942900000042e-04	-3.516754e-05
1.083885940000089e-04	-3.436357e-05
1.167772020000184e-04	-3.282959e-05
1.267772020000184e-04	-3.110098e-05
1.367772020000184e-04	-2.948932e-05
1.467772020000184e-04	-4.951348e-05
1.567772020000184e-04	-6.980012e-05
1.637399388752004e-04	-1.220038e-05
1.704888489359943e-04	-4.544136e-05
1.739243607918198e-04	-7.088131e-06
1.773201076481437e-04	-4.366498e-05
1.818188852255194e-04	-6.018157e-06
1.859811516968270e-04	-4.265370e-05
1.943056846394420e-04	-4.757767e-06
2.043056846394420e-04	-4.091330e-05
2.143056846394420e-04	-3.016329e-06
2.243056846394420e-04	-3.929318e-05
2.343056846394420e-04	-1.529770e-06
2.443056846394420e-04	-3.790742e-05
2.543056846394420e-04	-2.556908e-07
2.643056846394420e-04	-3.671899e-05
2.743056846394420e-04	8.351273e-07
2.843056846394420e-04	-3.570156e-05
2.943056846394420e-04	-3.911293e-05
3.043056846394420e-04	-3.983748e-03
3.143056846394420e-04	-5.553339e-02
3.241275325582053e-04	-1.187731e-01
3.331953639616870e-04	-1.420517e-01
3.425530178579571e-04	-1.655637e-01
3.515208552939228e-04	-1.876347e-01
3.615208552939228e-04	-2.071104e-01
3.715208552939228e-04	-2.145340e-01
3.815208552939228e-04	-2.207340e-01
3.915208552939228e-04	-2.263853e-01
4.015208552939228e-04	-2.320474e-01
4.115208552939228e-04	-2.374275e-01
4.215208552939228e-04	-2.429249e-01
4.315208552939228e-04	-2.481909e-01
4.415208552939228e-04	-2.536041e-01
4.515208552939228e-04	-2.588031e-01
4.615208552939228e-04	-2.641620e-01
4.715208552939228e-04	-2.693140e-01
4.815208552939228e-04	-2.746325e-01
4.915208552939228e-04	-2.797478e-01
5.015208552939228e-04	-2.850336e-01
5.115208552939228e-04	-2.901181e-01
5.215208552939227e-04	-2.953760e-01
5.315208552939228e-04	-3.004335e-01
5.415208552939228e-04	-3.056665e-01
5.515208552939228e-04	-3.106995e-01
5.615208552939227e-04	-3.154372e-01
5.715208552939228e-04	-3.166023e-01
5.815208552939228e-04	-3.173071e-01
5.915208552939228e-04	-3.175176e-01
6.015208552939227e-04	-3.178850e-01
6.115208552939228e-04	-3.179222e-01
6.215208552939228e-04	-3.181864e-01
6.315208552939228e-04	-3.181560e-01
6.415208552939227e-04	-3.183733e-01
6.515208552939228e-04	-3.183089e-01
6.615208552939228e-04	-3.185007e-01
6.715208552939228e-04	-3.184166e-01
6.815208552939227e-04	-3.185928e-01
6.915208552939228e-04	-3.184963e-01
7.015208552939228e-04	-3.186623e-01
7.115208552939228e-04	-3.185575e-01
7.215208552939227e-04	-3.187164e-01
7.315208552939228e-04	-3.186056e-01
7.415208552939228e-04	-3.187595e-01
7.515208552939228e-04	-3.186444e-01
7.615208552939227e-04	-3.187944e-01
7.715208552939227e-04	-3.186760e-01
7.815208552939228e-04	-3.188231e-01
7.915208552939228e-04	-3.187023e-01
8.015208552939227e-04	-3.188471e-01
8.115208552939227e-04	-3.187242e-01
8.215208552939228e-04	-3.188672e-01
8.315208552939228e-04	-3.187428e-01
8.415208552939227e-04	-3.188843e-01
8.515208552939227e-04	-3.187587e-01
8.615208552939228e-04	-3.188989e-01
8.715208552939228e-04	-3.187723e-01
8.815208552939227e-04	-3.189115e-01
8.915208552939227e-04	-3.187840e-01
9.015208552939228e-04	-3.189224e-01
9.115208552939228e-04	-3.187942e-01
9.215208552939227e-04	-3.189318e-01
9.315208552939227e-04	-3.188030e-01
9.415208552939228e-04	-3.189401e-01
9.515208552939228e-04	-3.188108e-01
9.615208552939227e-04	-3.189473e-01
9.715208552939227e-04	-3.188176e-01
9.815208552939228e-04	-3.189537e-01
9.915208552939228e-04	-3.188237e-01
1.000000000000000e-03	-3.189589e-01
1.000000001000000e-03	-3.189740e-01
1.000000017000000e-03	-3.189661e-01
1.000000049000000e-03	-3.189633e-01
1.000000113000000e-03	-3.189491e-01
1.000000241000000e-03	-3.189365e-01
1.000000497000000e-03	-3.189117e-01
1.000001009000000e-03	-3.188989e-01
1.000002033000000e-03	-3.188898e-01
1.000004081000000e-03	-3.188948e-01
1.000008177000000e-03	-3.188902e-01
1.000016369000001e-03	-3.188947e-01
1.000032753000001e-03	-3.188902e-01
1.000065521000002e-03	-3.188946e-01
1.000131057000004e-03	-3.188903e-01
1.000262129000007e-03	-3.188947e-01
1.000524273000015e-03	-3.188904e-01
1.001048561000029e-03	-3.188949e-01
1.002097137000058e-03	-3.188908e-01
1.004194289000116e-03	-3.188957e-01
1.008388593000232e-03	-3.188924e-01
1.016777201000463e-03	-3.188989e-01
1.026777201000463e-03	-3.188969e-01
1.036777201000463e-03	-3.189034e-01
1.046777201000463e-03	-3.189011e-01
1.056777201000463e-03	-3.189074e-01
1.066777201000463e-03	-3.189049e-01
1.076777201000463e-03	-3.189110e-01
1.086777201000463e-03	-3.189083e-01
1.096777201000463e-03	-3.189142e-01
1.106777201000463e-03	-3.189113e-01
1.116777201000463e-03	-3.189171e-01
1.126777201000463e-03	-3.189140e-01
1.136777201000463e-03	-3.189196e-01
1.146777201000463e-03	-3.189164e-01
1.156777201000463e-03	-3.189219e-01
1.166777201000463e-03	-3.189186e-01
1.176777201000463e-03	-3.189239e-01
1.186777201000463e-03	-3.189205e-01
1.196777201000463e-03	-3.189257e-01
1.206777201000463e-03	-3.189223e-01
1.216777201000463e-03	-3.189274e-01
1.226777201000463e-03	-3.189238e-01
1.236777201000463e-03	-3.189289e-01
1.246777201000463e-03	-3.189252e-01
1.256777201000463e-03	-3.189302e-01
1.266777201000463e-03	-3.189265e-01
1.276777201000463e-03	-3.189314e-01
1.286777201000463e-03	-3.189276e-01
1.296777201000463e-03	-3.189325e-01
1.306777201000463e-03	-3.189286e-01
1.316777201000463e-03	-3.189334e-01
1.326777201000463e-03	-3.189295e-01
1.336777201000463e-03	-3.189343e-01
1.346777201000463e-03	-3.189304e-01
1.356777201000463e-03	-3.189351e-01
1.366777201000463e-03	-3.189311e-01
1.376777201000463e-03	-3.189358e-01
1.386777201000463e-03	-3.189318e-01
1.396777201000463e-03	-3.189364e-01
1.406777201000463e-03	-3.189324e-01
1.416777201000463e-03	-3.189370e-01
1.426777201000463e-03	-3.189330e-01
1.436777201000463e-03	-3.189375e-01
1.446777201000463e-03	-3.189334e-01
1.456777201000463e-03	-3.189380e-01
1.466777201000463e-03	-3.189339e-01
1.476777201000463e-03	-3.189384e-01
1.486777201000463e-03	-3.189343e-01
1.496777201000463e-03	-3.189388e-01
1.506777201000463e-03	-3.189346e-01
1.516777201000463e-03	-3.189392e-01
1.526777201000463e-03	-3.189350e-01
1.536777201000463e-03	-3.189395e-01
1.546777201000463e-03	-3.189353e-01
1.556777201000463e-03	-3.189398e-01
1.566777201000463e-03	-3.189356e-01
1.576777201000463e-03	-3.189400e-01
1.586777201000463e-03	-3.189358e-01
1.596777201000463e-03	-3.189403e-01
1.606777201000463e-03	-3.189360e-01
1.616777201000463e-03	-3.189405e-01
1.626777201000463e-03	-3.189362e-01
1.636777201000463e-03	-3.189407e-01
1.646777201000463e-03	-3.189364e-01
1.656777201000463e-03	-3.189408e-01
1.666777201000463e-03	-3.189366e-01
1.676777201000463e-03	-3.189410e-01
1.686777201000463e-03	-3.189367e-01
1.696777201000463e-03	-3.189411e-01
1.706777201000463e-03	-3.189369e-01
1.716777201000463e-03	-3.189413e-01
1.726777201000463e-03	-3.189370e-01
1.736777201000463e-03	-3.189414e-01
1.746777201000463e-03	-3.189371e-01
1.756777201000463e-03	-3.189415e-01
1.766777201000463e-03	-3.189372e-01
1.776777201000463e-03	-3.189416e-01
1.786777201000463e-03	-3.189373e-01
1.796777201000463e-03	-3.189417e-01
1.806777201000463e-03	-3.189374e-01
1.816777201000463e-03	-3.189417e-01
1.826777201000463e-03	-3.189375e-01
1.836777201000463e-03	-3.189418e-01
1.846777201000463e-03	-3.189375e-01
1.856777201000463e-03	-3.189419e-01
1.866777201000463e-03	-3.189376e-01
1.876777201000463e-03	-3.189420e-01
1.886777201000463e-03	-3.189376e-01
1.896777201000463e-03	-3.189420e-01
1.906777201000463e-03	-3.189377e-01
1.916777201000463e-03	-3.189420e-01
1.926777201000463e-03	-3.189377e-01
1.936777201000463e-03	-3.189421e-01
1.946777201000463e-03	-3.189377e-01
1.956777201000463e-03	-3.189421e-01
1.966777201000463e-03	-3.189378e-01
1.976777201000463e-03	-3.189422e-01
1.986777201000463e-03	-3.189378e-01
1.996777201000463e-03	-3.189422e-01
2.006777201000463e-03	-3.189379e-01
2.016777201000463e-03	-3.189422e-01
2.026777201000463e-03	-3.189379e-01
2.036777201000463e-03	-3.189422e-01
2.046777201000463e-03	-3.189379e-01
2.056777201000463e-03	-3.189423e-01
2.066777201000463e-03	-3.189379e-01
2.076777201000463e-03	-3.189423e-01
2.086777201000463e-03	-3.189380e-01
2.096777201000463e-03	-3.189423e-01
2.106777201000463e-03	-3.189380e-01
2.116777201000463e-03	-3.189423e-01
2.126777201000463e-03	-3.189380e-01
2.136777201000463e-03	-3.189423e-01
2.146777201000463e-03	-3.189380e-01
2.156777201000463e-03	-3.189424e-01
2.166777201000463e-03	-3.189380e-01
2.176777201000463e-03	-3.189424e-01
2.186777201000463e-03	-3.189380e-01
2.196777201000463e-03	-3.189424e-01
2.206777201000463e-03	-3.189380e-01
2.216777201000463e-03	-3.189424e-01
2.226777201000463e-03	-3.189380e-01
2.236777201000463e-03	-3.189424e-01
2.246777201000463e-03	-3.189380e-01
2.256777201000463e-03	-3.189424e-01
2.266777201000463e-03	-3.189381e-01
2.276777201000463e-03	-3.189424e-01
2.286777201000463e-03	-3.189381e-01
2.296777201000463e-03	-3.189424e-01
2.306777201000463e-03	-3.189381e-01
2.316777201000463e-03	-3.189424e-01
2.326777201000463e-03	-3.189381e-01
2.336777201000463e-03	-3.189425e-01
2.346777201000463e-03	-3.189381e-01
2.356777201000463e-03	-3.189425e-01
2.366777201000463e-03	-3.189381e-01
2.376777201000463e-03	-3.189425e-01
2.386777201000463e-03	-3.189381e-01
2.396777201000463e-03	-3.189425e-01
2.406777201000463e-03	-3.189381e-01
2.416777201000463e-03	-3.189425e-01
2.426777201000463e-03	-3.189381e-01
2.436777201000463e-03	-3.189425e-01
2.446777201000463e-03	-3.189381e-01
2.456777201000463e-03	-3.189425e-01
2.466777201000463e-03	-3.189381e-01
2.476777201000463e-03	-3.189425e-01
2.486777201000463e-03	-3.189381e-01
2.496777201000463e-03	-3.189425e-01
2.506777201000463e-03	-3.189381e-01
2.516777201000463e-03	-3.189425e-01
2.526777201000463e-03	-3.189381e-01
2.536777201000463e-03	-3.189425e-01
2.546777201000463e-03	-3.189381e-01
2.556777201000463e-03	-3.189425e-01
2.566777201000463e-03	-3.189381e-01
2.576777201000463e-03	-3.189425e-01
2.586777201000463e-03	-3.189381e-01
2.596777201000463e-03	-3.189425e-01
2.606777201000463e-03	-3.189381e-01
2.616777201000463e-03	-3.189425e-01
2.626777201000463e-03	-3.189381e-01
2.636777201000463e-03	-3.189425e-01
2.646777201000463e-03	-3.189381e-01
2.656777201000463e-03	-3.189425e-01
2.666777201000463e-03	-3.189381e-01
2.676777201000463e-03	-3.189425e-01
2.686777201000463e-03	-3.189381e-01
2.696777201000463e-03	-3.189425e-01
2.706777201000463e-03	-3.189381e-01
2.716777201000463e-03	-3.189425e-01
2.726777201000463e-03	-3.189381e-01
2.736777201000463e-03	-3.189425e-01
2.746777201000463e-03	-3.189381e-01
2.756777201000463e-03	-3.189425e-01
2.766777201000463e-03	-3.189381e-01
2.776777201000463e-03	-3.189425e-01
2.786777201000463e-03	-3.189381e-01
2.796777201000463e-03	-3.189425e-01
2.806777201000463e-03	-3.189381e-01
2.816777201000463e-03	-3.189425e-01
2.826777201000463e-03	-3.189381e-01
2.836777201000463e-03	-3.189425e-01
2.846777201000463e-03	-3.189381e-01
2.856777201000463e-03	-3.189425e-01
2.866777201000463e-03	-3.189381e-01
2.876777201000463e-03	-3.189425e-01
2.886777201000463e-03	-3.189381e-01
2.896777201000463e-03	-3.189425e-01
2.906777201000463e-03	-3.189381e-01
2.916777201000463e-03	-3.189425e-01
2.926777201000463e-03	-3.189381e-01
2.936777201000463e-03	-3.189425e-01
2.946777201000463e-03	-3.189381e-01
2.956777201000463e-03	-3.189425e-01
2.966777201000463e-03	-3.189381e-01
2.976777201000463e-03	-3.189425e-01
2.986777201000463e-03	-3.189381e-01
2.996777201000463e-03	-3.189425e-01
3.006777201000463e-03	-3.189381e-01
3.016777201000463e-03	-3.189425e-01
3.026777201000463e-03	-3.189381e-01
3.036777201000463e-03	-3.189425e-01
3.046777201000463e-03	-3.189381e-01
3.056777201000463e-03	-3.189425e-01
3.066777201000463e-03	-3.189381e-01
3.076777201000463e-03	-3.189425e-01
3.086777201000463e-03	-3.189381e-01
3.096777201000463e-03	-3.189425e-01
3.106777201000463e-03	-3.189381e-01
3.116777201000463e-03	-3.189425e-01
3.126777201000463e-03	-3.189381e-01
3.136777201000463e-03	-3.189425e-01
3.146777201000463e-03	-3.189381e-01
3.156777201000463e-03	-3.189425e-01
3.166777201000463e-03	-3.189381e-01
3.176777201000463e-03	-3.189425e-01
3.186777201000463e-03	-3.189381e-01
3.196777201000463e-03	-3.189425e-01
3.206777201000463e-03	-3.189381e-01
3.216777201000463e-03	-3.189425e-01
3.226777201000463e-03	-3.189381e-01
3.236777201000463e-03	-3.189425e-01
3.246777201000463e-03	-3.189381e-01
3.256777201000463e-03	-3.189425e-01
3.266777201000463e-03	-3.189382e-01
3.276777201000463e-03	-3.189425e-01
3.286777201000463e-03	-3.189382e-01
3.296777201000463e-03	-3.189425e-01
3.306777201000463e-03	-3.189382e-01
3.316777201000463e-03	-3.189425e-01
3.326777201000463e-03	-3.189382e-01
3.336777201000463e-03	-3.189425e-01
3.346777201000463e-03	-3.189382e-01
3.356777201000463e-03	-3.189425e-01
3.366777201000463e-03	-3.189382e-01
3.376777201000463e-03	-3.189425e-01
3.386777201000463e-03	-3.189382e-01
3.396777201000463e-03	-3.189425e-01
3.406777201000463e-03	-3.189382e-01
3.416777201000463e-03	-3.189425e-01
3.426777201000463e-03	-3.189382e-01
3.436777201000463e-03	-3.189425e-01
3.446777201000463e-03	-3.189382e-01
3.456777201000463e-03	-3.189425e-01
3.466777201000463e-03	-3.189382e-01
3.476777201000463e-03	-3.189425e-01
3.486777201000463e-03	-3.189382e-01
3.496777201000463e-03	-3.189425e-01
3.506777201000463e-03	-3.189382e-01
3.516777201000463e-03	-3.189425e-01
3.526777201000463e-03	-3.189382e-01
3.536777201000463e-03	-3.189425e-01
3.546777201000463e-03	-3.189382e-01
3.556777201000463e-03	-3.189425e-01
3.566777201000463e-03	-3.189382e-01
3.576777201000463e-03	-3.189425e-01
3.586777201000463e-03	-3.189382e-01
3.596777201000463e-03	-3.189425e-01
3.606777201000463e-03	-3.189382e-01
3.616777201000463e-03	-3.189425e-01
3.626777201000463e-03	-3.189382e-01
3.636777201000463e-03	-3.189425e-01
3.646777201000463e-03	-3.189382e-01
3.656777201000463e-03	-3.189425e-01
3.666777201000463e-03	-3.189382e-01
3.676777201000463e-03	-3.189425e-01
3.686777201000463e-03	-3.189382e-01
3.696777201000463e-03	-3.189425e-01
3.706777201000463e-03	-3.189382e-01
3.716777201000463e-03	-3.189425e-01
3.726777201000463e-03	-3.189382e-01
3.736777201000463e-03	-3.189425e-01
3.746777201000463e-03	-3.189382e-01
3.756777201000463e-03	-3.189425e-01
3.766777201000463e-03	-3.189382e-01
3.776777201000463e-03	-3.189425e-01
3.786777201000463e-03	-3.189382e-01
3.796777201000463e-03	-3.189425e-01
3.806777201000463e-03	-3.189382e-01
3.816777201000463e-03	-3.189425e-01
3.826777201000463e-03	-3.189382e-01
3.836777201000463e-03	-3.189425e-01
3.846777201000463e-03	-3.189382e-01
3.856777201000463e-03	-3.189425e-01
3.866777201000463e-03	-3.189382e-01
3.876777201000463e-03	-3.189425e-01
3.886777201000463e-03	-3.189382e-01
3.896777201000463e-03	-3.189425e-01
3.906777201000463e-03	-3.189382e-01
3.916777201000463e-03	-3.189425e-01
3.926777201000463e-03	-3.189382e-01
3.936777201000463e-03	-3.189425e-01
3.946777201000463e-03	-3.189382e-01
3.956777201000463e-03	-3.189425e-01
3.966777201000463e-03	-3.189382e-01
3.976777201000463e-03	-3.189425e-01
3.986777201000463e-03	-3.189382e-01
3.996777201000463e-03	-3.189425e-01
4.006777201000463e-03	-3.189382e-01
4.016777201000463e-03	-3.189425e-01
4.026777201000463e-03	-3.189382e-01
4.036777201000463e-03	-3.189425e-01
4.046777201000462e-03	-3.189382e-01
4.056777201000463e-03	-3.189425e-01
4.066777201000463e-03	-3.189382e-01
4.076777201000463e-03	-3.189425e-01
4.086777201000463e-03	-3.189382e-01
4.096777201000463e-03	-3.189425e-01
4.106777201000463e-03	-3.189382e-01
4.116777201000463e-03	-3.189425e-01
4.126777201000463e-03	-3.189382e-01
4.136777201000463e-03	-3.189425e-01
4.146777201000463e-03	-3.189382e-01
4.156777201000463e-03	-3.189425e-01
4.166777201000463e-03	-3.189382e-01
4.176777201000463e-03	-3.189425e-01
4.186777201000463e-03	-3.189382e-01
4.196777201000462e-03	-3.189425e-01
4.206777201000463e-03	-3.189382e-01
4.216777201000462e-03	-3.189425e-01
4.226777201000463e-03	-3.189382e-01
4.236777201000463e-03	-3.189425e-01
4.246777201000463e-03	-3.189382e-01
4.256777201000463e-03	-3.189425e-01
4.266777201000463e-03	-3.189382e-01
4.276777201000463e-03	-3.189425e-01
4.286777201000463e-03	-3.189382e-01
4.296777201000463e-03	-3.189425e-01
4.306777201000463e-03	-3.189382e-01
4.316777201000463e-03	-3.189425e-01
4.326777201000463e-03	-3.189382e-01
4.336777201000463e-03	-3.189425e-01
4.346777201000463e-03	-3.189382e-01
4.356777201000463e-03	-3.189425e-01
4.366777201000462e-03	-3.189382e-01
4.376777201000463e-03	-3.189425e-01
4.386777201000462e-03	-3.189382e-01
4.396777201000463e-03	-3.189425e-01
4.406777201000463e-03	-3.189382e-01
4.416777201000463e-03	-3.189425e-01
4.426777201000463e-03	-3.189382e-01
4.436777201000463e-03	-3.189425e-01
4.446777201000463e-03	-3.189382e-01
4.456777201000463e-03	-3.189425e-01
4.466777201000463e-03	-3.189382e-01
4.476777201000463e-03	-3.189425e-01
4.486777201000463e-03	-3.189382e-01
4.496777201000463e-03	-3.189425e-01
4.506777201000463e-03	-3.189382e-01
4.516777201000462e-03	-3.189425e-01
4.526777201000463e-03	-3.189382e-01
4.536777201000462e-03	-3.189425e-01
4.546777201000463e-03	-3.189382e-01
4.556777201000463e-03	-3.189425e-01
4.566777201000463e-03	-3.189382e-01
4.576777201000463e-03	-3.189425e-01
4.586777201000463e-03	-3.189382e-01
4.596777201000463e-03	-3.189425e-01
4.606777201000463e-03	-3.189382e-01
4.616777201000463e-03	-3.189425e-01
4.626777201000463e-03	-3.189382e-01
4.636777201000463e-03	-3.189425e-01
4.646777201000463e-03	-3.189382e-01
4.656777201000463e-03	-3.189425e-01
4.666777201000463e-03	-3.189382e-01
4.676777201000463e-03	-3.189425e-01
4.686777201000462e-03	-3.189382e-01
4.696777201000463e-03	-3.189425e-01
4.706777201000462e-03	-3.189382e-01
4.716777201000463e-03	-3.189425e-01
4.726777201000463e-03	-3.189382e-01
4.736777201000463e-03	-3.189425e-01
4.746777201000463e-03	-3.189382e-01
4.756777201000463e-03	-3.189425e-01
4.766777201000463e-03	-3.189382e-01
4.776777201000463e-03	-3.189425e-01
4.786777201000463e-03	-3.189382e-01
4.796777201000463e-03	-3.189425e-01
4.806777201000463e-03	-3.189382e-01
4.816777201000463e-03	-3.189425e-01
4.826777201000463e-03	-3.189382e-01
4.836777201000462e-03	-3.189425e-01
4.846777201000463e-03	-3.189382e-01
4.856777201000462e-03	-3.189425e-01
4.866777201000463e-03	-3.189382e-01
4.876777201000462e-03	-3.189425e-01
4.886777201000463e-03	-3.189382e-01
4.896777201000463e-03	-3.189425e-01
4.906777201000463e-03	-3.189382e-01
4.916777201000463e-03	-3.189425e-01
4.926777201000463e-03	-3.189382e-01
4.936777201000463e-03	-3.189425e-01
4.946777201000463e-03	-3.189382e-01
4.956777201000463e-03	-3.189425e-01
4.966777201000463e-03	-3.189382e-01
4.976777201000463e-03	-3.189425e-01
4.986777201000463e-03	-3.189382e-01
4.996777201000463e-03	-3.189425e-01
5.006777201000462e-03	-3.189382e-01
5.016777201000463e-03	-3.189425e-01
5.026777201000462e-03	-3.189382e-01
5.036777201000463e-03	-3.189425e-01
5.046777201000462e-03	-3.189382e-01
5.056777201000463e-03	-3.189425e-01
5.066777201000463e-03	-3.189382e-01
5.076777201000463e-03	-3.189425e-01
5.086777201000463e-03	-3.189382e-01
5.096777201000463e-03	-3.189425e-01
5.106777201000463e-03	-3.189382e-01
5.116777201000463e-03	-3.189425e-01
5.126777201000463e-03	-3.189382e-01
5.136777201000463e-03	-3.189425e-01
5.146777201000463e-03	-3.189382e-01
5.156777201000462e-03	-3.189425e-01
5.166777201000463e-03	-3.189382e-01
5.176777201000462e-03	-3.189425e-01
5.186777201000463e-03	-3.189382e-01
5.196777201000462e-03	-3.189425e-01
5.206777201000463e-03	-3.189382e-01
5.216777201000463e-03	-3.189425e-01
5.226777201000463e-03	-3.189382e-01
5.236777201000463e-03	-3.189425e-01
5.246777201000463e-03	-3.189382e-01
5.256777201000463e-03	-3.189425e-01
5.266777201000463e-03	-3.189382e-01
5.276777201000463e-03	-3.189425e-01
5.286777201000463e-03	-3.189382e-01
5.296777201000463e-03	-3.189425e-01
5.306777201000463e-03	-3.189382e-01
5.316777201000463e-03	-3.189425e-01
5.326777201000462e-03	-3.189382e-01
5.336777201000463e-03	-3.189425e-01
5.346777201000462e-03	-3.189382e-01
5.356777201000463e-03	-3.189425e-01
5.366777201000462e-03	-3.189382e-01
5.376777201000463e-03	-3.189425e-01
5.386777201000463e-03	-3.189382e-01
5.396777201000463e-03	-3.189425e-01
5.406777201000463e-03	-3.189382e-01
5.416777201000463e-03	-3.189425e-01
5.426777201000463e-03	-3.189382e-01
5.436777201000463e-03	-3.189425e-01
5.446777201000463e-03	-3.189382e-01
5.456777201000463e-03	-3.189425e-01
5.466777201000463e-03	-3.189382e-01
5.476777201000462e-03	-3.189425e-01
5.486777201000463e-03	-3.189382e-01
5.496777201000462e-03	-3.189425e-01
5.506777201000463e-03	-3.189382e-01
5.516777201000462e-03	-3.189425e-01
5.526777201000463e-03	-3.189382e-01
5.536777201000462e-03	-3.189425e-01
5.546777201000463e-03	-3.189382e-01
5.556777201000463e-03	-3.189425e-01
5.566777201000463e-03	-3.189382e-01
5.576777201000463e-03	-3.189425e-01
5.586777201000463e-03	-3.189382e-01
5.596777201000463e-03	-3.189425e-01
5.606777201000463e-03	-3.189382e-01
5.616777201000463e-03	-3.189425e-01
5.626777201000463e-03	-3.189382e-01
5.636777201000463e-03	-3.189425e-01
5.646777201000462e-03	-3.189382e-01
5.656777201000463e-03	-3.189425e-01
5.666777201000462e-03	-3.189382e-01
5.676777201000463e-03	-3.189425e-01
5.686777201000462e-03	-3.189382e-01
5.696777201000463e-03	-3.189425e-01
5.706777201000462e-03	-3.189382e-01
5.716777201000463e-03	-3.189425e-01
5.726777201000463e-03	-3.189382e-01
5.736777201000463e-03	-3.189425e-01
5.746777201000463e-03	-3.189382e-01
5.756777201000463e-03	-3.189425e-01
5.766777201000463e-03	-3.189382e-01
5.776777201000463e-03	-3.189425e-01
5.786777201000463e-03	-3.189382e-01
5.796777201000462e-03	-3.189425e-01
5.806777201000463e-03	-3.189382e-01
5.816777201000462e-03	-3.189425e-01
5.826777201000463e-03	-3.189382e-01
5.836777201000462e-03	-3.189425e-01
5.846777201000463e-03	-3.189382e-01
5.856777201000462e-03	-3.189425e-01
5.866777201000463e-03	-3.189382e-01
5.876777201000462e-03	-3.189425e-01
5.886777201000463e-03	-3.189382e-01
5.896777201000463e-03	-3.189425e-01
5.906777201000463e-03	-3.189382e-01
5.916777201000463e-03	-3.189425e-01
5.926777201000463e-03	-3.189382e-01
5.936777201000463e-03	-3.189425e-01
5.946777201000463e-03	-3.189382e-01
5.956777201000463e-03	-3.189425e-01
5.966777201000462e-03	-3.189382e-01
5.976777201000463e-03	-3.189425e-01
5.986777201000462e-03	-3.189382e-01
5.996777201000463e-03	-3.189425e-01
6.006777201000462e-03	-3.189382e-01
6.016777201000463e-03	-3.189425e-01
6.026777201000462e-03	-3.189382e-01
6.036777201000463e-03	-3.189425e-01
6.046777201000463e-03	-3.189382e-01
6.056777201000463e-03	-3.189425e-01
6.066777201000463e-03	-3.189382e-01
6.076777201000463e-03	-3.189425e-01
6.086777201000463e-03	-3.189382e-01
6.096777201000463e-03	-3.189425e-01
6.106777201000463e-03	-3.189382e-01
6.116777201000462e-03	-3.189425e-01
6.126777201000463e-03	-3.189382e-01
6.136777201000462e-03	-3.189425e-01
6.146777201000463e-03	-3.189382e-01
6.156777201000462e-03	-3.189425e-01
6.166777201000463e-03	-3.189382e-01
6.176777201000462e-03	-3.189425e-01
6.186777201000463e-03	-3.189382e-01
6.196777201000462e-03	-3.189425e-01
6.206777201000463e-03	-3.189382e-01
6.216777201000463e-03	-3.189425e-01
6.226777201000463e-03	-3.189382e-01
6.236777201000463e-03	-3.189425e-01
6.246777201000463e-03	-3.189382e-01
6.256777201000463e-03	-3.189425e-01
6.266777201000463e-03	-3.189382e-01
6.276777201000463e-03	-3.189425e-01
6.286777201000462e-03	-3.189382e-01
6.296777201000463e-03	-3.189425e-01
6.306777201000462e-03	-3.189382e-01
6.316777201000463e-03	-3.189425e-01
6.326777201000462e-03	-3.189382e-01
6.336777201000463e-03	-3.189425e-01
6.346777201000462e-03	-3.189382e-01
6.356777201000463e-03	-3.189425e-01
6.366777201000462e-03	-3.189382e-01
6.376777201000463e-03	-3.189425e-01
6.386777201000463e-03	-3.189382e-01
6.396777201000463e-03	-3.189425e-01
6.406777201000463e-03	-3.189382e-01
6.416777201000463e-03	-3.189425e-01
6.426777201000463e-03	-3.189382e-01
6.436777201000462e-03	-3.189425e-01
6.446777201000463e-03	-3.189382e-01
6.456777201000462e-03	-3.189425e-01
6.466777201000463e-03	-3.189382e-01
6.476777201000462e-03	-3.189425e-01
6.486777201000463e-03	-3.189382e-01
6.496777201000462e-03	-3.189425e-01
6.506777201000463e-03	-3.189382e-01
6.516777201000462e-03	-3.189425e-01
6.526777201000463e-03	-3.189382e-01
6.536777201000462e-03	-3.189425e-01
6.546777201000463e-03	-3.189382e-01
6.556777201000463e-03	-3.189425e-01
6.566777201000463e-03	-3.189382e-01
6.576777201000463e-03	-3.189425e-01
6.586777201000463e-03	-3.189382e-01
6.596777201000463e-03	-3.189425e-01
6.606777201000462e-03	-3.189382e-01
6.616777201000463e-03	-3.189425e-01
6.626777201000462e-03	-3.189382e-01
6.636777201000463e-03	-3.189425e-01
6.646777201000462e-03	-3.189382e-01
6.656777201000463e-03	-3.189425e-01
6.666777201000462e-03	-3.189382e-01
6.676777201000463e-03	-3.189425e-01
6.686777201000462e-03	-3.189382e-01
6.696777201000463e-03	-3.189425e-01
6.706777201000463e-03	-3.189382e-01
6.716777201000463e-03	-3.189425e-01
6.726777201000463e-03	-3.189382e-01
6.736777201000463e-03	-3.189425e-01
6.746777201000463e-03	-3.189382e-01
6.756777201000462e-03	-3.189425e-01
6.766777201000463e-03	-3.189382e-01
6.776777201000462e-03	-3.189425e-01
6.786777201000463e-03	-3.189382e-01
6.796777201000462e-03	-3.189425e-01
6.806777201000463e-03	-3.189382e-01
6.816777201000462e-03	-3.189425e-01
6.826777201000463e-03	-3.189382e-01
6.836777201000462e-03	-3.189425e-01
6.846777201000463e-03	-3.189382e-01
6.856777201000462e-03	-3.189425e-01
6.866777201000463e-03	-3.189382e-01
6.876777201000463e-03	-3.189425e-01
6.886777201000463e-03	-3.189382e-01
6.896777201000463e-03	-3.189425e-01
6.906777201000463e-03	-3.189382e-01
6.916777201000463e-03	-3.189425e-01
6.926777201000462e-03	-3.189382e-01
6.936777201000463e-03	-3.189425e-01
6.946777201000462e-03	-3.189382e-01
6.956777201000463e-03	-3.189425e-01
6.966777201000462e-03	-3.189382e-01
6.976777201000463e-03	-3.189425e-01
6.986777201000462e-03	-3.189382e-01
6.996777201000463e-03	-3.189425e-01
7.006777201000462e-03	-3.189382e-01
7.016777201000463e-03	-3.189425e-01
7.026777201000462e-03	-3.189382e-01
7.036777201000463e-03	-3.189425e-01
7.046777201000463e-03	-3.189382e-01
7.056777201000463e-03	-3.189425e-01
7.066777201000463e-03	-3.189382e-01
7.076777201000462e-03	-3.189425e-01
7.086777201000463e-03	-3.189382e-01
7.096777201000462e-03	-3.189425e-01
7.106777201000463e-03	-3.189382e-01
7.116777201000462e-03	-3.189425e-01
7.126777201000463e-03	-3.189382e-01
7.136777201000462e-03	-3.189425e-01
7.146777201000463e-03	-3.189382e-01
7.156777201000462e-03	-3.189425e-01
7.166777201000463e-03	-3.189382e-01
7.176777201000462e-03	-3.189425e-01
7.186777201000463e-03	-3.189382e-01
7.196777201000462e-03	-3.189425e-01
7.206777201000463e-03	-3.189382e-01
7.216777201000463e-03	-3.189425e-01
7.226777201000463e-03	-3.189382e-01
7.236777201000463e-03	-3.189425e-01
7.246777201000462e-03	-3.189382e-01
7.256777201000463e-03	-3.189425e-01
7.266777201000462e-03	-3.189382e-01
7.276777201000463e-03	-3.189425e-01
7.286777201000462e-03	-3.189382e-01
7.296777201000463e-03	-3.189425e-01
7.306777201000462e-03	-3.189382e-01
7.316777201000463e-03	-3.189425e-01
7.326777201000462e-03	-3.189382e-01
7.336777201000463e-03	-3.189425e-01
7.346777201000462e-03	-3.189382e-01
7.356777201000463e-03	-3.189425e-01
7.366777201000463e-03	-3.189382e-01
7.376777201000463e-03	-3.189425e-01
7.386777201000463e-03	-3.189382e-01
7.396777201000462e-03	-3.189425e-01
7.406777201000463e-03	-3.189382e-01
7.416777201000462e-03	-3.189425e-01
7.426777201000463e-03	-3.189382e-01
7.436777201000462e-03	-3.189425e-01
7.446777201000463e-03	-3.189382e-01
7.456777201000462e-03	-3.189425e-01
7.466777201000463e-03	-3.189382e-01
7.476777201000462e-03	-3.189425e-01
7.486777201000463e-03	-3.189382e-01
7.496777201000462e-03	-3.189425e-01
7.506777201000463e-03	-3.189382e-01
7.516777201000462e-03	-3.189425e-01
7.526777201000463e-03	-3.189382e-01
7.536777201000463e-03	-3.189425e-01
7.546777201000463e-03	-3.189382e-01
7.556777201000463e-03	-3.189425e-01
7.566777201000462e-03	-3.189382e-01
7.576777201000463e-03	-3.189425e-01
7.586777201000462e-03	-3.189382e-01
7.596777201000463e-03	-3.189425e-01
7.606777201000462e-03	-3.189382e-01
7.616777201000463e-03	-3.189425e-01
7.626777201000462e-03	-3.189382e-01
7.636777201000463e-03	-3.189425e-01
7.646777201000462e-03	-3.189382e-01
7.656777201000463e-03	-3.189425e-01
7.666777201000462e-03	-3.189382e-01
7.676777201000463e-03	-3.189425e-01
7.686777201000462e-03	-3.189382e-01
7.696777201000463e-03	-3.189425e-01
7.706777201000463e-03	-3.189382e-01
7.716777201000462e-03	-3.189425e-01
7.726777201000463e-03	-3.189382e-01
7.736777201000462e-03	-3.189425e-01
7.746777201000463e-03	-3.189382e-01
7.756777201000462e-03	-3.189425e-01
7.766777201000463e-03	-3.189382e-01
7.776777201000462e-03	-3.189425e-01
7.786777201000463e-03	-3.189382e-01
7.796777201000462e-03	-3.189425e-01
7.806777201000463e-03	-3.189382e-01
7.816777201000463e-03	-3.189425e-01
7.826777201000463e-03	-3.189382e-01
7.836777201000462e-03	-3.189425e-01
7.846777201000462e-03	-3.189382e-01
7.856777201000463e-03	-3.189425e-01
7.866777201000463e-03	-3.189382e-01
7.876777201000463e-03	-3.189425e-01
7.886777201000462e-03	-3.189382e-01
7.896777201000462e-03	-3.189425e-01
7.906777201000463e-03	-3.189382e-01
7.916777201000463e-03	-3.189425e-01
7.926777201000462e-03	-3.189382e-01
7.936777201000462e-03	-3.189425e-01
7.946777201000463e-03	-3.189382e-01
7.956777201000463e-03	-3.189425e-01
7.966777201000462e-03	-3.189382e-01
7.976777201000462e-03	-3.189425e-01
7.986777201000463e-03	-3.189382e-01
7.996777201000463e-03	-3.189425e-01
8.006777201000462e-03	-3.189382e-01
8.016777201000462e-03	-3.189425e-01
8.026777201000463e-03	-3.189382e-01
8.036777201000463e-03	-3.189425e-01
8.046777201000463e-03	-3.189382e-01
8.056777201000462e-03	-3.189425e-01
8.066777201000462e-03	-3.189382e-01
8.076777201000463e-03	-3.189425e-01
8.086777201000463e-03	-3.189382e-01
8.096777201000462e-03	-3.189425e-01
8.106777201000462e-03	-3.189382e-01
8.116777201000463e-03	-3.189425e-01
8.126777201000463e-03	-3.189382e-01
8.136777201000462e-03	-3.189425e-01
8.146777201000462e-03	-3.189382e-01
8.156777201000463e-03	-3.189425e-01
8.166777201000463e-03	-3.189382e-01
8.176777201000462e-03	-3.189425e-01
8.186777201000462e-03	-3.189382e-01
8.196777201000462e-03	-3.189425e-01
8.206777201000463e-03	-3.189382e-01
8.216777201000463e-03	-3.189425e-01
8.226777201000462e-03	-3.189382e-01
8.236777201000462e-03	-3.189425e-01
8.246777201000463e-03	-3.189382e-01
8.256777201000463e-03	-3.189425e-01
8.266777201000462e-03	-3.189382e-01
8.276777201000462e-03	-3.189425e-01
8.286777201000463e-03	-3.189382e-01
8.296777201000463e-03	-3.189425e-01
8.306777201000462e-03	-3.189382e-01
8.316777201000462e-03	-3.189425e-01
8.326777201000463e-03	-3.189382e-01
8.336777201000463e-03	-3.189425e-01
8.346777201000462e-03	-3.189382e-01
8.356777201000462e-03	-3.189425e-01
8.366777201000462e-03	-3.189382e-01
8.376777201000463e-03	-3.189425e-01
8.386777201000463e-03	-3.189382e-01
8.396777201000462e-03	-3.189425e-01
8.406777201000462e-03	-3.189382e-01
8.416777201000463e-03	-3.189425e-01
8.426777201000463e-03	-3.189382e-01
8.436777201000462e-03	-3.189425e-01
8.446777201000462e-03	-3.189382e-01
8.456777201000463e-03	-3.189425e-01
8.466777201000463e-03	-3.189382e-01
8.476777201000462e-03	-3.189425e-01
8.486777201000462e-03	-3.189382e-01
8.496777201000463e-03	-3.189425e-01
8.506777201000463e-03	-3.189382e-01
8.516777201000462e-03	-3.189425e-01
8.526777201000462e-03	-3.189382e-01
8.536777201000462e-03	-3.189425e-01
8.546777201000463e-03	-3.189382e-01
8.556777201000463e-03	-3.189425e-01
8.566777201000462e-03	-3.189382e-01
8.576777201000462e-03	-3.189425e-01
8.586777201000463e-03	-3.189382e-01
8.596777201000463e-03	-3.189425e-01
8.606777201000462e-03	-3.189382e-01
8.616777201000462e-03	-3.189425e-01
8.626777201000463e-03	-3.189382e-01
8.636777201000463e-03	-3.189425e-01
8.646777201000462e-03	-3.189382e-01
8.656777201000462e-03	-3.189425e-01
8.666777201000463e-03	-3.189382e-01
8.676777201000463e-03	-3.189425e-01
8.686777201000462e-03	-3.189382e-01
8.696777201000462e-03	-3.189425e-01
8.706777201000462e-03	-3.189382e-01
8.716777201000463e-03	-3.189425e-01
8.726777201000463e-03	-3.189382e-01
8.736777201000462e-03	-3.189425e-01
8.746777201000462e-03	-3.189382e-01
8.756777201000463e-03	-3.189425e-01
8.766777201000463e-03	-3.189382e-01
8.776777201000462e-03	-3.189425e-01
8.786777201000462e-03	-3.189382e-01
8.796777201000463e-03	-3.189425e-01
8.806777201000463e-03	-3.189382e-01
8.816777201000462e-03	-3.189425e-01
8.826777201000462e-03	-3.189382e-01
8.836777201000462e-03	-3.189425e-01
8.846777201000463e-03	-3.189382e-01
8.856777201000463e-03	-3.189425e-01
8.866777201000462e-03	-3.189382e-01
8.876777201000462e-03	-3.189425e-01
8.886777201000463e-03	-3.189382e-01
8.896777201000463e-03	-3.189425e-01
8.906777201000462e-03	-3.189382e-01
8.916777201000462e-03	-3.189425e-01
8.926777201000463e-03	-3.189382e-01
8.936777201000463e-03	-3.189425e-01
8.946777201000462e-03	-3.189382e-01
8.956777201000462e-03	-3.189425e-01
8.966777201000463e-03	-3.189382e-01
8.976777201000463e-03	-3.189425e-01
8.986777201000462e-03	-3.189382e-01
8.996777201000462e-03	-3.189425e-01
9.006777201000462e-03	-3.189382e-01
9.016777201000463e-03	-3.189425e-01
9.026777201000463e-03	-3.189382e-01
9.036777201000462e-03	-3.189425e-01
9.046777201000462e-03	-3.189382e-01
9.056777201000463e-03	-3.189425e-01
9.066777201000463e-03	-3.189382e-01
9.076777201000462e-03	-3.189425e-01
9.086777201000462e-03	-3.189382e-01
9.096777201000463e-03	-3.189425e-01
9.106777201000463e-03	-3.189382e-01
9.116777201000462e-03	-3.189425e-01
9.126777201000462e-03	-3.189382e-01
9.136777201000463e-03	-3.189425e-01
9.146777201000463e-03	-3.189382e-01
9.156777201000462e-03	-3.189425e-01
9.166777201000462e-03	-3.189382e-01
9.176777201000462e-03	-3.189425e-01
9.186777201000463e-03	-3.189382e-01
9.196777201000463e-03	-3.189425e-01
9.206777201000462e-03	-3.189382e-01
9.216777201000462e-03	-3.189425e-01
9.226777201000463e-03	-3.189382e-01
9.236777201000463e-03	-3.189425e-01
9.246777201000462e-03	-3.189382e-01
9.256777201000462e-03	-3.189425e-01
9.266777201000463e-03	-3.189382e-01
9.276777201000463e-03	-3.189425e-01
9.286777201000462e-03	-3.189382e-01
9.296777201000462e-03	-3.189425e-01
9.306777201000463e-03	-3.189382e-01
9.316777201000463e-03	-3.189425e-01
9.326777201000462e-03	-3.189382e-01
9.336777201000462e-03	-3.189425e-01
9.346777201000462e-03	-3.189382e-01
9.356777201000463e-03	-3.189425e-01
9.366777201000463e-03	-3.189382e-01
9.376777201000462e-03	-3.189425e-01
9.386777201000462e-03	-3.189382e-01
9.396777201000463e-03	-3.189425e-01
9.406777201000463e-03	-3.189382e-01
9.416777201000462e-03	-3.189425e-01
9.426777201000462e-03	-3.189382e-01
9.436777201000463e-03	-3.189425e-01
9.446777201000463e-03	-3.189382e-01
9.456777201000462e-03	-3.189425e-01
9.466777201000462e-03	-3.189382e-01
9.476777201000462e-03	-3.189425e-01
9.486777201000463e-03	-3.189382e-01
9.496777201000462e-03	-3.189425e-01
9.506777201000462e-03	-3.189382e-01
9.516777201000462e-03	-3.189425e-01
9.526777201000463e-03	-3.189382e-01
9.536777201000463e-03	-3.189425e-01
9.546777201000462e-03	-3.189382e-01
9.556777201000462e-03	-3.189425e-01
9.566777201000463e-03	-3.189382e-01
9.576777201000463e-03	-3.189425e-01
9.586777201000462e-03	-3.189382e-01
9.596777201000462e-03	-3.189425e-01
9.606777201000463e-03	-3.189382e-01
9.616777201000463e-03	-3.189425e-01
9.626777201000462e-03	-3.189382e-01
9.636777201000462e-03	-3.189425e-01
9.646777201000462e-03	-3.189382e-01
9.656777201000463e-03	-3.189425e-01
9.666777201000462e-03	-3.189382e-01
9.676777201000462e-03	-3.189425e-01
9.686777201000462e-03	-3.189382e-01
9.696777201000463e-03	-3.189425e-01
9.706777201000463e-03	-3.189382e-01
9.716777201000462e-03	-3.189425e-01
9.726777201000462e-03	-3.189382e-01
9.736777201000463e-03	-3.189425e-01
9.746777201000463e-03	-3.189382e-01
9.756777201000462e-03	-3.189425e-01
9.766777201000462e-03	-3.189382e-01
9.776777201000463e-03	-3.189425e-01
9.786777201000463e-03	-3.189382e-01
9.796777201000462e-03	-3.189425e-01
9.806777201000462e-03	-3.189382e-01
9.816777201000462e-03	-3.189425e-01
9.826777201000463e-03	-3.189382e-01
9.836777201000462e-03	-3.189425e-01
9.846777201000462e-03	-3.189382e-01
9.856777201000462e-03	-3.189425e-01
9.866777201000463e-03	-3.189382e-01
9.876777201000463e-03	-3.189425e-01
9.886777201000462e-03	-3.189382e-01
9.896777201000462e-03	-3.189425e-01
9.906777201000463e-03	-3.189382e-01
9.916777201000463e-03	-3.189425e-01
9.926777201000462e-03	-3.189382e-01
9.936777201000462e-03	-3.189425e-01
9.946777201000463e-03	-3.189382e-01
9.956777201000463e-03	-3.189425e-01
9.966777201000462e-03	-3.189382e-01
9.976777201000462e-03	-3.189425e-01
9.986777201000462e-03	-3.189382e-01
9.996777201000463e-03	-3.189425e-01
1.000000000000000e-02	-3.189382e-01
1.000000000100000e-02	-3.189446e-01
1.000000000200000e-02	-3.189377e-01
1.000000000440036e-02	-3.189428e-01
1.000000000670974e-02	-3.189378e-01
1.000000001132851e-02	-3.189425e-01
1.000000002056606e-02	-3.189380e-01
1.000000003904114e-02	-3.189425e-01
1.000000007599130e-02	-3.189380e-01
1.000000014989163e-02	-3.189425e-01
1.000000029769228e-02	-3.189381e-01
1.000000059329359e-02	-3.189425e-01
1.000000118449621e-02	-3.189381e-01
1.000000236690145e-02	-3.189425e-01
1.000000473171193e-02	-3.189380e-01
1.000000946133289e-02	-3.189423e-01
1.000001768512010e-02	-3.189377e-01
1.000002962941878e-02	-3.189418e-01
1.000005351801612e-02	-3.189366e-01
1.000010129521082e-02	-3.189239e-01
1.000017107512869e-02	-3.189385e-01
1.000023641157347e-02	-3.189471e-01
1.000031640405217e-02	-3.189467e-01
1.000039247140620e-02	-3.189543e-01
1.000054460611425e-02	-3.189532e-01
1.000056509206225e-02	-3.189558e-01
1.000060606395824e-02	-3.189563e-01
1.000068800775022e-02	-3.189573e-01
1.000085189533419e-02	-3.189592e-01
1.000117967050211e-02	-3.189623e-01
1.000175612799625e-02	-3.189652e-01
1.000242101866322e-02	-3.189647e-01
1.000253900729438e-02	-3.189642e-01
1.000277498455669e-02	-3.189627e-01
1.000324693908132e-02	-3.189583e-01
1.000336492771248e-02	-3.189570e-01
1.000360090497479e-02	-3.189542e-01
1.000407285949942e-02	-3.189485e-01
1.000501676854867e-02	-3.189368e-01
1.000690458664719e-02	-3.189126e-01
1.001068022284421e-02	-3.188612e-01
1.001823149523826e-02	-3.187430e-01
1.002823149523826e-02	-3.185321e-01
1.003823149523826e-02	-3.181882e-01
1.004823149523826e-02	-3.174630e-01
1.005823149523826e-02	-3.140843e-01
1.006823149523826e-02	-3.040774e-01
1.007823149523826e-02	-2.939461e-01
1.008823149523826e-02	-2.835438e-01
1.009823149523826e-02	-2.733475e-01
1.010000000000000e-02	-2.714125e-01
1.010000000100000e-02	-2.714135e-01
1.010000001700000e-02	-2.714143e-01
1.010000004900000e-02	-2.714155e-01
1.010000011300000e-02	-2.714168e-01
1.010000024100000e-02	-2.714184e-01
1.010000049700000e-02	-2.714216e-01
1.010000100900000e-02	-2.714261e-01
1.010000203300000e-02	-2.714334e-01
1.010000408100000e-02	-2.714404e-01
1.010000817700000e-02	-2.714437e-01
1.010001636900000e-02	-2.714371e-01
1.010003275300001e-02	-2.714200e-01
1.010006552100002e-02	-2.713853e-01
1.010013105700003e-02	-2.713167e-01
1.010026212900006e-02	-2.711786e-01
1.010052427300013e-02	-2.709033e-01
1.010104856100025e-02	-2.703512e-01
1.010209713700050e-02	-2.692467e-01
1.010419428900100e-02	-2.670324e-01
1.010838859300201e-02	-2.625963e-01
1.011677720100402e-02	-2.537542e-01
1.012677720100402e-02	-2.434066e-01
1.013677720100402e-02	-2.334473e-01
1.014677720100401e-02	-2.244051e-01
1.015677720100402e-02	-2.156495e-01
1.016677720100402e-02	-2.059873e-01
1.017677720100402e-02	-1.843044e-01
1.018677720100401e-02	-1.634487e-01
1.019677720100402e-02	-1.559308e-01
1.020628398381632e-02	-1.534420e-01
1.021628398381632e-02	-1.510691e-01
1.022628398381632e-02	-1.538364e-01
1.023628398381632e-02	-1.615907e-01
1.024628398381632e-02	-1.728613e-01
1.025628398381632e-02	-1.868829e-01
1.026628398381632e-02	-2.034096e-01
1.027628398381632e-02	-2.217117e-01
1.028628398381632e-02	-2.415390e-01
1.029628398381632e-02	-2.620973e-01
1.030628398381632e-02	-2.829637e-01
1.031628398381632e-02	-3.029253e-01
1.032628398381632e-02	-3.204022e-01
1.033628398381632e-02	-3.287849e-01
1.034628398381632e-02	-3.180749e-01
1.035628398381632e-02	-3.059822e-01
1.036628398381632e-02	-2.931509e-01
1.037628398381632e-02	-2.770854e-01
1.038628398381632e-02	-2.335983e-01
1.039628398381632e-02	-1.712310e-01
1.040628398381632e-02	-1.170808e-01
1.041628398381632e-02	-6.511746e-02
1.042484825472342e-02	-1.834307e-02
1.043294702288162e-02	-1.509057e-04
1.044082408526116e-02	-5.680941e-06
1.045082408526116e-02	-1.516210e-05
1.046082408526116e-02	-6.210735e-06
1.047082408526116e-02	-1.549807e-05
1.048082408526116e-02	-5.882885e-06
1.049082408526116e-02	-1.516175e-05
1.050082408526116e-02	-5.574464e-06
1.051082408526116e-02	-1.482737e-05
1.052082408526116e-02	-5.282177e-06
1.053082408526116e-02	-1.451014e-05
1.054082408526116e-02	-5.004456e-06
1.055082408526116e-02	-1.420908e-05
1.056082408526116e-02	-4.740812e-06
1.057082408526116e-02	-1.392342e-05
1.058082408526116e-02	-4.490692e-06
1.059082408526116e-02	-1.365240e-05
1.060082408526116e-02	-4.253509e-06
1.061082408526116e-02	-1.339524e-05
1.062082408526116e-02	-4.028665e-06
1.063082408526116e-02	-1.315116e-05
1.064082408526116e-02	-3.812807e-06
1.065082408526116e-02	-1.291069e-05
1.066082408526116e-02	-3.596579e-06
1.067082408526116e-02	-1.267285e-05
1.068082408526116e-02	-3.384868e-06
1.069082408526116e-02	-1.244274e-05
1.070082408526116e-02	-3.181099e-06
1.071082408526116e-02	-1.222248e-05
1.072082408526116e-02	-2.986807e-06
1.073082408526116e-02	-1.201293e-05
1.074082408526116e-02	-2.802611e-06
1.075082408526116e-02	-1.181430e-05
1.076082408526116e-02	-2.628636e-06
1.077082408526116e-02	-1.162646e-05
1.078082408526116e-02	-2.464732e-06
1.079082408526116e-02	-1.144908e-05
1.080082408526116e-02	-2.310588e-06
1.081082408526116e-02	-1.128174e-05
1.082082408526116e-02	-2.165800e-06
1.083082408526116e-02	-1.112393e-05
1.084082408526116e-02	-2.029918e-06
1.085082408526116e-02	-1.097514e-05
1.086082408526116e-02	-1.902471e-06
1.087082408526116e-02	-1.083487e-05
1.088082408526116e-02	-1.782986e-06
1.089082408526116e-02	-1.070260e-05
1.090082408526116e-02	-1.671000e-06
1.091082408526116e-02	-1.057785e-05
1.092082408526116e-02	-1.566067e-06
1.093082408526116e-02	-1.046016e-05
1.094082408526116e-02	-1.467765e-06
1.095082408526116e-02	-1.034910e-05
1.096082408526116e-02	-1.375694e-06
1.097082408526116e-02	-1.024426e-05
1.098082408526116e-02	-1.289482e-06
1.099082408526116e-02	-1.014526e-05
1.100000000100000e-02	-1.212670e-06
1.100000000200000e-02	-5.713185e-07
1.100000001800000e-02	-8.385945e-07
1.100000005000000e-02	-9.584502e-07
1.100000011400000e-02	-1.386792e-06
1.100000024200000e-02	-1.562120e-06
1.100000049800000e-02	-2.112792e-06
1.100000101000000e-02	-2.820448e-06
1.100000203400000e-02	-4.159747e-06
1.100000370787554e-02	-4.948326e-06
1.100000583297908e-02	-5.499942e-06
1.100000876274640e-02	-5.520293e-06
1.100001325727741e-02	-5.694100e-06
1.100002206904093e-02	-5.575727e-06
1.100003969256798e-02	-5.722369e-06
1.100007493962206e-02	-5.589764e-06
1.100014543373024e-02	-5.723118e-06
1.100028642194659e-02	-5.588708e-06
1.100056839837930e-02	-5.721338e-06
1.100113235124470e-02	-5.585067e-06
1.100226025697551e-02	-5.714101e-06
1.100451606843714e-02	-5.570644e-06
1.100902769136039e-02	-5.685507e-06
1.101805093720690e-02	-5.514427e-06
1.102805093720690e-02	-5.608234e-06
1.103805093720690e-02	-5.435527e-06
1.104805093720690e-02	-5.531729e-06
1.105805093720690e-02	-5.361349e-06
1.106805093720690e-02	-5.459814e-06
1.107805093720690e-02	-5.291635e-06
1.108805093720690e-02	-5.392241e-06
1.109805093720690e-02	-5.226147e-06
1.110805093720690e-02	-5.328784e-06
1.111805093720690e-02	-5.164666e-06
1.112805093720690e-02	-5.269231e-06
1.113805093720690e-02	-5.106990e-06
1.114805093720690e-02	-5.213386e-06
1.115805093720690e-02	-5.052930e-06
1.116805093720690e-02	-5.161067e-06
1.117805093720690e-02	-5.002308e-06
1.118805093720690e-02	-5.112100e-06
1.119805093720690e-02	-4.954955e-06
1.120805093720690e-02	-5.066322e-06
1.121805093720690e-02	-4.910711e-06
1.122805093720690e-02	-5.023575e-06
1.123805093720690e-02	-4.869422e-06
1.124805093720690e-02	-4.983706e-06
1.125805093720690e-02	-4.830935e-06
1.126805093720690e-02	-4.946567e-06
1.127805093720690e-02	-4.795105e-06
1.128805093720690e-02	-4.912010e-06
1.129805093720690e-02	-4.761786e-06
1.130805093720690e-02	-4.879894e-06
1.131805093720690e-02	-4.730836e-06
1.132805093720690e-02	-4.850076e-06
1.133805093720690e-02	-4.702114e-06
1.134805093720690e-02	-4.822416e-06
1.135805093720690e-02	-4.675483e-06
1.136805093720690e-02	-4.796779e-06
1.137805093720690e-02	-4.650805e-06
1.138805093720690e-02	-4.773030e-06
1.139805093720690e-02	-4.627950e-06
1.140805093720690e-02	-4.751038e-06
1.141805093720690e-02	-4.606789e-06
1.142805093720690e-02	-4.730677e-06
1.143805093720690e-02	-4.587198e-06
1.144805093720690e-02	-4.711826e-06
1.145805093720690e-02	-4.569056e-06
1.146805093720690e-02	-4.694367e-06
1.147805093720690e-02	-4.552252e-06
1.148805093720690e-02	-4.678191e-06
1.149805093720690e-02	-4.536678e-06
1.150805093720690e-02	-4.663194e-06
1.151805093720690e-02	-4.522232e-06
1.152805093720690e-02	-4.649276e-06
1.153805093720690e-02	-4.508820e-06
1.154805093720690e-02	-4.636348e-06
1.155805093720690e-02	-4.496354e-06
1.156805093720690e-02	-4.624325e-06
1.157805093720690e-02	-4.484753e-06
1.158805093720690e-02	-4.613128e-06
1.159805093720690e-02	-4.473942e-06
1.160805093720690e-02	-4.602686e-06
1.161805093720690e-02	-4.463852e-06
1.162805093720690e-02	-4.592933e-06
1.163805093720690e-02	-4.454422e-06
1.164805093720690e-02	-4.583811e-06
1.165805093720690e-02	-4.445593e-06
1.166805093720690e-02	-4.575264e-06
1.167805093720690e-02	-4.437316e-06
1.168805093720690e-02	-4.567245e-06
1.169805093720690e-02	-4.429545e-06
1.170805093720690e-02	-4.559711e-06
1.171805093720690e-02	-4.422238e-06
1.172805093720690e-02	-4.552623e-06
1.173805093720690e-02	-4.415358e-06
1.174805093720690e-02	-4.545946e-06
1.175805093720690e-02	-4.408875e-06
1.176805093720690e-02	-4.539649e-06
1.177805093720690e-02	-4.402758e-06
1.178805093720690e-02	-4.533706e-06
1.179805093720690e-02	-4.396984e-06
1.180805093720690e-02	-4.528095e-06
1.181805093720690e-02	-4.391530e-06
1.182805093720690e-02	-4.522794e-06
1.183805093720690e-02	-4.386379e-06
1.184805093720690e-02	-4.517788e-06
1.185805093720690e-02	-4.381514e-06
1.186805093720690e-02	-4.513062e-06
1.187805093720690e-02	-4.376924e-06
1.188805093720690e-02	-4.508605e-06
1.189805093720690e-02	-4.372598e-06
1.190805093720690e-02	-4.504408e-06
1.191805093720690e-02	-4.368529e-06
1.192805093720690e-02	-4.500465e-06
1.193805093720690e-02	-4.364711e-06
1.194805093720690e-02	-4.496772e-06
1.195805093720690e-02	-4.361142e-06
1.196805093720690e-02	-4.493327e-06
1.197805093720690e-02	-4.357821e-06
1.198805093720690e-02	-4.490131e-06
1.199805093720690e-02	-4.354750e-06
1.200805093720690e-02	-4.487187e-06
1.201805093720690e-02	-4.351934e-06
1.202805093720690e-02	-4.484499e-06
1.203805093720690e-02	-4.349378e-06
1.204805093720690e-02	-4.482077e-06
1.205805093720690e-02	-4.347091e-06
1.206805093720690e-02	-4.479928e-06
1.207805093720690e-02	-4.345083e-06
1.208805093720690e-02	-4.478063e-06
1.209805093720690e-02	-4.343365e-06
1.210805093720690e-02	-4.476496e-06
1.211805093720690e-02	-4.341950e-06
1.212805093720690e-02	-4.475236e-06
1.213805093720690e-02	-4.340849e-06
1.214805093720690e-02	-4.474293e-06
1.215805093720690e-02	-4.340067e-06
1.216805093720690e-02	-4.473674e-06
1.217805093720690e-02	-4.339609e-06
1.218805093720690e-02	-4.473374e-06
1.219805093720690e-02	-4.339464e-06
1.220805093720690e-02	-4.473378e-06
1.221805093720690e-02	-4.339610e-06
1.222805093720690e-02	-4.473656e-06
1.223805093720690e-02	-4.340010e-06
1.224805093720690e-02	-4.474165e-06
1.225805093720690e-02	-4.340613e-06
1.226805093720690e-02	-4.474848e-06
1.227805093720690e-02	-4.341364e-06
1.228805093720690e-02	-4.475652e-06
1.229805093720690e-02	-4.342212e-06
1.230805093720690e-02	-4.476535e-06
1.231805093720690e-02	-4.343126e-06
1.232805093720690e-02	-4.477479e-06
1.233805093720690e-02	-4.344103e-06
1.234805093720690e-02	-4.478492e-06
1.235805093720690e-02	-4.345160e-06
1.236805093720690e-02	-4.479603e-06
1.237805093720690e-02	-4.346338e-06
1.238805093720690e-02	-4.480858e-06
1.239805093720690e-02	-4.347683e-06
1.240805093720690e-02	-4.482304e-06
1.241805093720690e-02	-4.349242e-06
1.242805093720690e-02	-4.483986e-06
1.243805093720690e-02	-4.351057e-06
1.244805093720690e-02	-4.485940e-06
1.245805093720690e-02	-4.353160e-06
1.246805093720690e-02	-4.488197e-06
1.247805093720690e-02	-4.355576e-06
1.248805093720690e-02	-4.490775e-06
1.249805093720690e-02	-4.358321e-06
1.250805093720690e-02	-4.493687e-06
1.251805093720690e-02	-4.361403e-06
1.252805093720690e-02	-4.496939e-06
1.253805093720690e-02	-4.364824e-06
1.254805093720690e-02	-4.500529e-06
1.255805093720690e-02	-4.368582e-06
1.256805093720690e-02	-4.504451e-06
1.257805093720690e-02	-4.372668e-06
1.258805093720690e-02	-4.508696e-06
1.259805093720690e-02	-4.377070e-06
1.260805093720690e-02	-4.513251e-06
1.261805093720690e-02	-4.381774e-06
1.262805093720690e-02	-4.518099e-06
1.263805093720690e-02	-4.386762e-06
1.264805093720690e-02	-4.523220e-06
1.265805093720690e-02	-4.392014e-06
1.266805093720690e-02	-4.528595e-06
1.267805093720690e-02	-4.397506e-06
1.268805093720690e-02	-4.534198e-06
1.269805093720690e-02	-4.403215e-06
1.270805093720690e-02	-4.540005e-06
1.271805093720690e-02	-4.409115e-06
1.272805093720690e-02	-4.545991e-06
1.273805093720690e-02	-4.415180e-06
1.274805093720690e-02	-4.552127e-06
1.275805093720690e-02	-4.421383e-06
1.276805093720690e-02	-4.558388e-06
1.277805093720690e-02	-4.427696e-06
1.278805093720690e-02	-4.564745e-06
1.279805093720690e-02	-4.434091e-06
1.280805093720690e-02	-4.571170e-06
1.281805093720690e-02	-4.440541e-06
1.282805093720690e-02	-4.577637e-06
1.283805093720690e-02	-4.447019e-06
1.284805093720690e-02	-4.584120e-06
1.285805093720690e-02	-4.453500e-06
1.286805093720690e-02	-4.590592e-06
1.287805093720690e-02	-4.459960e-06
1.288805093720690e-02	-4.597031e-06
1.289805093720690e-02	-4.466373e-06
1.290805093720690e-02	-4.603412e-06
1.291805093720690e-02	-4.472719e-06
1.292805093720690e-02	-4.609716e-06
1.293805093720690e-02	-4.478977e-06
1.294805093720690e-02	-4.615923e-06
1.295805093720690e-02	-4.485129e-06
1.296805093720690e-02	-4.622014e-06
1.297805093720690e-02	-4.491158e-06
1.298805093720690e-02	-4.627976e-06
1.299805093720690e-02	-4.497048e-06
1.300805093720690e-02	-4.633792e-06
1.301805093720690e-02	-4.502789e-06
1.302805093720690e-02	-4.639452e-06
1.303805093720690e-02	-4.508367e-06
1.304805093720690e-02	-4.644945e-06
1.305805093720690e-02	-4.513774e-06
1.306805093720690e-02	-4.650264e-06
1.307805093720690e-02	-4.519004e-06
1.308805093720690e-02	-4.655401e-06
1.309805093720690e-02	-4.524048e-06
1.310805093720690e-02	-4.660350e-06
1.311805093720690e-02	-4.528904e-06
1.312805093720690e-02	-4.665111e-06
1.313805093720690e-02	-4.533570e-06
1.314805093720690e-02	-4.669679e-06
1.315805093720690e-02	-4.538042e-06
1.316805093720690e-02	-4.674055e-06
1.317805093720690e-02	-4.542322e-06
1.318805093720690e-02	-4.678238e-06
1.319805093720690e-02	-4.546411e-06
1.320805093720690e-02	-4.682232e-06
1.321805093720690e-02	-4.550310e-06
1.322805093720690e-02	-4.686036e-06
1.323805093720690e-02	-4.554022e-06
1.324805093720690e-02	-4.689656e-06
1.325805093720690e-02	-4.557551e-06
1.326805093720690e-02	-4.693095e-06
1.327805093720690e-02	-4.560902e-06
1.328805093720690e-02	-4.696357e-06
1.329805093720690e-02	-4.564078e-06
1.330805093720690e-02	-4.699447e-06
1.331805093720690e-02	-4.567086e-06
1.332805093720690e-02	-4.702372e-06
1.333805093720690e-02	-4.569930e-06
1.334805093720690e-02	-4.705137e-06
1.335805093720690e-02	-4.572618e-06
1.336805093720690e-02	-4.707747e-06
1.337805093720690e-02	-4.575154e-06
1.338805093720690e-02	-4.710208e-06
1.339805093720690e-02	-4.577544e-06
1.340805093720690e-02	-4.712529e-06
1.341805093720690e-02	-4.579796e-06
1.342805093720690e-02	-4.714712e-06
1.343805093720690e-02	-4.581915e-06
1.344805093720690e-02	-4.716766e-06
1.345805093720690e-02	-4.583907e-06
1.346805093720690e-02	-4.718697e-06
1.347805093720690e-02	-4.585779e-06
1.348805093720690e-02	-4.720511e-06
1.349805093720690e-02	-4.587536e-06
1.350805093720690e-02	-4.722212e-06
1.351805093720690e-02	-4.589185e-06
1.352805093720690e-02	-4.723809e-06
1.353805093720690e-02	-4.590731e-06
1.354805093720690e-02	-4.725305e-06
1.355805093720690e-02	-4.592180e-06
1.356805093720690e-02	-4.726706e-06
1.357805093720690e-02	-4.593537e-06
1.358805093720690e-02	-4.728018e-06
1.359805093720690e-02	-4.594806e-06
1.360805093720690e-02	-4.729246e-06
1.361805093720690e-02	-4.595995e-06
1.362805093720690e-02	-4.730394e-06
1.363805093720690e-02	-4.597106e-06
1.364805093720690e-02	-4.731468e-06
1.365805093720690e-02	-4.598144e-06
1.366805093720690e-02	-4.732471e-06
1.367805093720690e-02	-4.599115e-06
1.368805093720690e-02	-4.733408e-06
1.369805093720690e-02	-4.600021e-06
1.370805093720690e-02	-4.734283e-06
1.371805093720690e-02	-4.600867e-06
1.372805093720690e-02	-4.735100e-06
1.373805093720690e-02	-4.601657e-06
1.374805093720690e-02	-4.735863e-06
1.375805093720690e-02	-4.602393e-06
1.376805093720690e-02	-4.736573e-06
1.377805093720690e-02	-4.603080e-06
1.378805093720690e-02	-4.737236e-06
1.379805093720690e-02	-4.603722e-06
1.380805093720690e-02	-4.737855e-06
1.381805093720690e-02	-4.604319e-06
1.382805093720690e-02	-4.738431e-06
1.383805093720690e-02	-4.604876e-06
1.384805093720690e-02	-4.738968e-06
1.385805093720690e-02	-4.605395e-06
1.386805093720690e-02	-4.739468e-06
1.387805093720690e-02	-4.605878e-06
1.388805093720690e-02	-4.739934e-06
1.389805093720690e-02	-4.606328e-06
1.390805093720690e-02	-4.740368e-06
1.391805093720690e-02	-4.606748e-06
1.392805093720690e-02	-4.740772e-06
1.393805093720690e-02	-4.607138e-06
1.394805093720690e-02	-4.741148e-06
1.395805093720690e-02	-4.607501e-06
1.396805093720690e-02	-4.741497e-06
1.397805093720690e-02	-4.607839e-06
1.398805093720690e-02	-4.741823e-06
1.399805093720690e-02	-4.608154e-06
1.400805093720690e-02	-4.742126e-06
1.401805093720690e-02	-4.608446e-06
1.402805093720690e-02	-4.742407e-06
1.403805093720690e-02	-4.608719e-06
1.404805093720690e-02	-4.742670e-06
1.405805093720690e-02	-4.608972e-06
1.406805093720690e-02	-4.742913e-06
1.407805093720690e-02	-4.609208e-06
1.408805093720690e-02	-4.743139e-06
1.409805093720690e-02	-4.609427e-06
1.410805093720690e-02	-4.743350e-06
1.411805093720690e-02	-4.609630e-06
1.412805093720690e-02	-4.743546e-06
1.413805093720690e-02	-4.609820e-06
1.414805093720690e-02	-4.743728e-06
1.415805093720690e-02	-4.609996e-06
1.416805093720690e-02	-4.743897e-06
1.417805093720690e-02	-4.610159e-06
1.418805093720690e-02	-4.744054e-06
1.419805093720690e-02	-4.610311e-06
1.420805093720690e-02	-4.744200e-06
1.421805093720690e-02	-4.610452e-06
1.422805093720690e-02	-4.744335e-06
1.423805093720690e-02	-4.610584e-06
1.424805093720690e-02	-4.744461e-06
1.425805093720690e-02	-4.610706e-06
1.426805093720690e-02	-4.744578e-06
1.427805093720690e-02	-4.610819e-06
1.428805093720690e-02	-4.744687e-06
1.429805093720690e-02	-4.610924e-06
1.430805093720690e-02	-4.744787e-06
1.431805093720690e-02	-4.611022e-06
1.432805093720690e-02	-4.744881e-06
1.433805093720690e-02	-4.611112e-06
1.434805093720690e-02	-4.744968e-06
1.435805093720690e-02	-4.611196e-06
1.436805093720690e-02	-4.745048e-06
1.437805093720690e-02	-4.611275e-06
1.438805093720690e-02	-4.745123e-06
1.439805093720690e-02	-4.611347e-06
1.440805093720690e-02	-4.745192e-06
1.441805093720690e-02	-4.611415e-06
1.442805093720690e-02	-4.745256e-06
1.443805093720690e-02	-4.611477e-06
1.444805093720690e-02	-4.745316e-06
1.445805093720690e-02	-4.611535e-06
1.446805093720690e-02	-4.745371e-06
1.447805093720690e-02	-4.611589e-06
1.448805093720690e-02	-4.745422e-06
1.449805093720690e-02	-4.611639e-06
1.450805093720690e-02	-4.745470e-06
1.451805093720690e-02	-4.611685e-06
1.452805093720690e-02	-4.745514e-06
1.453805093720690e-02	-4.611728e-06
1.454805093720690e-02	-4.745555e-06
1.455805093720690e-02	-4.611768e-06
1.456805093720690e-02	-4.745592e-06
1.457805093720690e-02	-4.611805e-06
1.458805093720690e-02	-4.745627e-06
1.459805093720690e-02	-4.611839e-06
1.460805093720690e-02	-4.745660e-06
1.461805093720690e-02	-4.611871e-06
1.462805093720690e-02	-4.745690e-06
1.463805093720690e-02	-4.611901e-06
1.464805093720690e-02	-4.745717e-06
1.465805093720690e-02	-4.611928e-06
1.466805093720690e-02	-4.745743e-06
1.467805093720690e-02	-4.611953e-06
1.468805093720690e-02	-4.745767e-06
1.469805093720690e-02	-4.611977e-06
1.470805093720690e-02	-4.745789e-06
1.471805093720690e-02	-4.611999e-06
1.472805093720690e-02	-4.745809e-06
1.473805093720690e-02	-4.612019e-06
1.474805093720690e-02	-4.745827e-06
1.475805093720690e-02	-4.612037e-06
1.476805093720690e-02	-4.745845e-06
1.477805093720690e-02	-4.612054e-06
1.478805093720690e-02	-4.745861e-06
1.479805093720690e-02	-4.612070e-06
1.480805093720690e-02	-4.745876e-06
1.481805093720690e-02	-4.612085e-06
1.482805093720690e-02	-4.745889e-06
1.483805093720690e-02	-4.612099e-06
1.484805093720690e-02	-4.745902e-06
1.485805093720690e-02	-4.612111e-06
1.486805093720690e-02	-4.745913e-06
1.487805093720690e-02	-4.612123e-06
1.488805093720690e-02	-4.745924e-06
1.489805093720690e-02	-4.612134e-06
1.490805093720690e-02	-4.745934e-06
1.491805093720690e-02	-4.612144e-06
1.492805093720690e-02	-4.745943e-06
1.493805093720690e-02	-4.612153e-06
1.494805093720690e-02	-4.745951e-06
1.495805093720690e-02	-4.612162e-06
1.496805093720690e-02	-4.745958e-06
1.497805093720690e-02	-4.612170e-06
1.498805093720690e-02	-4.745966e-06
1.499805093720690e-02	-4.612177e-06
1.500805093720690e-02	-4.745972e-06
1.501805093720690e-02	-4.612184e-06
1.502805093720690e-02	-4.745978e-06
1.503805093720690e-02	-4.612190e-06
1.504805093720690e-02	-4.745983e-06
1.505805093720690e-02	-4.612196e-06
1.506805093720690e-02	-4.745988e-06
1.507805093720690e-02	-4.612201e-06
1.508805093720690e-02	-4.745993e-06
1.509805093720690e-02	-4.612206e-06
1.510805093720690e-02	-4.745997e-06
1.511805093720690e-02	-4.612211e-06
1.512805093720690e-02	-4.746000e-06
1.513805093720690e-02	-4.612215e-06
1.514805093720690e-02	-4.746004e-06
1.515805093720690e-02	-4.612219e-06
1.516805093720690e-02	-4.746007e-06
1.517805093720690e-02	-4.612222e-06
1.518805093720690e-02	-4.746010e-06
1.519805093720690e-02	-4.612226e-06
1.520805093720690e-02	-4.746012e-06
1.521805093720690e-02	-4.612229e-06
1.522805093720690e-02	-4.746014e-06
1.523805093720690e-02	-4.612231e-06
1.524805093720690e-02	-4.746017e-06
1.525805093720690e-02	-4.612234e-06
1.526805093720690e-02	-4.746018e-06
1.527805093720690e-02	-4.612236e-06
1.528805093720690e-02	-4.746020e-06
1.529805093720690e-02	-4.612239e-06
1.530805093720690e-02	-4.746022e-06
1.531805093720690e-02	-4.612240e-06
1.532805093720690e-02	-4.746023e-06
1.533805093720690e-02	-4.612243e-06
1.534805093720690e-02	-4.746024e-06
1.535805093720690e-02	-4.612244e-06
1.536805093720690e-02	-4.746025e-06
1.537805093720690e-02	-4.612246e-06
1.538805093720690e-02	-4.746026e-06
1.539805093720690e-02	-4.612247e-06
1.540805093720690e-02	-4.746027e-06
1.541805093720690e-02	-4.612249e-06
1.542805093720690e-02	-4.746027e-06
1.543805093720690e-02	-4.612250e-06
1.544805093720690e-02	-4.746028e-06
1.545805093720690e-02	-4.612251e-06
1.546805093720690e-02	-4.746028e-06
1.547805093720690e-02	-4.612252e-06
1.548805093720690e-02	-4.746028e-06
1.549805093720690e-02	-4.612253e-06
1.550805093720690e-02	-4.746029e-06
1.551805093720690e-02	-4.612254e-06
1.552805093720690e-02	-4.746029e-06
1.553805093720690e-02	-4.612255e-06
1.554805093720690e-02	-4.746029e-06
1.555805093720690e-02	-4.612255e-06
1.556805093720690e-02	-4.746029e-06
1.557805093720690e-02	-4.612256e-06
1.558805093720690e-02	-4.746029e-06
1.559805093720690e-02	-4.612257e-06
1.560805093720690e-02	-4.746029e-06
1.561805093720690e-02	-4.612257e-06
1.562805093720690e-02	-4.746029e-06
1.563805093720690e-02	-4.612258e-06
1.564805093720690e-02	-4.746029e-06
1.565805093720690e-02	-4.612258e-06
1.566805093720689e-02	-4.746029e-06
1.567805093720689e-02	-4.612259e-06
1.568805093720690e-02	-4.746028e-06
1.569805093720690e-02	-4.612259e-06
1.570805093720690e-02	-4.746028e-06
1.571805093720690e-02	-4.612260e-06
1.572805093720690e-02	-4.746028e-06
1.573805093720690e-02	-4.612260e-06
1.574805093720689e-02	-4.746028e-06
1.575805093720689e-02	-4.612260e-06
1.576805093720690e-02	-4.746028e-06
1.577805093720690e-02	-4.612260e-06
1.578805093720690e-02	-4.746027e-06
1.579805093720690e-02	-4.612261e-06
1.580805093720690e-02	-4.746027e-06
1.581805093720690e-02	-4.612261e-06
1.582805093720690e-02	-4.746027e-06
1.583805093720689e-02	-4.612261e-06
1.584805093720689e-02	-4.746026e-06
1.585805093720690e-02	-4.612262e-06
1.586805093720690e-02	-4.746026e-06
1.587805093720690e-02	-4.612262e-06
1.588805093720690e-02	-4.746025e-06
1.589805093720690e-02	-4.612262e-06
1.590805093720690e-02	-4.746025e-06
1.591805093720689e-02	-4.612262e-06
1.592805093720689e-02	-4.746024e-06
1.593805093720690e-02	-4.612263e-06
1.594805093720690e-02	-4.746024e-06
1.595805093720690e-02	-4.612263e-06
1.596805093720690e-02	-4.746023e-06
1.597805093720690e-02	-4.612263e-06
1.598805093720690e-02	-4.746023e-06
1.599805093720690e-02	-4.612263e-06
1.600805093720689e-02	-4.746023e-06
1.601805093720689e-02	-4.612263e-06
1.602805093720690e-02	-4.746022e-06
1.603805093720690e-02	-4.612264e-06
1.604805093720690e-02	-4.746022e-06
1.605805093720690e-02	-4.612264e-06
1.606805093720690e-02	-4.746021e-06
1.607805093720690e-02	-4.612264e-06
1.608805093720689e-02	-4.746021e-06
1.609805093720689e-02	-4.612264e-06
1.610805093720690e-02	-4.746020e-06
1.611805093720690e-02	-4.612264e-06
1.612805093720690e-02	-4.746020e-06
1.613805093720690e-02	-4.612265e-06
1.614805093720690e-02	-4.746019e-06
1.615805093720690e-02	-4.612265e-06
1.616805093720690e-02	-4.746019e-06
1.617805093720689e-02	-4.612265e-06
1.618805093720689e-02	-4.746018e-06
1.619805093720690e-02	-4.612265e-06
1.620805093720690e-02	-4.746018e-06
1.621805093720690e-02	-4.612265e-06
1.622805093720690e-02	-4.746018e-06
1.623805093720690e-02	-4.612265e-06
1.624805093720690e-02	-4.746017e-06
1.625805093720690e-02	-4.612265e-06
1.626805093720689e-02	-4.746017e-06
1.627805093720690e-02	-4.612265e-06
1.628805093720690e-02	-4.746016e-06
1.629805093720690e-02	-4.612266e-06
1.630805093720690e-02	-4.746016e-06
1.631805093720690e-02	-4.612266e-06
1.632805093720690e-02	-4.746015e-06
1.633805093720690e-02	-4.612266e-06
1.634805093720689e-02	-4.746014e-06
1.635805093720689e-02	-4.612266e-06
1.636805093720690e-02	-4.746014e-06
1.637805093720690e-02	-4.612266e-06
1.638805093720690e-02	-4.746013e-06
1.639805093720690e-02	-4.612266e-06
1.640805093720690e-02	-4.746013e-06
1.641805093720690e-02	-4.612267e-06
1.642805093720690e-02	-4.746013e-06
1.643805093720689e-02	-4.612267e-06
1.644805093720690e-02	-4.746012e-06
1.645805093720690e-02	-4.612267e-06
1.646805093720690e-02	-4.746012e-06
1.647805093720690e-02	-4.612267e-06
1.648805093720690e-02	-4.746011e-06
1.649805093720690e-02	-4.612267e-06
1.650805093720690e-02	-4.746011e-06
1.651805093720689e-02	-4.612268e-06
1.652805093720689e-02	-4.746010e-06
1.653805093720690e-02	-4.612268e-06
1.654805093720690e-02	-4.746010e-06
1.655805093720690e-02	-4.612268e-06
1.656805093720690e-02	-4.746009e-06
1.657805093720690e-02	-4.612268e-06
1.658805093720690e-02	-4.746009e-06
1.659805093720690e-02	-4.612268e-06
1.660805093720689e-02	-4.746008e-06
1.661805093720690e-02	-4.612269e-06
1.662805093720690e-02	-4.746008e-06
1.663805093720690e-02	-4.612269e-06
1.664805093720690e-02	-4.746008e-06
1.665805093720690e-02	-4.612269e-06
1.666805093720690e-02	-4.746008e-06
1.667805093720690e-02	-4.612269e-06
1.668805093720689e-02	-4.746007e-06
1.669805093720689e-02	-4.612270e-06
1.670805093720690e-02	-4.746007e-06
1.671805093720690e-02	-4.612270e-06
1.672805093720690e-02	-4.746006e-06
1.673805093720690e-02	-4.612270e-06
1.674805093720690e-02	-4.746006e-06
1.675805093720690e-02	-4.612270e-06
1.676805093720690e-02	-4.746005e-06
1.677805093720689e-02	-4.612270e-06
1.678805093720690e-02	-4.746005e-06
1.679805093720690e-02	-4.612270e-06
1.680805093720690e-02	-4.746004e-06
1.681805093720690e-02	-4.612271e-06
1.682805093720690e-02	-4.746004e-06
1.683805093720690e-02	-4.612271e-06
1.684805093720690e-02	-4.746003e-06
1.685805093720689e-02	-4.612271e-06
1.686805093720689e-02	-4.746003e-06
1.687805093720690e-02	-4.612271e-06
1.688805093720690e-02	-4.746003e-06
1.689805093720690e-02	-4.612271e-06
1.690805093720690e-02	-4.746003e-06
1.691805093720690e-02	-4.612272e-06
1.692805093720690e-02	-4.746002e-06
1.693805093720690e-02	-4.612272e-06
1.694805093720689e-02	-4.746002e-06
1.695805093720689e-02	-4.612272e-06
1.696805093720690e-02	-4.746001e-06
1.697805093720690e-02	-4.612273e-06
1.698805093720690e-02	-4.746001e-06
1.699805093720690e-02	-4.612273e-06
1.700805093720690e-02	-4.746000e-06
1.701805093720690e-02	-4.612273e-06
1.702805093720689e-02	-4.746000e-06
1.703805093720689e-02	-4.612273e-06
1.704805093720690e-02	-4.745999e-06
1.705805093720690e-02	-4.612274e-06
1.706805093720690e-02	-4.745999e-06
1.707805093720690e-02	-4.612274e-06
1.708805093720690e-02	-4.745999e-06
1.709805093720690e-02	-4.612274e-06
1.710805093720690e-02	-4.745998e-06
1.711805093720689e-02	-4.612274e-06
1.712805093720689e-02	-4.745998e-06
1.713805093720690e-02	-4.612275e-06
1.714805093720690e-02	-4.745998e-06
1.715805093720690e-02	-4.612275e-06
1.716805093720690e-02	-4.745997e-06
1.717805093720690e-02	-4.612275e-06
1.718805093720690e-02	-4.745997e-06
1.719805093720689e-02	-4.612275e-06
1.720805093720689e-02	-4.745997e-06
1.721805093720690e-02	-4.612275e-06
1.722805093720690e-02	-4.745996e-06
1.723805093720690e-02	-4.612276e-06
1.724805093720690e-02	-4.745996e-06
1.725805093720690e-02	-4.612276e-06
1.726805093720690e-02	-4.745995e-06
1.727805093720690e-02	-4.612276e-06
1.728805093720689e-02	-4.745995e-06
1.729805093720689e-02	-4.612276e-06
1.730805093720690e-02	-4.745995e-06
1.731805093720690e-02	-4.612277e-06
1.732805093720690e-02	-4.745994e-06
1.733805093720690e-02	-4.612277e-06
1.734805093720690e-02	-4.745994e-06
1.735805093720690e-02	-4.612277e-06
1.736805093720689e-02	-4.745993e-06
1.737805093720689e-02	-4.612278e-06
1.738805093720690e-02	-4.745993e-06
1.739805093720690e-02	-4.612278e-06
1.740805093720690e-02	-4.745993e-06
1.741805093720690e-02	-4.612278e-06
1.742805093720690e-02	-4.745993e-06
1.743805093720690e-02	-4.612279e-06
1.744805093720690e-02	-4.745992e-06
1.745805093720689e-02	-4.612279e-06
1.746805093720689e-02	-4.745992e-06
1.747805093720690e-02	-4.612279e-06
1.748805093720690e-02	-4.745992e-06
1.749805093720690e-02	-4.612279e-06
1.750805093720690e-02	-4.745991e-06
1.751805093720690e-02	-4.612280e-06
1.752805093720690e-02	-4.745991e-06
1.753805093720689e-02	-4.612280e-06
1.754805093720689e-02	-4.745990e-06
1.755805093720690e-02	-4.612280e-06
1.756805093720690e-02	-4.745990e-06
1.757805093720690e-02	-4.612280e-06
1.758805093720690e-02	-4.745990e-06
1.759805093720690e-02	-4.612281e-06
1.760805093720690e-02	-4.745989e-06
1.761805093720690e-02	-4.612281e-06
1.762805093720689e-02	-4.745989e-06
1.763805093720689e-02	-4.612281e-06
1.764805093720690e-02	-4.745988e-06
1.765805093720690e-02	-4.612281e-06
1.766805093720690e-02	-4.745988e-06
1.767805093720690e-02	-4.612282e-06
1.768805093720690e-02	-4.745988e-06
1.769805093720690e-02	-4.612282e-06
1.770805093720689e-02	-4.745988e-06
1.771805093720689e-02	-4.612282e-06
1.772805093720690e-02	-4.745987e-06
1.773805093720690e-02	-4.612283e-06
1.774805093720690e-02	-4.745987e-06
1.775805093720690e-02	-4.612283e-06
1.776805093720690e-02	-4.745987e-06
1.777805093720690e-02	-4.612283e-06
1.778805093720690e-02	-4.745986e-06
1.779805093720689e-02	-4.612284e-06
1.780805093720689e-02	-4.745986e-06
1.781805093720690e-02	-4.612284e-06
1.782805093720690e-02	-4.745986e-06
1.783805093720690e-02	-4.612284e-06
1.784805093720690e-02	-4.745985e-06
1.785805093720690e-02	-4.612285e-06
1.786805093720690e-02	-4.745985e-06
1.787805093720689e-02	-4.612285e-06
1.788805093720689e-02	-4.745984e-06
1.789805093720690e-02	-4.612285e-06
1.790805093720690e-02	-4.745984e-06
1.791805093720690e-02	-4.612285e-06
1.792805093720690e-02	-4.745984e-06
1.793805093720690e-02	-4.612285e-06
1.794805093720690e-02	-4.745983e-06
1.795805093720690e-02	-4.612286e-06
1.796805093720689e-02	-4.745983e-06
1.797805093720689e-02	-4.612286e-06
1.798805093720690e-02	-4.745983e-06
1.799805093720690e-02	-4.612286e-06
1.800805093720690e-02	-4.745983e-06
1.801805093720690e-02	-4.612287e-06
1.802805093720690e-02	-4.745982e-06
1.803805093720690e-02	-4.612287e-06
1.804805093720689e-02	-4.745982e-06
1.805805093720689e-02	-4.612287e-06
1.806805093720690e-02	-4.745982e-06
1.807805093720690e-02	-4.612288e-06
1.808805093720690e-02	-4.745981e-06
1.809805093720690e-02	-4.612288e-06
1.810805093720690e-02	-4.745981e-06
1.811805093720690e-02	-4.612288e-06
1.812805093720690e-02	-4.745981e-06
1.813805093720689e-02	-4.612289e-06
1.814805093720689e-02	-4.745980e-06
1.815805093720690e-02	-4.612289e-06
1.816805093720690e-02	-4.745980e-06
1.817805093720690e-02	-4.612289e-06
1.818805093720690e-02	-4.745980e-06
1.819805093720690e-02	-4.612290e-06
1.820805093720690e-02	-4.745979e-06
1.821805093720689e-02	-4.612290e-06
1.822805093720689e-02	-4.745979e-06
1.823805093720689e-02	-4.612290e-06
1.824805093720690e-02	-4.745978e-06
1.825805093720690e-02	-4.612290e-06
1.826805093720690e-02	-4.745978e-06
1.827805093720690e-02	-4.612290e-06
1.828805093720690e-02	-4.745978e-06
1.829805093720690e-02	-4.612291e-06
1.830805093720689e-02	-4.745978e-06
1.831805093720689e-02	-4.612291e-06
1.832805093720690e-02	-4.745978e-06
1.833805093720690e-02	-4.612291e-06
1.834805093720690e-02	-4.745977e-06
1.835805093720690e-02	-4.612292e-06
1.836805093720690e-02	-4.745977e-06
1.837805093720690e-02	-4.612292e-06
1.838805093720689e-02	-4.745976e-06
1.839805093720689e-02	-4.612292e-06
1.840805093720689e-02	-4.745976e-06
1.841805093720690e-02	-4.612293e-06
1.842805093720690e-02	-4.745976e-06
1.843805093720690e-02	-4.612293e-06
1.844805093720690e-02	-4.745975e-06
1.845805093720690e-02	-4.612293e-06
1.846805093720690e-02	-4.745975e-06
1.847805093720689e-02	-4.612294e-06
1.848805093720689e-02	-4.745975e-06
1.849805093720690e-02	-4.612294e-06
1.850805093720690e-02	-4.745974e-06
1.851805093720690e-02	-4.612294e-06
1.852805093720690e-02	-4.745974e-06
1.853805093720690e-02	-4.612295e-06
1.854805093720690e-02	-4.745974e-06
1.855805093720689e-02	-4.612295e-06
1.856805093720689e-02	-4.745973e-06
1.857805093720689e-02	-4.612295e-06
1.858805093720690e-02	-4.745973e-06
1.859805093720690e-02	-4.612295e-06
1.860805093720690e-02	-4.745973e-06
1.861805093720690e-02	-4.612296e-06
1.862805093720690e-02	-4.745973e-06
1.863805093720690e-02	-4.612296e-06
1.864805093720689e-02	-4.745972e-06
1.865805093720689e-02	-4.612296e-06
1.866805093720690e-02	-4.745972e-06
1.867805093720690e-02	-4.612297e-06
1.868805093720690e-02	-4.745972e-06
1.869805093720690e-02	-4.612297e-06
1.870805093720690e-02	-4.745971e-06
1.871805093720690e-02	-4.612297e-06
1.872805093720689e-02	-4.745971e-06
1.873805093720689e-02	-4.612297e-06
1.874805093720689e-02	-4.745971e-06
1.875805093720690e-02	-4.612298e-06
1.876805093720690e-02	-4.745970e-06
1.877805093720690e-02	-4.612298e-06
1.878805093720690e-02	-4.745970e-06
1.879805093720690e-02	-4.612298e-06
1.880805093720690e-02	-4.745970e-06
1.881805093720689e-02	-4.612299e-06
1.882805093720689e-02	-4.745969e-06
1.883805093720690e-02	-4.612299e-06
1.884805093720690e-02	-4.745969e-06
1.885805093720690e-02	-4.612299e-06
1.886805093720690e-02	-4.745969e-06
1.887805093720690e-02	-4.612300e-06
1.888805093720690e-02	-4.745968e-06
1.889805093720689e-02	-4.612300e-06
1.890805093720689e-02	-4.745968e-06
1.891805093720689e-02	-4.612300e-06
1.892805093720690e-02	-4.745968e-06
1.893805093720690e-02	-4.612300e-06
1.894805093720690e-02	-4.745968e-06
1.895805093720690e-02	-4.612301e-06
1.896805093720690e-02	-4.745967e-06
1.897805093720690e-02	-4.612301e-06
1.898805093720689e-02	-4.745967e-06
1.899805093720689e-02	-4.612301e-06
1.900805093720690e-02	-4.745967e-06
1.901805093720690e-02	-4.612302e-06
1.902805093720690e-02	-4.745966e-06
1.903805093720690e-02	-4.612302e-06
1.904805093720690e-02	-4.745966e-06
1.905805093720690e-02	-4.612302e-06
1.906805093720690e-02	-4.745966e-06
1.907805093720689e-02	-4.612303e-06
1.908805093720689e-02	-4.745965e-06
1.909805093720690e-02	-4.612303e-06
1.910805093720690e-02	-4.745965e-06
1.911805093720690e-02	-4.612303e-06
1.912805093720690e-02	-4.745965e-06
1.913805093720690e-02	-4.612304e-06
1.914805093720690e-02	-4.745964e-06
1.915805093720689e-02	-4.612304e-06
1.916805093720689e-02	-4.745964e-06
1.917805093720690e-02	-4.612304e-06
1.918805093720690e-02	-4.745964e-06
1.919805093720690e-02	-4.612305e-06
1.920805093720690e-02	-4.745963e-06
1.921805093720690e-02	-4.612305e-06
1.922805093720690e-02	-4.745963e-06
1.923805093720690e-02	-4.612305e-06
1.924805093720689e-02	-4.745963e-06
1.925805093720689e-02	-4.612305e-06
1.926805093720690e-02	-4.745963e-06
1.927805093720690e-02	-4.612305e-06
1.928805093720690e-02	-4.745963e-06
1.929805093720690e-02	-4.612306e-06
1.930805093720690e-02	-4.745962e-06
1.931805093720690e-02	-4.612306e-06
1.932805093720689e-02	-4.745962e-06
1.933805093720689e-02	-4.612306e-06
1.934805093720690e-02	-4.745962e-06
1.935805093720690e-02	-4.612307e-06
1.936805093720690e-02	-4.745961e-06
1.937805093720690e-02	-4.612307e-06
1.938805093720690e-02	-4.745961e-06
1.939805093720690e-02	-4.612307e-06
1.940805093720690e-02	-4.745961e-06
1.941805093720689e-02	-4.612308e-06
1.942805093720689e-02	-4.745960e-06
1.943805093720690e-02	-4.612308e-06
1.944805093720690e-02	-4.745960e-06
1.945805093720690e-02	-4.612308e-06
1.946805093720690e-02	-4.745960e-06
1.947805093720690e-02	-4.612309e-06
1.948805093720690e-02	-4.745959e-06
1.949805093720689e-02	-4.612309e-06
1.950805093720689e-02	-4.745959e-06
1.951805093720689e-02	-4.612309e-06
1.952805093720690e-02	-4.745959e-06
1.953805093720690e-02	-4.612310e-06
1.954805093720690e-02	-4.745958e-06
1.955805093720690e-02	-4.612310e-06
1.956805093720690e-02	-4.745958e-06
1.957805093720690e-02	-4.612310e-06
1.958805093720689e-02	-4.745958e-06
1.959805093720689e-02	-4.612310e-06
1.960805093720690e-02	-4.745958e-06
1.961805093720690e-02	-4.612311e-06
1.962805093720690e-02	-4.745957e-06
1.963805093720690e-02	-4.612311e-06
1.964805093720690e-02	-4.745957e-06
1.965805093720690e-02	-4.612311e-06
1.966805093720689e-02	-4.745957e-06
1.967805093720689e-02	-4.612312e-06
1.968805093720689e-02	-4.745956e-06
1.969805093720690e-02	-4.612312e-06
1.970805093720690e-02	-4.745956e-06
1.971805093720690e-02	-4.612312e-06
1.972805093720690e-02	-4.745956e-06
1.973805093720690e-02	-4.612312e-06
1.974805093720690e-02	-4.745955e-06
1.975805093720689e-02	-4.612313e-06
1.976805093720689e-02	-4.745955e-06
1.977805093720690e-02	-4.612313e-06
1.978805093720690e-02	-4.745955e-06
1.979805093720690e-02	-4.612313e-06
1.980805093720690e-02	-4.745954e-06
1.981805093720690e-02	-4.612314e-06
1.982805093720690e-02	-4.745954e-06
1.983805093720689e-02	-4.612314e-06
1.984805093720689e-02	-4.745954e-06
1.985805093720689e-02	-4.612314e-06
1.986805093720690e-02	-4.745953e-06
1.987805093720690e-02	-4.612315e-06
1.988805093720690e-02	-4.745953e-06
1.989805093720690e-02	-4.612315e-06
1.990805093720690e-02	-4.745953e-06
1.991805093720690e-02	-4.612315e-06
1.992805093720689e-02	-4.745953e-06
1.993805093720689e-02	-4.612315e-06
1.994805093720690e-02	-4.745953e-06
1.995805093720690e-02	-4.612316e-06
1.996805093720690e-02	-4.745952e-06
1.997805093720690e-02	-4.612316e-06
1.998805093720690e-02	-4.745952e-06
1.999805093720690e-02	-4.612316e-06
2.000000000000000e-02	-4.745951e-06
