time	V(out_pos,out_neg)
0.000000000000000e+00	5.245209e-06
9.999999439624929e-11	5.245209e-06
1.999999887924986e-10	5.245209e-06
3.999999775849972e-10	5.245209e-06
7.999999551699943e-10	5.245209e-06
1.599999910339989e-09	5.006790e-06
3.199999820679977e-09	5.006790e-06
6.399999641359955e-09	5.006790e-06
1.279999928271991e-08	5.006790e-06
2.559999856543982e-08	4.053116e-06
5.119999713087964e-08	-4.148483e-05
9.248630850171440e-08	3.170967e-05
1.509534381396734e-07	1.294613e-04
2.056480128373649e-07	5.269051e-05
2.711143867170323e-07	4.410744e-05
3.307377656508653e-07	2.026558e-05
4.437946652846665e-07	-1.716614e-05
4.651394947561105e-07	-2.622604e-05
5.078291536989987e-07	-2.861023e-05
5.932084715847752e-07	-3.099442e-05
7.639671073563279e-07	-3.266335e-05
1.105484378899433e-06	-3.695488e-05
1.673051841019030e-06	-5.722046e-05
2.376510633154691e-06	-9.727478e-05
3.374090772425429e-06	-2.067089e-04
5.041396145730399e-06	-6.256104e-04
8.376006892340335e-06	-1.303911e-03
1.504522838556021e-05	-3.269434e-03
2.504522838556021e-05	-8.433819e-03
3.504522838556021e-05	-6.205559e-03
4.504522838556021e-05	-2.548695e-04
5.504522838556020e-05	-7.431507e-04
6.504522838556020e-05	2.536774e-04
7.504522838556020e-05	-1.106262e-04
8.504522838556020e-05	8.058548e-05
9.504522838556020e-05	4.029274e-05
1.000000009999994e-04	6.437302e-06
1.000000019999994e-04	6.437302e-06
1.000000179999994e-04	6.437302e-06
1.000000499999994e-04	6.675720e-06
1.000001139999994e-04	6.198883e-06
1.000002419999994e-04	6.198883e-06
1.000004979999994e-04	6.437302e-06
1.000010099999994e-04	6.437302e-06
1.000020339999994e-04	6.437302e-06
1.000040819999994e-04	6.437302e-06
1.000081779999994e-04	6.198883e-06
1.000163699999994e-04	5.722046e-06
1.000327539999994e-04	5.483627e-06
1.000655219999995e-04	5.960464e-06
1.001310579999995e-04	5.722046e-06
1.002621299999997e-04	5.483627e-06
1.005242740000000e-04	5.483627e-06
1.010485620000006e-04	6.198883e-06
1.020971380000018e-04	8.344650e-06
1.041942900000042e-04	1.692772e-05
1.083885940000089e-04	5.054474e-05
1.167772020000184e-04	1.139641e-04
1.267772020000184e-04	1.363754e-04
1.367772020000184e-04	3.166199e-04
1.467772020000184e-04	1.252413e-03
1.567772020000184e-04	1.673937e-03
1.667772020000184e-04	9.279251e-04
1.767772020000184e-04	3.626347e-04
1.867772020000184e-04	1.461506e-04
1.967772020000184e-04	7.748604e-05
2.067772020000184e-04	3.886223e-05
2.167772020000184e-04	1.764297e-05
2.267772020000184e-04	9.059906e-06
2.367772020000184e-04	3.814697e-06
2.467772020000184e-04	1.907349e-06
2.567772020000184e-04	9.536743e-07
2.667772020000184e-04	7.152557e-07
2.767772020000184e-04	7.152557e-07
2.867772020000184e-04	-1.048231e-02
2.967772020000184e-04	-1.523542e-02
3.067772020000184e-04	6.139493e-02
3.136073933012695e-04	1.512425e-01
3.199080178786833e-04	3.326840e-01
3.270924828583317e-04	5.789955e-01
3.338519288579994e-04	8.075743e-01
3.401720122438808e-04	9.754839e-01
3.471085104513955e-04	1.095149e+00
3.533205664494880e-04	1.174760e+00
3.605006339090419e-04	1.260486e+00
3.705006339090419e-04	1.376481e+00
3.805006339090419e-04	1.490526e+00
3.905006339090419e-04	1.603160e+00
4.005006339090419e-04	1.714978e+00
4.105006339090419e-04	1.826124e+00
4.205006339090419e-04	1.936768e+00
4.305006339090419e-04	2.046925e+00
4.405006339090419e-04	2.156707e+00
4.505006339090418e-04	2.266099e+00
4.605006339090419e-04	2.375181e+00
4.705006339090418e-04	2.483926e+00
4.805006339090419e-04	2.592398e+00
4.905006339090418e-04	2.700567e+00
5.005006339090419e-04	2.808487e+00
5.105006339090419e-04	2.916125e+00
5.205006339090418e-04	3.018065e+00
5.305006339090418e-04	3.091847e+00
5.405006339090419e-04	3.124224e+00
5.505006339090419e-04	3.133947e+00
5.605006339090418e-04	3.139467e+00
5.705006339090418e-04	3.143274e+00
5.805006339090419e-04	3.146220e+00
5.905006339090419e-04	3.148544e+00
6.005006339090418e-04	3.150525e+00
6.105006339090418e-04	3.152166e+00
6.205006339090419e-04	3.153631e+00
6.305006339090419e-04	3.154871e+00
6.405006339090418e-04	3.156010e+00
6.505006339090418e-04	3.156982e+00
6.605006339090419e-04	3.157895e+00
6.705006339090419e-04	3.158676e+00
6.805006339090418e-04	3.159424e+00
6.905006339090418e-04	3.160062e+00
7.005006339090419e-04	3.160685e+00
7.105006339090419e-04	3.161213e+00
7.205006339090418e-04	3.161738e+00
7.305006339090418e-04	3.162179e+00
7.405006339090419e-04	3.162625e+00
7.505006339090419e-04	3.162997e+00
7.605006339090418e-04	3.163380e+00
7.705006339090418e-04	3.163695e+00
7.805006339090418e-04	3.164026e+00
7.905006339090419e-04	3.164295e+00
8.005006339090418e-04	3.164582e+00
8.105006339090418e-04	3.164812e+00
8.205006339090418e-04	3.165063e+00
8.305006339090419e-04	3.165260e+00
8.405006339090418e-04	3.165481e+00
8.505006339090418e-04	3.165650e+00
8.605006339090418e-04	3.165845e+00
8.705006339090419e-04	3.165991e+00
8.805006339090418e-04	3.166164e+00
8.905006339090418e-04	3.166289e+00
9.005006339090418e-04	3.166443e+00
9.105006339090419e-04	3.166551e+00
9.205006339090418e-04	3.166689e+00
9.305006339090418e-04	3.166782e+00
9.405006339090418e-04	3.166905e+00
9.505006339090419e-04	3.166985e+00
9.605006339090418e-04	3.167096e+00
9.705006339090418e-04	3.167165e+00
9.805006339090418e-04	3.167265e+00
9.905006339090419e-04	3.167324e+00
1.000000000000000e-03	3.167415e+00
1.000000001000000e-03	3.167415e+00
1.000000017000000e-03	3.167415e+00
1.000000049000000e-03	3.167414e+00
1.000000113000000e-03	3.167414e+00
1.000000241000000e-03	3.167412e+00
1.000000497000000e-03	3.167411e+00
1.000001009000000e-03	3.167408e+00
1.000002033000000e-03	3.167405e+00
1.000004081000000e-03	3.167403e+00
1.000008177000000e-03	3.167403e+00
1.000016369000001e-03	3.167403e+00
1.000032753000001e-03	3.167403e+00
1.000065521000002e-03	3.167403e+00
1.000131057000004e-03	3.167403e+00
1.000262129000007e-03	3.167404e+00
1.000524273000015e-03	3.167406e+00
1.001048561000029e-03	3.167410e+00
1.002097137000058e-03	3.167417e+00
1.004194289000116e-03	3.167432e+00
1.008388593000232e-03	3.167460e+00
1.016777201000463e-03	3.167515e+00
1.026777201000463e-03	3.167577e+00
1.036777201000463e-03	3.167635e+00
1.046777201000463e-03	3.167690e+00
1.056777201000463e-03	3.167742e+00
1.066777201000463e-03	3.167791e+00
1.076777201000463e-03	3.167837e+00
1.086777201000463e-03	3.167881e+00
1.096777201000463e-03	3.167922e+00
1.106777201000463e-03	3.167961e+00
1.116777201000463e-03	3.167997e+00
1.126777201000463e-03	3.168032e+00
1.136777201000463e-03	3.168065e+00
1.146777201000463e-03	3.168095e+00
1.156777201000463e-03	3.168125e+00
1.166777201000463e-03	3.168152e+00
1.176777201000463e-03	3.168178e+00
1.186777201000463e-03	3.168203e+00
1.196777201000463e-03	3.168226e+00
1.206777201000463e-03	3.168248e+00
1.216777201000463e-03	3.168269e+00
1.226777201000463e-03	3.168289e+00
1.236777201000463e-03	3.168307e+00
1.246777201000463e-03	3.168325e+00
1.256777201000463e-03	3.168341e+00
1.266777201000463e-03	3.168357e+00
1.276777201000463e-03	3.168372e+00
1.286777201000463e-03	3.168386e+00
1.296777201000463e-03	3.168399e+00
1.306777201000463e-03	3.168412e+00
1.316777201000463e-03	3.168424e+00
1.326777201000463e-03	3.168435e+00
1.336777201000463e-03	3.168446e+00
1.346777201000463e-03	3.168456e+00
1.356777201000463e-03	3.168465e+00
1.366777201000463e-03	3.168474e+00
1.376777201000463e-03	3.168483e+00
1.386777201000463e-03	3.168491e+00
1.396777201000463e-03	3.168499e+00
1.406777201000463e-03	3.168506e+00
1.416777201000463e-03	3.168513e+00
1.426777201000463e-03	3.168519e+00
1.436777201000463e-03	3.168526e+00
1.446777201000463e-03	3.168531e+00
1.456777201000463e-03	3.168537e+00
1.466777201000463e-03	3.168542e+00
1.476777201000463e-03	3.168547e+00
1.486777201000463e-03	3.168552e+00
1.496777201000463e-03	3.168556e+00
1.506777201000463e-03	3.168560e+00
1.516777201000463e-03	3.168564e+00
1.526777201000463e-03	3.168568e+00
1.536777201000463e-03	3.168572e+00
1.546777201000463e-03	3.168575e+00
1.556777201000463e-03	3.168578e+00
1.566777201000463e-03	3.168581e+00
1.576777201000463e-03	3.168584e+00
1.586777201000463e-03	3.168587e+00
1.596777201000463e-03	3.168589e+00
1.606777201000463e-03	3.168592e+00
1.616777201000463e-03	3.168594e+00
1.626777201000463e-03	3.168596e+00
1.636777201000463e-03	3.168598e+00
1.646777201000463e-03	3.168600e+00
1.656777201000463e-03	3.168602e+00
1.666777201000463e-03	3.168604e+00
1.676777201000463e-03	3.168606e+00
1.686777201000463e-03	3.168608e+00
1.696777201000463e-03	3.168609e+00
1.706777201000463e-03	3.168610e+00
1.716777201000463e-03	3.168612e+00
1.726777201000463e-03	3.168613e+00
1.736777201000463e-03	3.168614e+00
1.746777201000463e-03	3.168615e+00
1.756777201000463e-03	3.168616e+00
1.766777201000463e-03	3.168617e+00
1.776777201000463e-03	3.168618e+00
1.786777201000463e-03	3.168619e+00
1.796777201000463e-03	3.168620e+00
1.806777201000463e-03	3.168621e+00
1.816777201000463e-03	3.168622e+00
1.826777201000463e-03	3.168623e+00
1.836777201000463e-03	3.168623e+00
1.846777201000463e-03	3.168624e+00
1.856777201000463e-03	3.168625e+00
1.866777201000463e-03	3.168625e+00
1.876777201000463e-03	3.168626e+00
1.886777201000463e-03	3.168626e+00
1.896777201000463e-03	3.168627e+00
1.906777201000463e-03	3.168627e+00
1.916777201000463e-03	3.168628e+00
1.926777201000463e-03	3.168628e+00
1.936777201000463e-03	3.168629e+00
1.946777201000463e-03	3.168629e+00
1.956777201000463e-03	3.168629e+00
1.966777201000463e-03	3.168630e+00
1.976777201000463e-03	3.168630e+00
1.986777201000463e-03	3.168630e+00
1.996777201000463e-03	3.168631e+00
2.006777201000463e-03	3.168631e+00
2.016777201000463e-03	3.168631e+00
2.026777201000463e-03	3.168631e+00
2.036777201000463e-03	3.168632e+00
2.046777201000463e-03	3.168632e+00
2.056777201000463e-03	3.168632e+00
2.066777201000463e-03	3.168632e+00
2.076777201000463e-03	3.168633e+00
2.086777201000463e-03	3.168633e+00
2.096777201000463e-03	3.168633e+00
2.106777201000463e-03	3.168633e+00
2.116777201000463e-03	3.168633e+00
2.126777201000463e-03	3.168633e+00
2.136777201000463e-03	3.168634e+00
2.146777201000463e-03	3.168634e+00
2.156777201000463e-03	3.168634e+00
2.166777201000463e-03	3.168634e+00
2.176777201000463e-03	3.168634e+00
2.186777201000463e-03	3.168634e+00
2.196777201000463e-03	3.168634e+00
2.206777201000463e-03	3.168634e+00
2.216777201000463e-03	3.168634e+00
2.226777201000463e-03	3.168635e+00
2.236777201000463e-03	3.168635e+00
2.246777201000463e-03	3.168635e+00
2.256777201000463e-03	3.168635e+00
2.266777201000463e-03	3.168635e+00
2.276777201000463e-03	3.168635e+00
2.286777201000463e-03	3.168635e+00
2.296777201000463e-03	3.168635e+00
2.306777201000463e-03	3.168635e+00
2.316777201000463e-03	3.168635e+00
2.326777201000463e-03	3.168635e+00
2.336777201000463e-03	3.168635e+00
2.346777201000463e-03	3.168635e+00
2.356777201000463e-03	3.168635e+00
2.366777201000463e-03	3.168635e+00
2.376777201000463e-03	3.168635e+00
2.386777201000463e-03	3.168635e+00
2.396777201000463e-03	3.168635e+00
2.406777201000463e-03	3.168636e+00
2.416777201000463e-03	3.168636e+00
2.426777201000463e-03	3.168636e+00
2.436777201000463e-03	3.168636e+00
2.446777201000463e-03	3.168636e+00
2.456777201000463e-03	3.168636e+00
2.466777201000463e-03	3.168636e+00
2.476777201000463e-03	3.168636e+00
2.486777201000463e-03	3.168636e+00
2.496777201000463e-03	3.168636e+00
2.506777201000463e-03	3.168636e+00
2.516777201000463e-03	3.168636e+00
2.526777201000463e-03	3.168636e+00
2.536777201000463e-03	3.168636e+00
2.546777201000463e-03	3.168636e+00
2.556777201000463e-03	3.168636e+00
2.566777201000463e-03	3.168636e+00
2.576777201000463e-03	3.168636e+00
2.586777201000463e-03	3.168636e+00
2.596777201000463e-03	3.168636e+00
2.606777201000463e-03	3.168636e+00
2.616777201000463e-03	3.168636e+00
2.626777201000463e-03	3.168636e+00
2.636777201000463e-03	3.168636e+00
2.646777201000463e-03	3.168636e+00
2.656777201000463e-03	3.168636e+00
2.666777201000463e-03	3.168636e+00
2.676777201000463e-03	3.168636e+00
2.686777201000463e-03	3.168636e+00
2.696777201000463e-03	3.168636e+00
2.706777201000463e-03	3.168636e+00
2.716777201000463e-03	3.168636e+00
2.726777201000463e-03	3.168636e+00
2.736777201000463e-03	3.168636e+00
2.746777201000463e-03	3.168636e+00
2.756777201000463e-03	3.168636e+00
2.766777201000463e-03	3.168636e+00
2.776777201000463e-03	3.168636e+00
2.786777201000463e-03	3.168636e+00
2.796777201000463e-03	3.168636e+00
2.806777201000463e-03	3.168636e+00
2.816777201000463e-03	3.168636e+00
2.826777201000463e-03	3.168636e+00
2.836777201000463e-03	3.168636e+00
2.846777201000463e-03	3.168636e+00
2.856777201000463e-03	3.168636e+00
2.866777201000463e-03	3.168636e+00
2.876777201000463e-03	3.168636e+00
2.886777201000463e-03	3.168636e+00
2.896777201000463e-03	3.168636e+00
2.906777201000463e-03	3.168636e+00
2.916777201000463e-03	3.168636e+00
2.926777201000463e-03	3.168636e+00
2.936777201000463e-03	3.168636e+00
2.946777201000463e-03	3.168636e+00
2.956777201000463e-03	3.168636e+00
2.966777201000463e-03	3.168636e+00
2.976777201000463e-03	3.168636e+00
2.986777201000463e-03	3.168636e+00
2.996777201000463e-03	3.168636e+00
3.006777201000463e-03	3.168636e+00
3.016777201000463e-03	3.168636e+00
3.026777201000463e-03	3.168636e+00
3.036777201000463e-03	3.168636e+00
3.046777201000463e-03	3.168636e+00
3.056777201000463e-03	3.168636e+00
3.066777201000463e-03	3.168636e+00
3.076777201000463e-03	3.168636e+00
3.086777201000463e-03	3.168636e+00
3.096777201000463e-03	3.168636e+00
3.106777201000463e-03	3.168636e+00
3.116777201000463e-03	3.168636e+00
3.126777201000463e-03	3.168636e+00
3.136777201000463e-03	3.168636e+00
3.146777201000463e-03	3.168636e+00
3.156777201000463e-03	3.168636e+00
3.166777201000463e-03	3.168636e+00
3.176777201000463e-03	3.168636e+00
3.186777201000463e-03	3.168636e+00
3.196777201000463e-03	3.168636e+00
3.206777201000463e-03	3.168636e+00
3.216777201000463e-03	3.168636e+00
3.226777201000463e-03	3.168636e+00
3.236777201000463e-03	3.168636e+00
3.246777201000463e-03	3.168636e+00
3.256777201000463e-03	3.168636e+00
3.266777201000463e-03	3.168636e+00
3.276777201000463e-03	3.168636e+00
3.286777201000463e-03	3.168636e+00
3.296777201000463e-03	3.168636e+00
3.306777201000463e-03	3.168636e+00
3.316777201000463e-03	3.168636e+00
3.326777201000463e-03	3.168636e+00
3.336777201000463e-03	3.168636e+00
3.346777201000463e-03	3.168636e+00
3.356777201000463e-03	3.168636e+00
3.366777201000463e-03	3.168636e+00
3.376777201000463e-03	3.168636e+00
3.386777201000463e-03	3.168636e+00
3.396777201000463e-03	3.168636e+00
3.406777201000463e-03	3.168636e+00
3.416777201000463e-03	3.168636e+00
3.426777201000463e-03	3.168636e+00
3.436777201000463e-03	3.168636e+00
3.446777201000463e-03	3.168636e+00
3.456777201000463e-03	3.168636e+00
3.466777201000463e-03	3.168636e+00
3.476777201000463e-03	3.168636e+00
3.486777201000463e-03	3.168636e+00
3.496777201000463e-03	3.168636e+00
3.506777201000463e-03	3.168636e+00
3.516777201000463e-03	3.168636e+00
3.526777201000463e-03	3.168636e+00
3.536777201000463e-03	3.168636e+00
3.546777201000463e-03	3.168636e+00
3.556777201000463e-03	3.168636e+00
3.566777201000463e-03	3.168636e+00
3.576777201000463e-03	3.168636e+00
3.586777201000463e-03	3.168636e+00
3.596777201000463e-03	3.168636e+00
3.606777201000463e-03	3.168636e+00
3.616777201000463e-03	3.168636e+00
3.626777201000463e-03	3.168636e+00
3.636777201000463e-03	3.168636e+00
3.646777201000463e-03	3.168636e+00
3.656777201000463e-03	3.168636e+00
3.666777201000463e-03	3.168636e+00
3.676777201000463e-03	3.168636e+00
3.686777201000463e-03	3.168636e+00
3.696777201000463e-03	3.168636e+00
3.706777201000463e-03	3.168636e+00
3.716777201000463e-03	3.168636e+00
3.726777201000463e-03	3.168636e+00
3.736777201000463e-03	3.168636e+00
3.746777201000463e-03	3.168636e+00
3.756777201000463e-03	3.168636e+00
3.766777201000463e-03	3.168636e+00
3.776777201000463e-03	3.168636e+00
3.786777201000463e-03	3.168636e+00
3.796777201000463e-03	3.168636e+00
3.806777201000463e-03	3.168636e+00
3.816777201000463e-03	3.168636e+00
3.826777201000463e-03	3.168636e+00
3.836777201000463e-03	3.168636e+00
3.846777201000463e-03	3.168636e+00
3.856777201000463e-03	3.168636e+00
3.866777201000463e-03	3.168636e+00
3.876777201000463e-03	3.168636e+00
3.886777201000463e-03	3.168636e+00
3.896777201000463e-03	3.168636e+00
3.906777201000463e-03	3.168636e+00
3.916777201000463e-03	3.168636e+00
3.926777201000463e-03	3.168636e+00
3.936777201000463e-03	3.168636e+00
3.946777201000463e-03	3.168636e+00
3.956777201000463e-03	3.168636e+00
3.966777201000463e-03	3.168636e+00
3.976777201000463e-03	3.168636e+00
3.986777201000463e-03	3.168636e+00
3.996777201000463e-03	3.168636e+00
4.006777201000463e-03	3.168636e+00
4.016777201000463e-03	3.168636e+00
4.026777201000463e-03	3.168636e+00
4.036777201000463e-03	3.168636e+00
4.046777201000462e-03	3.168636e+00
4.056777201000463e-03	3.168636e+00
4.066777201000463e-03	3.168636e+00
4.076777201000463e-03	3.168636e+00
4.086777201000463e-03	3.168636e+00
4.096777201000463e-03	3.168636e+00
4.106777201000463e-03	3.168636e+00
4.116777201000463e-03	3.168636e+00
4.126777201000463e-03	3.168636e+00
4.136777201000463e-03	3.168636e+00
4.146777201000463e-03	3.168636e+00
4.156777201000463e-03	3.168636e+00
4.166777201000463e-03	3.168636e+00
4.176777201000463e-03	3.168636e+00
4.186777201000463e-03	3.168636e+00
4.196777201000462e-03	3.168636e+00
4.206777201000463e-03	3.168636e+00
4.216777201000462e-03	3.168636e+00
4.226777201000463e-03	3.168636e+00
4.236777201000463e-03	3.168636e+00
4.246777201000463e-03	3.168636e+00
4.256777201000463e-03	3.168636e+00
4.266777201000463e-03	3.168636e+00
4.276777201000463e-03	3.168636e+00
4.286777201000463e-03	3.168636e+00
4.296777201000463e-03	3.168636e+00
4.306777201000463e-03	3.168636e+00
4.316777201000463e-03	3.168636e+00
4.326777201000463e-03	3.168636e+00
4.336777201000463e-03	3.168636e+00
4.346777201000463e-03	3.168636e+00
4.356777201000463e-03	3.168636e+00
4.366777201000462e-03	3.168636e+00
4.376777201000463e-03	3.168636e+00
4.386777201000462e-03	3.168636e+00
4.396777201000463e-03	3.168636e+00
4.406777201000463e-03	3.168636e+00
4.416777201000463e-03	3.168636e+00
4.426777201000463e-03	3.168636e+00
4.436777201000463e-03	3.168636e+00
4.446777201000463e-03	3.168636e+00
4.456777201000463e-03	3.168636e+00
4.466777201000463e-03	3.168636e+00
4.476777201000463e-03	3.168636e+00
4.486777201000463e-03	3.168636e+00
4.496777201000463e-03	3.168636e+00
4.506777201000463e-03	3.168636e+00
4.516777201000462e-03	3.168636e+00
4.526777201000463e-03	3.168636e+00
4.536777201000462e-03	3.168636e+00
4.546777201000463e-03	3.168636e+00
4.556777201000463e-03	3.168636e+00
4.566777201000463e-03	3.168636e+00
4.576777201000463e-03	3.168636e+00
4.586777201000463e-03	3.168636e+00
4.596777201000463e-03	3.168636e+00
4.606777201000463e-03	3.168636e+00
4.616777201000463e-03	3.168636e+00
4.626777201000463e-03	3.168636e+00
4.636777201000463e-03	3.168636e+00
4.646777201000463e-03	3.168636e+00
4.656777201000463e-03	3.168636e+00
4.666777201000463e-03	3.168636e+00
4.676777201000463e-03	3.168636e+00
4.686777201000462e-03	3.168636e+00
4.696777201000463e-03	3.168636e+00
4.706777201000462e-03	3.168636e+00
4.716777201000463e-03	3.168636e+00
4.726777201000463e-03	3.168636e+00
4.736777201000463e-03	3.168636e+00
4.746777201000463e-03	3.168636e+00
4.756777201000463e-03	3.168636e+00
4.766777201000463e-03	3.168636e+00
4.776777201000463e-03	3.168636e+00
4.786777201000463e-03	3.168636e+00
4.796777201000463e-03	3.168636e+00
4.806777201000463e-03	3.168636e+00
4.816777201000463e-03	3.168636e+00
4.826777201000463e-03	3.168636e+00
4.836777201000462e-03	3.168636e+00
4.846777201000463e-03	3.168636e+00
4.856777201000462e-03	3.168636e+00
4.866777201000463e-03	3.168636e+00
4.876777201000462e-03	3.168636e+00
4.886777201000463e-03	3.168636e+00
4.896777201000463e-03	3.168636e+00
4.906777201000463e-03	3.168636e+00
4.916777201000463e-03	3.168636e+00
4.926777201000463e-03	3.168636e+00
4.936777201000463e-03	3.168636e+00
4.946777201000463e-03	3.168636e+00
4.956777201000463e-03	3.168636e+00
4.966777201000463e-03	3.168636e+00
4.976777201000463e-03	3.168636e+00
4.986777201000463e-03	3.168636e+00
4.996777201000463e-03	3.168636e+00
5.006777201000462e-03	3.168636e+00
5.016777201000463e-03	3.168636e+00
5.026777201000462e-03	3.168636e+00
5.036777201000463e-03	3.168636e+00
5.046777201000462e-03	3.168636e+00
5.056777201000463e-03	3.168636e+00
5.066777201000463e-03	3.168636e+00
5.076777201000463e-03	3.168636e+00
5.086777201000463e-03	3.168636e+00
5.096777201000463e-03	3.168636e+00
5.106777201000463e-03	3.168636e+00
5.116777201000463e-03	3.168636e+00
5.126777201000463e-03	3.168636e+00
5.136777201000463e-03	3.168636e+00
5.146777201000463e-03	3.168636e+00
5.156777201000462e-03	3.168636e+00
5.166777201000463e-03	3.168636e+00
5.176777201000462e-03	3.168636e+00
5.186777201000463e-03	3.168636e+00
5.196777201000462e-03	3.168636e+00
5.206777201000463e-03	3.168636e+00
5.216777201000463e-03	3.168636e+00
5.226777201000463e-03	3.168636e+00
5.236777201000463e-03	3.168636e+00
5.246777201000463e-03	3.168636e+00
5.256777201000463e-03	3.168636e+00
5.266777201000463e-03	3.168636e+00
5.276777201000463e-03	3.168636e+00
5.286777201000463e-03	3.168636e+00
5.296777201000463e-03	3.168636e+00
5.306777201000463e-03	3.168636e+00
5.316777201000463e-03	3.168636e+00
5.326777201000462e-03	3.168636e+00
5.336777201000463e-03	3.168636e+00
5.346777201000462e-03	3.168636e+00
5.356777201000463e-03	3.168636e+00
5.366777201000462e-03	3.168636e+00
5.376777201000463e-03	3.168636e+00
5.386777201000463e-03	3.168636e+00
5.396777201000463e-03	3.168636e+00
5.406777201000463e-03	3.168636e+00
5.416777201000463e-03	3.168636e+00
5.426777201000463e-03	3.168636e+00
5.436777201000463e-03	3.168636e+00
5.446777201000463e-03	3.168636e+00
5.456777201000463e-03	3.168636e+00
5.466777201000463e-03	3.168636e+00
5.476777201000462e-03	3.168636e+00
5.486777201000463e-03	3.168636e+00
5.496777201000462e-03	3.168636e+00
5.506777201000463e-03	3.168636e+00
5.516777201000462e-03	3.168636e+00
5.526777201000463e-03	3.168636e+00
5.536777201000462e-03	3.168636e+00
5.546777201000463e-03	3.168636e+00
5.556777201000463e-03	3.168636e+00
5.566777201000463e-03	3.168636e+00
5.576777201000463e-03	3.168636e+00
5.586777201000463e-03	3.168636e+00
5.596777201000463e-03	3.168636e+00
5.606777201000463e-03	3.168636e+00
5.616777201000463e-03	3.168636e+00
5.626777201000463e-03	3.168636e+00
5.636777201000463e-03	3.168636e+00
5.646777201000462e-03	3.168636e+00
5.656777201000463e-03	3.168636e+00
5.666777201000462e-03	3.168636e+00
5.676777201000463e-03	3.168636e+00
5.686777201000462e-03	3.168636e+00
5.696777201000463e-03	3.168636e+00
5.706777201000462e-03	3.168636e+00
5.716777201000463e-03	3.168636e+00
5.726777201000463e-03	3.168636e+00
5.736777201000463e-03	3.168636e+00
5.746777201000463e-03	3.168636e+00
5.756777201000463e-03	3.168636e+00
5.766777201000463e-03	3.168636e+00
5.776777201000463e-03	3.168636e+00
5.786777201000463e-03	3.168636e+00
5.796777201000462e-03	3.168636e+00
5.806777201000463e-03	3.168636e+00
5.816777201000462e-03	3.168636e+00
5.826777201000463e-03	3.168636e+00
5.836777201000462e-03	3.168636e+00
5.846777201000463e-03	3.168636e+00
5.856777201000462e-03	3.168636e+00
5.866777201000463e-03	3.168636e+00
5.876777201000462e-03	3.168636e+00
5.886777201000463e-03	3.168636e+00
5.896777201000463e-03	3.168636e+00
5.906777201000463e-03	3.168636e+00
5.916777201000463e-03	3.168636e+00
5.926777201000463e-03	3.168636e+00
5.936777201000463e-03	3.168636e+00
5.946777201000463e-03	3.168636e+00
5.956777201000463e-03	3.168636e+00
5.966777201000462e-03	3.168636e+00
5.976777201000463e-03	3.168636e+00
5.986777201000462e-03	3.168636e+00
5.996777201000463e-03	3.168636e+00
6.006777201000462e-03	3.168636e+00
6.016777201000463e-03	3.168636e+00
6.026777201000462e-03	3.168636e+00
6.036777201000463e-03	3.168636e+00
6.046777201000463e-03	3.168636e+00
6.056777201000463e-03	3.168636e+00
6.066777201000463e-03	3.168636e+00
6.076777201000463e-03	3.168636e+00
6.086777201000463e-03	3.168636e+00
6.096777201000463e-03	3.168636e+00
6.106777201000463e-03	3.168636e+00
6.116777201000462e-03	3.168636e+00
6.126777201000463e-03	3.168636e+00
6.136777201000462e-03	3.168636e+00
6.146777201000463e-03	3.168636e+00
6.156777201000462e-03	3.168636e+00
6.166777201000463e-03	3.168636e+00
6.176777201000462e-03	3.168636e+00
6.186777201000463e-03	3.168636e+00
6.196777201000462e-03	3.168636e+00
6.206777201000463e-03	3.168636e+00
6.216777201000463e-03	3.168636e+00
6.226777201000463e-03	3.168636e+00
6.236777201000463e-03	3.168636e+00
6.246777201000463e-03	3.168636e+00
6.256777201000463e-03	3.168636e+00
6.266777201000463e-03	3.168636e+00
6.276777201000463e-03	3.168636e+00
6.286777201000462e-03	3.168636e+00
6.296777201000463e-03	3.168636e+00
6.306777201000462e-03	3.168636e+00
6.316777201000463e-03	3.168636e+00
6.326777201000462e-03	3.168636e+00
6.336777201000463e-03	3.168636e+00
6.346777201000462e-03	3.168636e+00
6.356777201000463e-03	3.168636e+00
6.366777201000462e-03	3.168636e+00
6.376777201000463e-03	3.168636e+00
6.386777201000463e-03	3.168636e+00
6.396777201000463e-03	3.168636e+00
6.406777201000463e-03	3.168636e+00
6.416777201000463e-03	3.168636e+00
6.426777201000463e-03	3.168636e+00
6.436777201000462e-03	3.168636e+00
6.446777201000463e-03	3.168636e+00
6.456777201000462e-03	3.168636e+00
6.466777201000463e-03	3.168636e+00
6.476777201000462e-03	3.168636e+00
6.486777201000463e-03	3.168636e+00
6.496777201000462e-03	3.168636e+00
6.506777201000463e-03	3.168636e+00
6.516777201000462e-03	3.168636e+00
6.526777201000463e-03	3.168636e+00
6.536777201000462e-03	3.168636e+00
6.546777201000463e-03	3.168636e+00
6.556777201000463e-03	3.168636e+00
6.566777201000463e-03	3.168636e+00
6.576777201000463e-03	3.168636e+00
6.586777201000463e-03	3.168636e+00
6.596777201000463e-03	3.168636e+00
6.606777201000462e-03	3.168636e+00
6.616777201000463e-03	3.168636e+00
6.626777201000462e-03	3.168636e+00
6.636777201000463e-03	3.168636e+00
6.646777201000462e-03	3.168636e+00
6.656777201000463e-03	3.168636e+00
6.666777201000462e-03	3.168636e+00
6.676777201000463e-03	3.168636e+00
6.686777201000462e-03	3.168636e+00
6.696777201000463e-03	3.168636e+00
6.706777201000463e-03	3.168636e+00
6.716777201000463e-03	3.168636e+00
6.726777201000463e-03	3.168636e+00
6.736777201000463e-03	3.168636e+00
6.746777201000463e-03	3.168636e+00
6.756777201000462e-03	3.168636e+00
6.766777201000463e-03	3.168636e+00
6.776777201000462e-03	3.168636e+00
6.786777201000463e-03	3.168636e+00
6.796777201000462e-03	3.168636e+00
6.806777201000463e-03	3.168636e+00
6.816777201000462e-03	3.168636e+00
6.826777201000463e-03	3.168636e+00
6.836777201000462e-03	3.168636e+00
6.846777201000463e-03	3.168636e+00
6.856777201000462e-03	3.168636e+00
6.866777201000463e-03	3.168636e+00
6.876777201000463e-03	3.168636e+00
6.886777201000463e-03	3.168636e+00
6.896777201000463e-03	3.168636e+00
6.906777201000463e-03	3.168636e+00
6.916777201000463e-03	3.168636e+00
6.926777201000462e-03	3.168636e+00
6.936777201000463e-03	3.168636e+00
6.946777201000462e-03	3.168636e+00
6.956777201000463e-03	3.168636e+00
6.966777201000462e-03	3.168636e+00
6.976777201000463e-03	3.168636e+00
6.986777201000462e-03	3.168636e+00
6.996777201000463e-03	3.168636e+00
7.006777201000462e-03	3.168636e+00
7.016777201000463e-03	3.168636e+00
7.026777201000462e-03	3.168636e+00
7.036777201000463e-03	3.168636e+00
7.046777201000463e-03	3.168636e+00
7.056777201000463e-03	3.168636e+00
7.066777201000463e-03	3.168636e+00
7.076777201000462e-03	3.168636e+00
7.086777201000463e-03	3.168636e+00
7.096777201000462e-03	3.168636e+00
7.106777201000463e-03	3.168636e+00
7.116777201000462e-03	3.168636e+00
7.126777201000463e-03	3.168636e+00
7.136777201000462e-03	3.168636e+00
7.146777201000463e-03	3.168636e+00
7.156777201000462e-03	3.168636e+00
7.166777201000463e-03	3.168636e+00
7.176777201000462e-03	3.168636e+00
7.186777201000463e-03	3.168636e+00
7.196777201000462e-03	3.168636e+00
7.206777201000463e-03	3.168636e+00
7.216777201000463e-03	3.168636e+00
7.226777201000463e-03	3.168636e+00
7.236777201000463e-03	3.168636e+00
7.246777201000462e-03	3.168636e+00
7.256777201000463e-03	3.168636e+00
7.266777201000462e-03	3.168636e+00
7.276777201000463e-03	3.168636e+00
7.286777201000462e-03	3.168636e+00
7.296777201000463e-03	3.168636e+00
7.306777201000462e-03	3.168636e+00
7.316777201000463e-03	3.168636e+00
7.326777201000462e-03	3.168636e+00
7.336777201000463e-03	3.168636e+00
7.346777201000462e-03	3.168636e+00
7.356777201000463e-03	3.168636e+00
7.366777201000463e-03	3.168636e+00
7.376777201000463e-03	3.168636e+00
7.386777201000463e-03	3.168636e+00
7.396777201000462e-03	3.168636e+00
7.406777201000463e-03	3.168636e+00
7.416777201000462e-03	3.168636e+00
7.426777201000463e-03	3.168636e+00
7.436777201000462e-03	3.168636e+00
7.446777201000463e-03	3.168636e+00
7.456777201000462e-03	3.168636e+00
7.466777201000463e-03	3.168636e+00
7.476777201000462e-03	3.168636e+00
7.486777201000463e-03	3.168636e+00
7.496777201000462e-03	3.168636e+00
7.506777201000463e-03	3.168636e+00
7.516777201000462e-03	3.168636e+00
7.526777201000463e-03	3.168636e+00
7.536777201000463e-03	3.168636e+00
7.546777201000463e-03	3.168636e+00
7.556777201000463e-03	3.168636e+00
7.566777201000462e-03	3.168636e+00
7.576777201000463e-03	3.168636e+00
7.586777201000462e-03	3.168636e+00
7.596777201000463e-03	3.168636e+00
7.606777201000462e-03	3.168636e+00
7.616777201000463e-03	3.168636e+00
7.626777201000462e-03	3.168636e+00
7.636777201000463e-03	3.168636e+00
7.646777201000462e-03	3.168636e+00
7.656777201000463e-03	3.168636e+00
7.666777201000462e-03	3.168636e+00
7.676777201000463e-03	3.168636e+00
7.686777201000462e-03	3.168636e+00
7.696777201000463e-03	3.168636e+00
7.706777201000463e-03	3.168636e+00
7.716777201000462e-03	3.168636e+00
7.726777201000463e-03	3.168636e+00
7.736777201000462e-03	3.168636e+00
7.746777201000463e-03	3.168636e+00
7.756777201000462e-03	3.168636e+00
7.766777201000463e-03	3.168636e+00
7.776777201000462e-03	3.168636e+00
7.786777201000463e-03	3.168636e+00
7.796777201000462e-03	3.168636e+00
7.806777201000463e-03	3.168636e+00
7.816777201000463e-03	3.168636e+00
7.826777201000463e-03	3.168636e+00
7.836777201000462e-03	3.168636e+00
7.846777201000462e-03	3.168636e+00
7.856777201000463e-03	3.168636e+00
7.866777201000463e-03	3.168636e+00
7.876777201000463e-03	3.168636e+00
7.886777201000462e-03	3.168636e+00
7.896777201000462e-03	3.168636e+00
7.906777201000463e-03	3.168636e+00
7.916777201000463e-03	3.168636e+00
7.926777201000462e-03	3.168636e+00
7.936777201000462e-03	3.168636e+00
7.946777201000463e-03	3.168636e+00
7.956777201000463e-03	3.168636e+00
7.966777201000462e-03	3.168636e+00
7.976777201000462e-03	3.168636e+00
7.986777201000463e-03	3.168636e+00
7.996777201000463e-03	3.168636e+00
8.006777201000462e-03	3.168636e+00
8.016777201000462e-03	3.168636e+00
8.026777201000463e-03	3.168636e+00
8.036777201000463e-03	3.168636e+00
8.046777201000463e-03	3.168636e+00
8.056777201000462e-03	3.168636e+00
8.066777201000462e-03	3.168636e+00
8.076777201000463e-03	3.168636e+00
8.086777201000463e-03	3.168636e+00
8.096777201000462e-03	3.168636e+00
8.106777201000462e-03	3.168636e+00
8.116777201000463e-03	3.168636e+00
8.126777201000463e-03	3.168636e+00
8.136777201000462e-03	3.168636e+00
8.146777201000462e-03	3.168636e+00
8.156777201000463e-03	3.168636e+00
8.166777201000463e-03	3.168636e+00
8.176777201000462e-03	3.168636e+00
8.186777201000462e-03	3.168636e+00
8.196777201000462e-03	3.168636e+00
8.206777201000463e-03	3.168636e+00
8.216777201000463e-03	3.168636e+00
8.226777201000462e-03	3.168636e+00
8.236777201000462e-03	3.168636e+00
8.246777201000463e-03	3.168636e+00
8.256777201000463e-03	3.168636e+00
8.266777201000462e-03	3.168636e+00
8.276777201000462e-03	3.168636e+00
8.286777201000463e-03	3.168636e+00
8.296777201000463e-03	3.168636e+00
8.306777201000462e-03	3.168636e+00
8.316777201000462e-03	3.168636e+00
8.326777201000463e-03	3.168636e+00
8.336777201000463e-03	3.168636e+00
8.346777201000462e-03	3.168636e+00
8.356777201000462e-03	3.168636e+00
8.366777201000462e-03	3.168636e+00
8.376777201000463e-03	3.168636e+00
8.386777201000463e-03	3.168636e+00
8.396777201000462e-03	3.168636e+00
8.406777201000462e-03	3.168636e+00
8.416777201000463e-03	3.168636e+00
8.426777201000463e-03	3.168636e+00
8.436777201000462e-03	3.168636e+00
8.446777201000462e-03	3.168636e+00
8.456777201000463e-03	3.168636e+00
8.466777201000463e-03	3.168636e+00
8.476777201000462e-03	3.168636e+00
8.486777201000462e-03	3.168636e+00
8.496777201000463e-03	3.168636e+00
8.506777201000463e-03	3.168636e+00
8.516777201000462e-03	3.168636e+00
8.526777201000462e-03	3.168636e+00
8.536777201000462e-03	3.168636e+00
8.546777201000463e-03	3.168636e+00
8.556777201000463e-03	3.168636e+00
8.566777201000462e-03	3.168636e+00
8.576777201000462e-03	3.168636e+00
8.586777201000463e-03	3.168636e+00
8.596777201000463e-03	3.168636e+00
8.606777201000462e-03	3.168636e+00
8.616777201000462e-03	3.168636e+00
8.626777201000463e-03	3.168636e+00
8.636777201000463e-03	3.168636e+00
8.646777201000462e-03	3.168636e+00
8.656777201000462e-03	3.168636e+00
8.666777201000463e-03	3.168636e+00
8.676777201000463e-03	3.168636e+00
8.686777201000462e-03	3.168636e+00
8.696777201000462e-03	3.168636e+00
8.706777201000462e-03	3.168636e+00
8.716777201000463e-03	3.168636e+00
8.726777201000463e-03	3.168636e+00
8.736777201000462e-03	3.168636e+00
8.746777201000462e-03	3.168636e+00
8.756777201000463e-03	3.168636e+00
8.766777201000463e-03	3.168636e+00
8.776777201000462e-03	3.168636e+00
8.786777201000462e-03	3.168636e+00
8.796777201000463e-03	3.168636e+00
8.806777201000463e-03	3.168636e+00
8.816777201000462e-03	3.168636e+00
8.826777201000462e-03	3.168636e+00
8.836777201000462e-03	3.168636e+00
8.846777201000463e-03	3.168636e+00
8.856777201000463e-03	3.168636e+00
8.866777201000462e-03	3.168636e+00
8.876777201000462e-03	3.168636e+00
8.886777201000463e-03	3.168636e+00
8.896777201000463e-03	3.168636e+00
8.906777201000462e-03	3.168636e+00
8.916777201000462e-03	3.168636e+00
8.926777201000463e-03	3.168636e+00
8.936777201000463e-03	3.168636e+00
8.946777201000462e-03	3.168636e+00
8.956777201000462e-03	3.168636e+00
8.966777201000463e-03	3.168636e+00
8.976777201000463e-03	3.168636e+00
8.986777201000462e-03	3.168636e+00
8.996777201000462e-03	3.168636e+00
9.006777201000462e-03	3.168636e+00
9.016777201000463e-03	3.168636e+00
9.026777201000463e-03	3.168636e+00
9.036777201000462e-03	3.168636e+00
9.046777201000462e-03	3.168636e+00
9.056777201000463e-03	3.168636e+00
9.066777201000463e-03	3.168636e+00
9.076777201000462e-03	3.168636e+00
9.086777201000462e-03	3.168636e+00
9.096777201000463e-03	3.168636e+00
9.106777201000463e-03	3.168636e+00
9.116777201000462e-03	3.168636e+00
9.126777201000462e-03	3.168636e+00
9.136777201000463e-03	3.168636e+00
9.146777201000463e-03	3.168636e+00
9.156777201000462e-03	3.168636e+00
9.166777201000462e-03	3.168636e+00
9.176777201000462e-03	3.168636e+00
9.186777201000463e-03	3.168636e+00
9.196777201000463e-03	3.168636e+00
9.206777201000462e-03	3.168636e+00
9.216777201000462e-03	3.168636e+00
9.226777201000463e-03	3.168636e+00
9.236777201000463e-03	3.168636e+00
9.246777201000462e-03	3.168636e+00
9.256777201000462e-03	3.168636e+00
9.266777201000463e-03	3.168636e+00
9.276777201000463e-03	3.168636e+00
9.286777201000462e-03	3.168636e+00
9.296777201000462e-03	3.168636e+00
9.306777201000463e-03	3.168636e+00
9.316777201000463e-03	3.168636e+00
9.326777201000462e-03	3.168636e+00
9.336777201000462e-03	3.168636e+00
9.346777201000462e-03	3.168636e+00
9.356777201000463e-03	3.168636e+00
9.366777201000463e-03	3.168636e+00
9.376777201000462e-03	3.168636e+00
9.386777201000462e-03	3.168636e+00
9.396777201000463e-03	3.168636e+00
9.406777201000463e-03	3.168636e+00
9.416777201000462e-03	3.168636e+00
9.426777201000462e-03	3.168636e+00
9.436777201000463e-03	3.168636e+00
9.446777201000463e-03	3.168636e+00
9.456777201000462e-03	3.168636e+00
9.466777201000462e-03	3.168636e+00
9.476777201000462e-03	3.168636e+00
9.486777201000463e-03	3.168636e+00
9.496777201000462e-03	3.168636e+00
9.506777201000462e-03	3.168636e+00
9.516777201000462e-03	3.168636e+00
9.526777201000463e-03	3.168636e+00
9.536777201000463e-03	3.168636e+00
9.546777201000462e-03	3.168636e+00
9.556777201000462e-03	3.168636e+00
9.566777201000463e-03	3.168636e+00
9.576777201000463e-03	3.168636e+00
9.586777201000462e-03	3.168636e+00
9.596777201000462e-03	3.168636e+00
9.606777201000463e-03	3.168636e+00
9.616777201000463e-03	3.168636e+00
9.626777201000462e-03	3.168636e+00
9.636777201000462e-03	3.168636e+00
9.646777201000462e-03	3.168636e+00
9.656777201000463e-03	3.168636e+00
9.666777201000462e-03	3.168636e+00
9.676777201000462e-03	3.168636e+00
9.686777201000462e-03	3.168636e+00
9.696777201000463e-03	3.168636e+00
9.706777201000463e-03	3.168636e+00
9.716777201000462e-03	3.168636e+00
9.726777201000462e-03	3.168636e+00
9.736777201000463e-03	3.168636e+00
9.746777201000463e-03	3.168636e+00
9.756777201000462e-03	3.168636e+00
9.766777201000462e-03	3.168636e+00
9.776777201000463e-03	3.168636e+00
9.786777201000463e-03	3.168636e+00
9.796777201000462e-03	3.168636e+00
9.806777201000462e-03	3.168636e+00
9.816777201000462e-03	3.168636e+00
9.826777201000463e-03	3.168636e+00
9.836777201000462e-03	3.168636e+00
9.846777201000462e-03	3.168636e+00
9.856777201000462e-03	3.168636e+00
9.866777201000463e-03	3.168636e+00
9.876777201000463e-03	3.168636e+00
9.886777201000462e-03	3.168636e+00
9.896777201000462e-03	3.168636e+00
9.906777201000463e-03	3.168636e+00
9.916777201000463e-03	3.168636e+00
9.926777201000462e-03	3.168636e+00
9.936777201000462e-03	3.168636e+00
9.946777201000463e-03	3.168636e+00
9.956777201000463e-03	3.168636e+00
9.966777201000462e-03	3.168636e+00
9.976777201000462e-03	3.168636e+00
9.986777201000462e-03	3.168636e+00
9.996777201000463e-03	3.168636e+00
1.000000000000000e-02	3.168636e+00
1.000000000100000e-02	3.168636e+00
1.000000000200000e-02	3.168636e+00
1.000000000440036e-02	3.168636e+00
1.000000000670974e-02	3.168636e+00
1.000000001132851e-02	3.168636e+00
1.000000002056605e-02	3.168636e+00
1.000000003904114e-02	3.168636e+00
1.000000007599130e-02	3.168636e+00
1.000000014989163e-02	3.168636e+00
1.000000029769228e-02	3.168636e+00
1.000000059329359e-02	3.168636e+00
1.000000118449621e-02	3.168636e+00
1.000000236690145e-02	3.168636e+00
1.000000473171193e-02	3.168636e+00
1.000000946133288e-02	3.168636e+00
1.000001768974453e-02	3.168636e+00
1.000002963193180e-02	3.168636e+00
1.000005351630633e-02	3.168636e+00
1.000010099211722e-02	3.168636e+00
1.000015399174585e-02	3.168636e+00
1.000020605492801e-02	3.168636e+00
1.000026204290272e-02	3.168636e+00
1.000031701510436e-02	3.168636e+00
1.000042695950766e-02	3.168637e+00
1.000045444560848e-02	3.168637e+00
1.000050941781013e-02	3.168637e+00
1.000061936221343e-02	3.168637e+00
1.000083925102003e-02	3.168637e+00
1.000118355096460e-02	3.168635e+00
1.000178014341608e-02	3.168629e+00
1.000250495157335e-02	3.168620e+00
1.000264196014571e-02	3.168618e+00
1.000291597729044e-02	3.168613e+00
1.000346401157991e-02	3.168601e+00
1.000456008015883e-02	3.168566e+00
1.000675221731669e-02	3.166830e+00
1.000947219981180e-02	3.158615e+00
1.001364843820815e-02	3.120425e+00
1.001755033682126e-02	2.836520e+00
1.002032578569307e-02	2.591872e+00
1.002167795163884e-02	2.544675e+00
1.002254909616907e-02	2.534156e+00
1.002341866838804e-02	2.529267e+00
1.002430851605936e-02	2.526332e+00
1.002540613345165e-02	2.524764e+00
1.002662233916394e-02	2.523828e+00
1.002792091211630e-02	2.523542e+00
1.003007300112240e-02	2.523188e+00
1.003211722098293e-02	2.523214e+00
1.003620566070400e-02	2.523012e+00
1.004137179319014e-02	2.522998e+00
1.005137179319014e-02	2.522644e+00
1.006137179319014e-02	2.522468e+00
1.007137179319014e-02	2.522051e+00
1.008137179319014e-02	2.521792e+00
1.009137179319014e-02	2.521277e+00
1.010000000000000e-02	2.520983e+00
1.010000000100000e-02	2.520983e+00
1.010000001700000e-02	2.520983e+00
1.010000004900000e-02	2.520983e+00
1.010000011300000e-02	2.520982e+00
1.010000024100000e-02	2.520982e+00
1.010000049700000e-02	2.520980e+00
1.010000100900000e-02	2.520978e+00
1.010000203300000e-02	2.520975e+00
1.010000408100000e-02	2.520969e+00
1.010000817700000e-02	2.520959e+00
1.010001636900000e-02	2.520946e+00
1.010003275300001e-02	2.520934e+00
1.010006552100002e-02	2.520929e+00
1.010013105700003e-02	2.520926e+00
1.010026212900006e-02	2.520919e+00
1.010052427300013e-02	2.520905e+00
1.010104856100025e-02	2.520878e+00
1.010209713700050e-02	2.520823e+00
1.010419428900100e-02	2.520709e+00
1.010838859300201e-02	2.520465e+00
1.011677720100402e-02	2.519915e+00
1.012677720100402e-02	2.519146e+00
1.013677720100402e-02	2.518199e+00
1.014677720100401e-02	2.519822e+00
1.015277249717158e-02	2.559389e+00
1.015622030427478e-02	2.663149e+00
1.015961392130058e-02	2.816872e+00
1.016248218470478e-02	2.946998e+00
1.016508545514827e-02	3.063246e+00
1.017029199603526e-02	3.293178e+00
1.018029199603526e-02	3.719827e+00
1.019029199603526e-02	4.097205e+00
1.020029199603526e-02	4.197744e+00
1.021029199603526e-02	4.224908e+00
1.022029199603526e-02	4.226801e+00
1.023029199603526e-02	4.222265e+00
1.024029199603526e-02	4.212632e+00
1.025029199603526e-02	4.199658e+00
1.026029199603526e-02	4.184173e+00
1.027029199603526e-02	4.166933e+00
1.028029199603526e-02	4.148417e+00
1.029029199603526e-02	4.129180e+00
1.030029199603526e-02	4.109628e+00
1.031029199603526e-02	4.090435e+00
1.032029199603526e-02	4.072900e+00
1.033029199603526e-02	4.060919e+00
1.034029199603526e-02	4.055800e+00
1.035029199603526e-02	4.052616e+00
1.036029199603526e-02	4.044939e+00
1.037029199603526e-02	4.006433e+00
1.038029199603526e-02	3.887208e+00
1.039029199603526e-02	3.628028e+00
1.040029199603526e-02	3.365569e+00
1.041029199603526e-02	3.198877e+00
1.042029199603526e-02	3.132643e+00
1.043029199603526e-02	3.126307e+00
1.044029199603526e-02	3.122614e+00
1.045029199603526e-02	3.105262e+00
1.046029199603526e-02	3.113165e+00
1.047029199603526e-02	3.124866e+00
1.048029199603526e-02	3.128201e+00
1.049029199603526e-02	3.130867e+00
1.050029199603526e-02	3.133289e+00
1.051029199603526e-02	3.135478e+00
1.052029199603526e-02	3.137435e+00
1.053029199603526e-02	3.139235e+00
1.054029199603526e-02	3.140850e+00
1.055029199603526e-02	3.142352e+00
1.056029199603526e-02	3.143703e+00
1.057029199603526e-02	3.144971e+00
1.058029199603526e-02	3.146116e+00
1.059029199603526e-02	3.147199e+00
1.060029199603526e-02	3.148178e+00
1.061029199603526e-02	3.149113e+00
1.062029199603526e-02	3.149959e+00
1.063029199603526e-02	3.150792e+00
1.064029199603526e-02	3.151617e+00
1.065029199603526e-02	3.152511e+00
1.066029199603526e-02	3.153396e+00
1.067029199603526e-02	3.154291e+00
1.068029199603526e-02	3.155126e+00
1.069029199603526e-02	3.155945e+00
1.070029199603526e-02	3.156691e+00
1.071029199603526e-02	3.157414e+00
1.072029199603526e-02	3.158064e+00
1.073029199603526e-02	3.158694e+00
1.074029199603526e-02	3.159253e+00
1.075029199603526e-02	3.159799e+00
1.076029199603526e-02	3.160279e+00
1.077029199603526e-02	3.160751e+00
1.078029199603526e-02	3.161163e+00
1.079029199603526e-02	3.161571e+00
1.080029199603526e-02	3.161926e+00
1.081029199603526e-02	3.162280e+00
1.082029199603526e-02	3.162585e+00
1.083029199603526e-02	3.162893e+00
1.084029199603526e-02	3.163156e+00
1.085029199603526e-02	3.163425e+00
1.086029199603526e-02	3.163652e+00
1.087029199603526e-02	3.163888e+00
1.088029199603526e-02	3.164083e+00
1.089029199603526e-02	3.164291e+00
1.090029199603526e-02	3.164461e+00
1.091029199603526e-02	3.164643e+00
1.092029199603526e-02	3.164791e+00
1.093029199603526e-02	3.164952e+00
1.094029199603526e-02	3.165080e+00
1.095029199603526e-02	3.165224e+00
1.096029199603526e-02	3.165335e+00
1.097029199603526e-02	3.165463e+00
1.098029199603526e-02	3.165559e+00
1.099029199603526e-02	3.165673e+00
1.100000000100000e-02	3.165777e+00
1.100000000200000e-02	3.165777e+00
1.100000001800000e-02	3.165777e+00
1.100000005000000e-02	3.165776e+00
1.100000011400000e-02	3.165776e+00
1.100000024200000e-02	3.165774e+00
1.100000049800000e-02	3.165772e+00
1.100000101000000e-02	3.165768e+00
1.100000203400000e-02	3.165765e+00
1.100000408200000e-02	3.165762e+00
1.100000817800000e-02	3.165761e+00
1.100001637000000e-02	3.165762e+00
1.100003275400001e-02	3.165762e+00
1.100006552200002e-02	3.165762e+00
1.100013105800003e-02	3.165763e+00
1.100026213000006e-02	3.165764e+00
1.100052427400013e-02	3.165766e+00
1.100104856200025e-02	3.165771e+00
1.100209713800050e-02	3.165781e+00
1.100419429000100e-02	3.165800e+00
1.100838859400201e-02	3.165837e+00
1.101677720200402e-02	3.165909e+00
1.102677720200402e-02	3.165990e+00
1.103677720200402e-02	3.166067e+00
1.104677720200402e-02	3.166139e+00
1.105677720200402e-02	3.166207e+00
1.106677720200402e-02	3.166271e+00
1.107677720200402e-02	3.166331e+00
1.108677720200402e-02	3.166388e+00
1.109677720200402e-02	3.166441e+00
1.110677720200402e-02	3.166492e+00
1.111677720200402e-02	3.166540e+00
1.112677720200402e-02	3.166585e+00
1.113677720200402e-02	3.166627e+00
1.114677720200402e-02	3.166668e+00
1.115677720200402e-02	3.166705e+00
1.116677720200402e-02	3.166741e+00
1.117677720200402e-02	3.166775e+00
1.118677720200402e-02	3.166807e+00
1.119677720200402e-02	3.166837e+00
1.120677720200402e-02	3.166865e+00
1.121677720200402e-02	3.166893e+00
1.122677720200402e-02	3.166918e+00
1.123677720200402e-02	3.166942e+00
1.124677720200402e-02	3.166965e+00
1.125677720200402e-02	3.166987e+00
1.126677720200402e-02	3.167007e+00
1.127677720200402e-02	3.167027e+00
1.128677720200402e-02	3.167045e+00
1.129677720200402e-02	3.167062e+00
1.130677720200402e-02	3.167079e+00
1.131677720200402e-02	3.167095e+00
1.132677720200402e-02	3.167109e+00
1.133677720200402e-02	3.167124e+00
1.134677720200402e-02	3.167137e+00
1.135677720200402e-02	3.167149e+00
1.136677720200402e-02	3.167162e+00
1.137677720200402e-02	3.167173e+00
1.138677720200402e-02	3.167184e+00
1.139677720200402e-02	3.167194e+00
1.140677720200402e-02	3.167204e+00
1.141677720200402e-02	3.167213e+00
1.142677720200402e-02	3.167222e+00
1.143677720200402e-02	3.167230e+00
1.144677720200402e-02	3.167238e+00
1.145677720200402e-02	3.167246e+00
1.146677720200402e-02	3.167253e+00
1.147677720200402e-02	3.167260e+00
1.148677720200402e-02	3.167267e+00
1.149677720200402e-02	3.167273e+00
1.150677720200402e-02	3.167279e+00
1.151677720200402e-02	3.167284e+00
1.152677720200402e-02	3.167290e+00
1.153677720200402e-02	3.167295e+00
1.154677720200402e-02	3.167300e+00
1.155677720200402e-02	3.167305e+00
1.156677720200402e-02	3.167309e+00
1.157677720200402e-02	3.167313e+00
1.158677720200402e-02	3.167318e+00
1.159677720200402e-02	3.167321e+00
1.160677720200402e-02	3.167325e+00
1.161677720200402e-02	3.167329e+00
1.162677720200402e-02	3.167332e+00
1.163677720200402e-02	3.167335e+00
1.164677720200402e-02	3.167339e+00
1.165677720200402e-02	3.167341e+00
1.166677720200402e-02	3.167345e+00
1.167677720200402e-02	3.167347e+00
1.168677720200402e-02	3.167350e+00
1.169677720200402e-02	3.167352e+00
1.170677720200402e-02	3.167355e+00
1.171677720200402e-02	3.167357e+00
1.172677720200402e-02	3.167360e+00
1.173677720200402e-02	3.167362e+00
1.174677720200402e-02	3.167364e+00
1.175677720200402e-02	3.167366e+00
1.176677720200402e-02	3.167368e+00
1.177677720200402e-02	3.167370e+00
1.178677720200402e-02	3.167372e+00
1.179677720200402e-02	3.167374e+00
1.180677720200402e-02	3.167375e+00
1.181677720200402e-02	3.167377e+00
1.182677720200402e-02	3.167378e+00
1.183677720200402e-02	3.167380e+00
1.184677720200402e-02	3.167382e+00
1.185677720200402e-02	3.167383e+00
1.186677720200402e-02	3.167385e+00
1.187677720200402e-02	3.167386e+00
1.188677720200402e-02	3.167387e+00
1.189677720200402e-02	3.167388e+00
1.190677720200402e-02	3.167390e+00
1.191677720200402e-02	3.167391e+00
1.192677720200402e-02	3.167392e+00
1.193677720200402e-02	3.167393e+00
1.194677720200402e-02	3.167394e+00
1.195677720200402e-02	3.167395e+00
1.196677720200402e-02	3.167397e+00
1.197677720200402e-02	3.167398e+00
1.198677720200402e-02	3.167399e+00
1.199677720200402e-02	3.167400e+00
1.200677720200402e-02	3.167401e+00
1.201677720200402e-02	3.167402e+00
1.202677720200402e-02	3.167403e+00
1.203677720200402e-02	3.167403e+00
1.204677720200402e-02	3.167405e+00
1.205677720200402e-02	3.167406e+00
1.206677720200402e-02	3.167406e+00
1.207677720200402e-02	3.167407e+00
1.208677720200402e-02	3.167408e+00
1.209677720200402e-02	3.167409e+00
1.210677720200402e-02	3.167410e+00
1.211677720200402e-02	3.167411e+00
1.212677720200402e-02	3.167411e+00
1.213677720200402e-02	3.167412e+00
1.214677720200402e-02	3.167413e+00
1.215677720200402e-02	3.167414e+00
1.216677720200402e-02	3.167414e+00
1.217677720200402e-02	3.167415e+00
1.218677720200402e-02	3.167415e+00
1.219677720200402e-02	3.167416e+00
1.220677720200402e-02	3.167417e+00
1.221677720200402e-02	3.167418e+00
1.222677720200402e-02	3.167418e+00
1.223677720200402e-02	3.167419e+00
1.224677720200402e-02	3.167420e+00
1.225677720200402e-02	3.167420e+00
1.226677720200402e-02	3.167421e+00
1.227677720200402e-02	3.167422e+00
1.228677720200402e-02	3.167423e+00
1.229677720200402e-02	3.167423e+00
1.230677720200402e-02	3.167424e+00
1.231677720200402e-02	3.167424e+00
1.232677720200402e-02	3.167425e+00
1.233677720200402e-02	3.167426e+00
1.234677720200402e-02	3.167426e+00
1.235677720200402e-02	3.167427e+00
1.236677720200402e-02	3.167428e+00
1.237677720200402e-02	3.167428e+00
1.238677720200402e-02	3.167429e+00
1.239677720200402e-02	3.167429e+00
1.240677720200402e-02	3.167430e+00
1.241677720200402e-02	3.167430e+00
1.242677720200402e-02	3.167431e+00
1.243677720200402e-02	3.167432e+00
1.244677720200402e-02	3.167432e+00
1.245677720200402e-02	3.167433e+00
1.246677720200402e-02	3.167433e+00
1.247677720200402e-02	3.167434e+00
1.248677720200402e-02	3.167434e+00
1.249677720200402e-02	3.167435e+00
1.250677720200402e-02	3.167435e+00
1.251677720200402e-02	3.167435e+00
1.252677720200402e-02	3.167436e+00
1.253677720200402e-02	3.167436e+00
1.254677720200402e-02	3.167437e+00
1.255677720200402e-02	3.167437e+00
1.256677720200402e-02	3.167438e+00
1.257677720200402e-02	3.167438e+00
1.258677720200402e-02	3.167438e+00
1.259677720200402e-02	3.167439e+00
1.260677720200402e-02	3.167439e+00
1.261677720200402e-02	3.167439e+00
1.262677720200402e-02	3.167440e+00
1.263677720200402e-02	3.167440e+00
1.264677720200402e-02	3.167441e+00
1.265677720200402e-02	3.167440e+00
1.266677720200402e-02	3.167441e+00
1.267677720200402e-02	3.167441e+00
1.268677720200402e-02	3.167442e+00
1.269677720200402e-02	3.167442e+00
1.270677720200402e-02	3.167442e+00
1.271677720200402e-02	3.167443e+00
1.272677720200402e-02	3.167443e+00
1.273677720200402e-02	3.167443e+00
1.274677720200402e-02	3.167443e+00
1.275677720200402e-02	3.167444e+00
1.276677720200402e-02	3.167444e+00
1.277677720200402e-02	3.167444e+00
1.278677720200402e-02	3.167445e+00
1.279677720200402e-02	3.167445e+00
1.280677720200402e-02	3.167445e+00
1.281677720200402e-02	3.167445e+00
1.282677720200402e-02	3.167445e+00
1.283677720200402e-02	3.167446e+00
1.284677720200402e-02	3.167446e+00
1.285677720200402e-02	3.167446e+00
1.286677720200402e-02	3.167446e+00
1.287677720200402e-02	3.167446e+00
1.288677720200402e-02	3.167446e+00
1.289677720200402e-02	3.167447e+00
1.290677720200402e-02	3.167447e+00
1.291677720200402e-02	3.167447e+00
1.292677720200402e-02	3.167447e+00
1.293677720200402e-02	3.167448e+00
1.294677720200402e-02	3.167447e+00
1.295677720200402e-02	3.167448e+00
1.296677720200402e-02	3.167448e+00
1.297677720200402e-02	3.167448e+00
1.298677720200402e-02	3.167448e+00
1.299677720200402e-02	3.167448e+00
1.300677720200402e-02	3.167448e+00
1.301677720200402e-02	3.167448e+00
1.302677720200402e-02	3.167449e+00
1.303677720200402e-02	3.167449e+00
1.304677720200402e-02	3.167449e+00
1.305677720200402e-02	3.167449e+00
1.306677720200402e-02	3.167449e+00
1.307677720200402e-02	3.167449e+00
1.308677720200402e-02	3.167449e+00
1.309677720200402e-02	3.167449e+00
1.310677720200402e-02	3.167449e+00
1.311677720200402e-02	3.167449e+00
1.312677720200402e-02	3.167449e+00
1.313677720200402e-02	3.167449e+00
1.314677720200402e-02	3.167450e+00
1.315677720200402e-02	3.167449e+00
1.316677720200402e-02	3.167449e+00
1.317677720200402e-02	3.167450e+00
1.318677720200402e-02	3.167450e+00
1.319677720200402e-02	3.167450e+00
1.320677720200402e-02	3.167450e+00
1.321677720200402e-02	3.167450e+00
1.322677720200402e-02	3.167450e+00
1.323677720200402e-02	3.167450e+00
1.324677720200402e-02	3.167450e+00
1.325677720200402e-02	3.167450e+00
1.326677720200402e-02	3.167450e+00
1.327677720200402e-02	3.167450e+00
1.328677720200402e-02	3.167450e+00
1.329677720200402e-02	3.167450e+00
1.330677720200402e-02	3.167451e+00
1.331677720200402e-02	3.167450e+00
1.332677720200402e-02	3.167450e+00
1.333677720200402e-02	3.167451e+00
1.334677720200402e-02	3.167450e+00
1.335677720200402e-02	3.167451e+00
1.336677720200402e-02	3.167451e+00
1.337677720200402e-02	3.167451e+00
1.338677720200402e-02	3.167450e+00
1.339677720200402e-02	3.167450e+00
1.340677720200402e-02	3.167451e+00
1.341677720200402e-02	3.167451e+00
1.342677720200402e-02	3.167451e+00
1.343677720200402e-02	3.167451e+00
1.344677720200402e-02	3.167451e+00
1.345677720200402e-02	3.167451e+00
1.346677720200402e-02	3.167451e+00
1.347677720200402e-02	3.167451e+00
1.348677720200402e-02	3.167451e+00
1.349677720200402e-02	3.167451e+00
1.350677720200402e-02	3.167451e+00
1.351677720200402e-02	3.167451e+00
1.352677720200402e-02	3.167451e+00
1.353677720200402e-02	3.167451e+00
1.354677720200402e-02	3.167451e+00
1.355677720200401e-02	3.167451e+00
1.356677720200402e-02	3.167451e+00
1.357677720200402e-02	3.167451e+00
1.358677720200402e-02	3.167451e+00
1.359677720200402e-02	3.167451e+00
1.360677720200402e-02	3.167451e+00
1.361677720200402e-02	3.167451e+00
1.362677720200402e-02	3.167451e+00
1.363677720200402e-02	3.167451e+00
1.364677720200402e-02	3.167451e+00
1.365677720200402e-02	3.167451e+00
1.366677720200402e-02	3.167451e+00
1.367677720200402e-02	3.167451e+00
1.368677720200402e-02	3.167451e+00
1.369677720200402e-02	3.167451e+00
1.370677720200402e-02	3.167451e+00
1.371677720200402e-02	3.167451e+00
1.372677720200401e-02	3.167451e+00
1.373677720200402e-02	3.167451e+00
1.374677720200402e-02	3.167451e+00
1.375677720200402e-02	3.167451e+00
1.376677720200402e-02	3.167451e+00
1.377677720200402e-02	3.167451e+00
1.378677720200402e-02	3.167451e+00
1.379677720200402e-02	3.167451e+00
1.380677720200402e-02	3.167451e+00
1.381677720200402e-02	3.167451e+00
1.382677720200402e-02	3.167451e+00
1.383677720200402e-02	3.167451e+00
1.384677720200402e-02	3.167451e+00
1.385677720200402e-02	3.167451e+00
1.386677720200402e-02	3.167451e+00
1.387677720200402e-02	3.167451e+00
1.388677720200402e-02	3.167451e+00
1.389677720200401e-02	3.167451e+00
1.390677720200402e-02	3.167451e+00
1.391677720200402e-02	3.167451e+00
1.392677720200402e-02	3.167451e+00
1.393677720200402e-02	3.167451e+00
1.394677720200402e-02	3.167451e+00
1.395677720200402e-02	3.167451e+00
1.396677720200402e-02	3.167451e+00
1.397677720200402e-02	3.167451e+00
1.398677720200402e-02	3.167451e+00
1.399677720200402e-02	3.167451e+00
1.400677720200402e-02	3.167451e+00
1.401677720200402e-02	3.167451e+00
1.402677720200402e-02	3.167451e+00
1.403677720200402e-02	3.167451e+00
1.404677720200402e-02	3.167451e+00
1.405677720200402e-02	3.167451e+00
1.406677720200402e-02	3.167451e+00
1.407677720200402e-02	3.167451e+00
1.408677720200402e-02	3.167451e+00
1.409677720200402e-02	3.167451e+00
1.410677720200402e-02	3.167451e+00
1.411677720200402e-02	3.167451e+00
1.412677720200402e-02	3.167451e+00
1.413677720200402e-02	3.167451e+00
1.414677720200402e-02	3.167451e+00
1.415677720200402e-02	3.167451e+00
1.416677720200402e-02	3.167451e+00
1.417677720200402e-02	3.167451e+00
1.418677720200402e-02	3.167451e+00
1.419677720200401e-02	3.167451e+00
1.420677720200402e-02	3.167452e+00
1.421677720200402e-02	3.167451e+00
1.422677720200402e-02	3.167451e+00
1.423677720200402e-02	3.167451e+00
1.424677720200402e-02	3.167451e+00
1.425677720200402e-02	3.167451e+00
1.426677720200402e-02	3.167451e+00
1.427677720200402e-02	3.167451e+00
1.428677720200402e-02	3.167451e+00
1.429677720200402e-02	3.167451e+00
1.430677720200402e-02	3.167451e+00
1.431677720200402e-02	3.167451e+00
1.432677720200402e-02	3.167451e+00
1.433677720200402e-02	3.167451e+00
1.434677720200402e-02	3.167451e+00
1.435677720200402e-02	3.167451e+00
1.436677720200401e-02	3.167451e+00
1.437677720200402e-02	3.167451e+00
1.438677720200402e-02	3.167451e+00
1.439677720200402e-02	3.167451e+00
1.440677720200402e-02	3.167451e+00
1.441677720200402e-02	3.167451e+00
1.442677720200402e-02	3.167451e+00
1.443677720200402e-02	3.167451e+00
1.444677720200402e-02	3.167451e+00
1.445677720200402e-02	3.167451e+00
1.446677720200402e-02	3.167451e+00
1.447677720200402e-02	3.167451e+00
1.448677720200402e-02	3.167451e+00
1.449677720200402e-02	3.167451e+00
1.450677720200402e-02	3.167451e+00
1.451677720200402e-02	3.167451e+00
1.452677720200402e-02	3.167451e+00
1.453677720200401e-02	3.167451e+00
1.454677720200402e-02	3.167451e+00
1.455677720200402e-02	3.167451e+00
1.456677720200402e-02	3.167451e+00
1.457677720200402e-02	3.167451e+00
1.458677720200402e-02	3.167451e+00
1.459677720200402e-02	3.167451e+00
1.460677720200402e-02	3.167451e+00
1.461677720200402e-02	3.167451e+00
1.462677720200402e-02	3.167451e+00
1.463677720200402e-02	3.167451e+00
1.464677720200402e-02	3.167451e+00
1.465677720200402e-02	3.167451e+00
1.466677720200402e-02	3.167451e+00
1.467677720200402e-02	3.167451e+00
1.468677720200402e-02	3.167451e+00
1.469677720200402e-02	3.167451e+00
1.470677720200401e-02	3.167451e+00
1.471677720200402e-02	3.167451e+00
1.472677720200402e-02	3.167452e+00
1.473677720200402e-02	3.167451e+00
1.474677720200402e-02	3.167452e+00
1.475677720200402e-02	3.167451e+00
1.476677720200402e-02	3.167451e+00
1.477677720200402e-02	3.167451e+00
1.478677720200402e-02	3.167451e+00
1.479677720200402e-02	3.167451e+00
1.480677720200402e-02	3.167451e+00
1.481677720200402e-02	3.167451e+00
1.482677720200402e-02	3.167451e+00
1.483677720200401e-02	3.167451e+00
1.484677720200402e-02	3.167451e+00
1.485677720200402e-02	3.167451e+00
1.486677720200402e-02	3.167451e+00
1.487677720200401e-02	3.167451e+00
1.488677720200402e-02	3.167451e+00
1.489677720200402e-02	3.167451e+00
1.490677720200402e-02	3.167451e+00
1.491677720200402e-02	3.167451e+00
1.492677720200402e-02	3.167451e+00
1.493677720200402e-02	3.167451e+00
1.494677720200402e-02	3.167451e+00
1.495677720200402e-02	3.167451e+00
1.496677720200402e-02	3.167451e+00
1.497677720200402e-02	3.167451e+00
1.498677720200402e-02	3.167451e+00
1.499677720200402e-02	3.167451e+00
1.500677720200401e-02	3.167451e+00
1.501677720200402e-02	3.167451e+00
1.502677720200402e-02	3.167451e+00
1.503677720200402e-02	3.167451e+00
1.504677720200401e-02	3.167451e+00
1.505677720200402e-02	3.167451e+00
1.506677720200402e-02	3.167451e+00
1.507677720200402e-02	3.167451e+00
1.508677720200402e-02	3.167451e+00
1.509677720200402e-02	3.167451e+00
1.510677720200402e-02	3.167451e+00
1.511677720200402e-02	3.167451e+00
1.512677720200402e-02	3.167451e+00
1.513677720200402e-02	3.167451e+00
1.514677720200402e-02	3.167451e+00
1.515677720200402e-02	3.167451e+00
1.516677720200402e-02	3.167451e+00
1.517677720200401e-02	3.167451e+00
1.518677720200402e-02	3.167451e+00
1.519677720200402e-02	3.167451e+00
1.520677720200402e-02	3.167451e+00
1.521677720200401e-02	3.167451e+00
1.522677720200402e-02	3.167451e+00
1.523677720200402e-02	3.167451e+00
1.524677720200402e-02	3.167451e+00
1.525677720200402e-02	3.167451e+00
1.526677720200402e-02	3.167451e+00
1.527677720200402e-02	3.167451e+00
1.528677720200402e-02	3.167451e+00
1.529677720200402e-02	3.167451e+00
1.530677720200402e-02	3.167451e+00
1.531677720200402e-02	3.167451e+00
1.532677720200402e-02	3.167451e+00
1.533677720200402e-02	3.167451e+00
1.534677720200401e-02	3.167451e+00
1.535677720200402e-02	3.167451e+00
1.536677720200402e-02	3.167451e+00
1.537677720200402e-02	3.167451e+00
1.538677720200401e-02	3.167451e+00
1.539677720200402e-02	3.167451e+00
1.540677720200402e-02	3.167451e+00
1.541677720200402e-02	3.167451e+00
1.542677720200402e-02	3.167451e+00
1.543677720200402e-02	3.167451e+00
1.544677720200402e-02	3.167451e+00
1.545677720200402e-02	3.167451e+00
1.546677720200402e-02	3.167451e+00
1.547677720200401e-02	3.167451e+00
1.548677720200402e-02	3.167451e+00
1.549677720200402e-02	3.167451e+00
1.550677720200402e-02	3.167451e+00
1.551677720200401e-02	3.167451e+00
1.552677720200402e-02	3.167451e+00
1.553677720200402e-02	3.167451e+00
1.554677720200402e-02	3.167451e+00
1.555677720200402e-02	3.167451e+00
1.556677720200402e-02	3.167451e+00
1.557677720200402e-02	3.167451e+00
1.558677720200402e-02	3.167451e+00
1.559677720200402e-02	3.167451e+00
1.560677720200402e-02	3.167451e+00
1.561677720200402e-02	3.167451e+00
1.562677720200402e-02	3.167451e+00
1.563677720200402e-02	3.167451e+00
1.564677720200401e-02	3.167451e+00
1.565677720200401e-02	3.167451e+00
1.566677720200401e-02	3.167451e+00
1.567677720200402e-02	3.167451e+00
1.568677720200402e-02	3.167451e+00
1.569677720200402e-02	3.167451e+00
1.570677720200402e-02	3.167451e+00
1.571677720200402e-02	3.167451e+00
1.572677720200402e-02	3.167451e+00
1.573677720200401e-02	3.167451e+00
1.574677720200401e-02	3.167451e+00
1.575677720200402e-02	3.167451e+00
1.576677720200402e-02	3.167451e+00
1.577677720200402e-02	3.167451e+00
1.578677720200402e-02	3.167451e+00
1.579677720200402e-02	3.167451e+00
1.580677720200402e-02	3.167451e+00
1.581677720200401e-02	3.167451e+00
1.582677720200401e-02	3.167451e+00
1.583677720200401e-02	3.167451e+00
1.584677720200402e-02	3.167451e+00
1.585677720200402e-02	3.167451e+00
1.586677720200402e-02	3.167451e+00
1.587677720200402e-02	3.167451e+00
1.588677720200402e-02	3.167451e+00
1.589677720200402e-02	3.167451e+00
1.590677720200401e-02	3.167451e+00
1.591677720200401e-02	3.167451e+00
1.592677720200402e-02	3.167451e+00
1.593677720200402e-02	3.167451e+00
1.594677720200402e-02	3.167451e+00
1.595677720200402e-02	3.167451e+00
1.596677720200402e-02	3.167451e+00
1.597677720200402e-02	3.167451e+00
1.598677720200401e-02	3.167451e+00
1.599677720200401e-02	3.167451e+00
1.600677720200401e-02	3.167451e+00
1.601677720200402e-02	3.167451e+00
1.602677720200402e-02	3.167451e+00
1.603677720200402e-02	3.167451e+00
1.604677720200402e-02	3.167451e+00
1.605677720200402e-02	3.167451e+00
1.606677720200402e-02	3.167451e+00
1.607677720200401e-02	3.167451e+00
1.608677720200401e-02	3.167451e+00
1.609677720200402e-02	3.167451e+00
1.610677720200402e-02	3.167451e+00
1.611677720200402e-02	3.167451e+00
1.612677720200402e-02	3.167451e+00
1.613677720200402e-02	3.167451e+00
1.614677720200402e-02	3.167451e+00
1.615677720200401e-02	3.167451e+00
1.616677720200401e-02	3.167451e+00
1.617677720200401e-02	3.167451e+00
1.618677720200402e-02	3.167451e+00
1.619677720200402e-02	3.167451e+00
1.620677720200402e-02	3.167451e+00
1.621677720200402e-02	3.167451e+00
1.622677720200402e-02	3.167451e+00
1.623677720200402e-02	3.167451e+00
1.624677720200401e-02	3.167451e+00
1.625677720200401e-02	3.167451e+00
1.626677720200402e-02	3.167451e+00
1.627677720200402e-02	3.167451e+00
1.628677720200402e-02	3.167451e+00
1.629677720200402e-02	3.167451e+00
1.630677720200402e-02	3.167451e+00
1.631677720200402e-02	3.167451e+00
1.632677720200401e-02	3.167451e+00
1.633677720200401e-02	3.167451e+00
1.634677720200401e-02	3.167451e+00
1.635677720200402e-02	3.167451e+00
1.636677720200402e-02	3.167451e+00
1.637677720200402e-02	3.167451e+00
1.638677720200402e-02	3.167451e+00
1.639677720200402e-02	3.167451e+00
1.640677720200402e-02	3.167451e+00
1.641677720200401e-02	3.167451e+00
1.642677720200401e-02	3.167451e+00
1.643677720200401e-02	3.167451e+00
1.644677720200402e-02	3.167451e+00
1.645677720200402e-02	3.167451e+00
1.646677720200402e-02	3.167451e+00
1.647677720200402e-02	3.167451e+00
1.648677720200402e-02	3.167451e+00
1.649677720200401e-02	3.167451e+00
1.650677720200401e-02	3.167451e+00
1.651677720200401e-02	3.167451e+00
1.652677720200402e-02	3.167451e+00
1.653677720200402e-02	3.167451e+00
1.654677720200402e-02	3.167451e+00
1.655677720200402e-02	3.167451e+00
1.656677720200402e-02	3.167451e+00
1.657677720200402e-02	3.167451e+00
1.658677720200401e-02	3.167451e+00
1.659677720200401e-02	3.167451e+00
1.660677720200401e-02	3.167451e+00
1.661677720200402e-02	3.167451e+00
1.662677720200402e-02	3.167451e+00
1.663677720200402e-02	3.167451e+00
1.664677720200402e-02	3.167451e+00
1.665677720200402e-02	3.167451e+00
1.666677720200401e-02	3.167451e+00
1.667677720200401e-02	3.167451e+00
1.668677720200401e-02	3.167451e+00
1.669677720200402e-02	3.167451e+00
1.670677720200402e-02	3.167451e+00
1.671677720200402e-02	3.167451e+00
1.672677720200402e-02	3.167451e+00
1.673677720200402e-02	3.167451e+00
1.674677720200402e-02	3.167451e+00
1.675677720200401e-02	3.167451e+00
1.676677720200401e-02	3.167451e+00
1.677677720200401e-02	3.167451e+00
1.678677720200402e-02	3.167451e+00
1.679677720200402e-02	3.167451e+00
1.680677720200402e-02	3.167451e+00
1.681677720200402e-02	3.167451e+00
1.682677720200402e-02	3.167451e+00
1.683677720200401e-02	3.167451e+00
1.684677720200401e-02	3.167451e+00
1.685677720200401e-02	3.167451e+00
1.686677720200402e-02	3.167451e+00
1.687677720200402e-02	3.167451e+00
1.688677720200402e-02	3.167451e+00
1.689677720200402e-02	3.167451e+00
1.690677720200402e-02	3.167451e+00
1.691677720200402e-02	3.167451e+00
1.692677720200401e-02	3.167451e+00
1.693677720200401e-02	3.167451e+00
1.694677720200401e-02	3.167451e+00
1.695677720200402e-02	3.167451e+00
1.696677720200402e-02	3.167451e+00
1.697677720200402e-02	3.167451e+00
1.698677720200402e-02	3.167451e+00
1.699677720200402e-02	3.167451e+00
1.700677720200401e-02	3.167451e+00
1.701677720200401e-02	3.167451e+00
1.702677720200401e-02	3.167451e+00
1.703677720200402e-02	3.167451e+00
1.704677720200402e-02	3.167451e+00
1.705677720200402e-02	3.167451e+00
1.706677720200402e-02	3.167451e+00
1.707677720200402e-02	3.167451e+00
1.708677720200402e-02	3.167451e+00
1.709677720200401e-02	3.167451e+00
1.710677720200401e-02	3.167451e+00
1.711677720200401e-02	3.167451e+00
1.712677720200402e-02	3.167451e+00
1.713677720200402e-02	3.167451e+00
1.714677720200402e-02	3.167451e+00
1.715677720200402e-02	3.167451e+00
1.716677720200402e-02	3.167451e+00
1.717677720200401e-02	3.167451e+00
1.718677720200401e-02	3.167451e+00
1.719677720200401e-02	3.167451e+00
1.720677720200402e-02	3.167451e+00
1.721677720200402e-02	3.167451e+00
1.722677720200402e-02	3.167451e+00
1.723677720200402e-02	3.167451e+00
1.724677720200402e-02	3.167451e+00
1.725677720200402e-02	3.167451e+00
1.726677720200401e-02	3.167451e+00
1.727677720200401e-02	3.167451e+00
1.728677720200401e-02	3.167451e+00
1.729677720200402e-02	3.167451e+00
1.730677720200402e-02	3.167451e+00
1.731677720200402e-02	3.167451e+00
1.732677720200402e-02	3.167451e+00
1.733677720200402e-02	3.167451e+00
1.734677720200401e-02	3.167451e+00
1.735677720200401e-02	3.167451e+00
1.736677720200401e-02	3.167451e+00
1.737677720200402e-02	3.167451e+00
1.738677720200402e-02	3.167451e+00
1.739677720200402e-02	3.167451e+00
1.740677720200402e-02	3.167451e+00
1.741677720200402e-02	3.167451e+00
1.742677720200402e-02	3.167451e+00
1.743677720200401e-02	3.167451e+00
1.744677720200401e-02	3.167451e+00
1.745677720200401e-02	3.167451e+00
1.746677720200402e-02	3.167451e+00
1.747677720200402e-02	3.167451e+00
1.748677720200402e-02	3.167451e+00
1.749677720200402e-02	3.167451e+00
1.750677720200402e-02	3.167451e+00
1.751677720200401e-02	3.167451e+00
1.752677720200401e-02	3.167451e+00
1.753677720200401e-02	3.167451e+00
1.754677720200402e-02	3.167451e+00
1.755677720200402e-02	3.167451e+00
1.756677720200402e-02	3.167451e+00
1.757677720200402e-02	3.167451e+00
1.758677720200402e-02	3.167451e+00
1.759677720200402e-02	3.167451e+00
1.760677720200401e-02	3.167451e+00
1.761677720200401e-02	3.167451e+00
1.762677720200401e-02	3.167451e+00
1.763677720200402e-02	3.167451e+00
1.764677720200402e-02	3.167451e+00
1.765677720200402e-02	3.167451e+00
1.766677720200402e-02	3.167451e+00
1.767677720200402e-02	3.167451e+00
1.768677720200401e-02	3.167451e+00
1.769677720200401e-02	3.167451e+00
1.770677720200401e-02	3.167451e+00
1.771677720200401e-02	3.167451e+00
1.772677720200402e-02	3.167451e+00
1.773677720200402e-02	3.167451e+00
1.774677720200402e-02	3.167451e+00
1.775677720200402e-02	3.167451e+00
1.776677720200402e-02	3.167451e+00
1.777677720200401e-02	3.167451e+00
1.778677720200401e-02	3.167451e+00
1.779677720200401e-02	3.167451e+00
1.780677720200402e-02	3.167451e+00
1.781677720200402e-02	3.167451e+00
1.782677720200402e-02	3.167451e+00
1.783677720200402e-02	3.167451e+00
1.784677720200402e-02	3.167451e+00
1.785677720200401e-02	3.167451e+00
1.786677720200401e-02	3.167451e+00
1.787677720200401e-02	3.167451e+00
1.788677720200401e-02	3.167451e+00
1.789677720200402e-02	3.167451e+00
1.790677720200402e-02	3.167451e+00
1.791677720200402e-02	3.167451e+00
1.792677720200402e-02	3.167451e+00
1.793677720200402e-02	3.167451e+00
1.794677720200401e-02	3.167451e+00
1.795677720200401e-02	3.167451e+00
1.796677720200401e-02	3.167451e+00
1.797677720200402e-02	3.167451e+00
1.798677720200402e-02	3.167451e+00
1.799677720200402e-02	3.167451e+00
1.800677720200402e-02	3.167451e+00
1.801677720200402e-02	3.167451e+00
1.802677720200401e-02	3.167451e+00
1.803677720200401e-02	3.167451e+00
1.804677720200401e-02	3.167451e+00
1.805677720200401e-02	3.167451e+00
1.806677720200402e-02	3.167451e+00
1.807677720200402e-02	3.167451e+00
1.808677720200402e-02	3.167451e+00
1.809677720200402e-02	3.167451e+00
1.810677720200402e-02	3.167451e+00
1.811677720200401e-02	3.167451e+00
1.812677720200401e-02	3.167451e+00
1.813677720200401e-02	3.167451e+00
1.814677720200402e-02	3.167451e+00
1.815677720200402e-02	3.167451e+00
1.816677720200402e-02	3.167451e+00
1.817677720200402e-02	3.167451e+00
1.818677720200402e-02	3.167451e+00
1.819677720200401e-02	3.167451e+00
1.820677720200401e-02	3.167451e+00
1.821677720200401e-02	3.167451e+00
1.822677720200401e-02	3.167451e+00
1.823677720200402e-02	3.167451e+00
1.824677720200402e-02	3.167451e+00
1.825677720200402e-02	3.167451e+00
1.826677720200402e-02	3.167451e+00
1.827677720200402e-02	3.167451e+00
1.828677720200401e-02	3.167451e+00
1.829677720200401e-02	3.167451e+00
1.830677720200401e-02	3.167451e+00
1.831677720200402e-02	3.167451e+00
1.832677720200402e-02	3.167451e+00
1.833677720200402e-02	3.167451e+00
1.834677720200402e-02	3.167451e+00
1.835677720200402e-02	3.167451e+00
1.836677720200402e-02	3.167451e+00
1.837677720200401e-02	3.167451e+00
1.838677720200401e-02	3.167451e+00
1.839677720200401e-02	3.167451e+00
1.840677720200402e-02	3.167451e+00
1.841677720200402e-02	3.167451e+00
1.842677720200402e-02	3.167451e+00
1.843677720200402e-02	3.167451e+00
1.844677720200402e-02	3.167451e+00
1.845677720200401e-02	3.167451e+00
1.846677720200401e-02	3.167451e+00
1.847677720200401e-02	3.167451e+00
1.848677720200402e-02	3.167451e+00
1.849677720200402e-02	3.167451e+00
1.850677720200402e-02	3.167451e+00
1.851677720200402e-02	3.167451e+00
1.852677720200402e-02	3.167451e+00
1.853677720200402e-02	3.167451e+00
1.854677720200401e-02	3.167451e+00
1.855677720200401e-02	3.167451e+00
1.856677720200401e-02	3.167451e+00
1.857677720200402e-02	3.167451e+00
1.858677720200402e-02	3.167451e+00
1.859677720200402e-02	3.167451e+00
1.860677720200402e-02	3.167451e+00
1.861677720200402e-02	3.167451e+00
1.862677720200401e-02	3.167451e+00
1.863677720200401e-02	3.167451e+00
1.864677720200401e-02	3.167451e+00
1.865677720200402e-02	3.167451e+00
1.866677720200402e-02	3.167451e+00
1.867677720200402e-02	3.167451e+00
1.868677720200402e-02	3.167451e+00
1.869677720200402e-02	3.167451e+00
1.870677720200402e-02	3.167451e+00
1.871677720200401e-02	3.167451e+00
1.872677720200401e-02	3.167451e+00
1.873677720200401e-02	3.167451e+00
1.874677720200402e-02	3.167451e+00
1.875677720200402e-02	3.167451e+00
1.876677720200402e-02	3.167451e+00
1.877677720200402e-02	3.167451e+00
1.878677720200402e-02	3.167451e+00
1.879677720200401e-02	3.167451e+00
1.880677720200401e-02	3.167451e+00
1.881677720200401e-02	3.167451e+00
1.882677720200402e-02	3.167451e+00
1.883677720200402e-02	3.167451e+00
1.884677720200402e-02	3.167451e+00
1.885677720200402e-02	3.167451e+00
1.886677720200402e-02	3.167451e+00
1.887677720200402e-02	3.167451e+00
1.888677720200401e-02	3.167451e+00
1.889677720200401e-02	3.167451e+00
1.890677720200401e-02	3.167451e+00
1.891677720200402e-02	3.167451e+00
1.892677720200402e-02	3.167451e+00
1.893677720200402e-02	3.167451e+00
1.894677720200402e-02	3.167451e+00
1.895677720200402e-02	3.167451e+00
1.896677720200401e-02	3.167451e+00
1.897677720200401e-02	3.167451e+00
1.898677720200401e-02	3.167451e+00
1.899677720200401e-02	3.167451e+00
1.900677720200402e-02	3.167451e+00
1.901677720200402e-02	3.167451e+00
1.902677720200402e-02	3.167451e+00
1.903677720200402e-02	3.167451e+00
1.904677720200402e-02	3.167451e+00
1.905677720200401e-02	3.167451e+00
1.906677720200401e-02	3.167451e+00
1.907677720200401e-02	3.167451e+00
1.908677720200402e-02	3.167451e+00
1.909677720200402e-02	3.167451e+00
1.910677720200402e-02	3.167451e+00
1.911677720200402e-02	3.167451e+00
1.912677720200402e-02	3.167451e+00
1.913677720200401e-02	3.167451e+00
1.914677720200401e-02	3.167451e+00
1.915677720200401e-02	3.167451e+00
1.916677720200401e-02	3.167451e+00
1.917677720200402e-02	3.167451e+00
1.918677720200402e-02	3.167451e+00
1.919677720200402e-02	3.167451e+00
1.920677720200402e-02	3.167451e+00
1.921677720200402e-02	3.167451e+00
1.922677720200401e-02	3.167451e+00
1.923677720200401e-02	3.167451e+00
1.924677720200401e-02	3.167451e+00
1.925677720200402e-02	3.167451e+00
1.926677720200402e-02	3.167451e+00
1.927677720200402e-02	3.167451e+00
1.928677720200402e-02	3.167451e+00
1.929677720200402e-02	3.167451e+00
1.930677720200401e-02	3.167451e+00
1.931677720200401e-02	3.167451e+00
1.932677720200401e-02	3.167451e+00
1.933677720200401e-02	3.167451e+00
1.934677720200402e-02	3.167451e+00
1.935677720200402e-02	3.167451e+00
1.936677720200402e-02	3.167451e+00
1.937677720200402e-02	3.167451e+00
1.938677720200402e-02	3.167451e+00
1.939677720200401e-02	3.167451e+00
1.940677720200401e-02	3.167451e+00
1.941677720200401e-02	3.167451e+00
1.942677720200402e-02	3.167451e+00
1.943677720200402e-02	3.167451e+00
1.944677720200402e-02	3.167451e+00
1.945677720200402e-02	3.167451e+00
1.946677720200402e-02	3.167451e+00
1.947677720200401e-02	3.167451e+00
1.948677720200401e-02	3.167451e+00
1.949677720200401e-02	3.167451e+00
1.950677720200401e-02	3.167451e+00
1.951677720200402e-02	3.167451e+00
1.952677720200402e-02	3.167451e+00
1.953677720200402e-02	3.167451e+00
1.954677720200402e-02	3.167451e+00
1.955677720200402e-02	3.167451e+00
1.956677720200401e-02	3.167451e+00
1.957677720200401e-02	3.167451e+00
1.958677720200401e-02	3.167451e+00
1.959677720200402e-02	3.167451e+00
1.960677720200402e-02	3.167451e+00
1.961677720200402e-02	3.167451e+00
1.962677720200402e-02	3.167451e+00
1.963677720200402e-02	3.167451e+00
1.964677720200401e-02	3.167451e+00
1.965677720200401e-02	3.167451e+00
1.966677720200401e-02	3.167451e+00
1.967677720200401e-02	3.167451e+00
1.968677720200402e-02	3.167451e+00
1.969677720200402e-02	3.167451e+00
1.970677720200402e-02	3.167451e+00
1.971677720200402e-02	3.167451e+00
1.972677720200402e-02	3.167451e+00
1.973677720200401e-02	3.167451e+00
1.974677720200401e-02	3.167451e+00
1.975677720200401e-02	3.167451e+00
1.976677720200402e-02	3.167451e+00
1.977677720200402e-02	3.167451e+00
1.978677720200402e-02	3.167451e+00
1.979677720200402e-02	3.167451e+00
1.980677720200402e-02	3.167451e+00
1.981677720200401e-02	3.167451e+00
1.982677720200401e-02	3.167451e+00
1.983677720200401e-02	3.167451e+00
1.984677720200401e-02	3.167451e+00
1.985677720200402e-02	3.167451e+00
1.986677720200402e-02	3.167451e+00
1.987677720200402e-02	3.167451e+00
1.988677720200402e-02	3.167451e+00
1.989677720200402e-02	3.167451e+00
1.990677720200401e-02	3.167451e+00
1.991677720200401e-02	3.167451e+00
1.992677720200401e-02	3.167451e+00
1.993677720200402e-02	3.167451e+00
1.994677720200402e-02	3.167451e+00
1.995677720200402e-02	3.167451e+00
1.996677720200402e-02	3.167451e+00
1.997677720200402e-02	3.167451e+00
1.998677720200401e-02	3.167451e+00
1.999677720200401e-02	3.167451e+00
2.000000000000000e-02	3.167451e+00
