time	I(Vcell25)
0.000000000000000e+00	-2.636490e-07
9.999999439624929e-11	-2.633573e-07
1.999999887924986e-10	-2.630731e-07
3.999999775849972e-10	-2.624984e-07
7.999999551699943e-10	-2.613420e-07
1.599999910339989e-09	-2.590664e-07
3.199999820679977e-09	-2.546118e-07
6.399999641359955e-09	-2.458965e-07
1.279999928271991e-08	-2.289754e-07
2.559999856543982e-08	-1.967552e-07
5.119999713087964e-08	-1.078847e-07
9.252086015392878e-08	2.463344e-06
1.510108255199229e-07	-3.236168e-07
2.057100597986555e-07	-6.481636e-07
2.711922111406751e-07	-1.085357e-06
3.308265500931712e-07	-1.310224e-06
4.437637066066846e-07	-1.460208e-06
4.641460748959371e-07	-1.454414e-06
5.049108114744420e-07	-1.450267e-06
5.864402846314519e-07	-1.447957e-06
7.494992309454717e-07	-1.445850e-06
1.075617123573511e-06	-1.450232e-06
1.633703576190409e-06	-1.452922e-06
2.330216949111736e-06	-1.454782e-06
3.315445015460415e-06	-1.456003e-06
4.937294372468760e-06	-1.463128e-06
8.180993086485451e-06	-1.499093e-06
1.466839051451883e-05	-1.435813e-06
2.466839051451883e-05	-9.917031e-07
3.466839051451883e-05	-6.729361e-07
4.466839051451883e-05	-5.328702e-07
5.466839051451883e-05	-5.641450e-07
6.466839051451883e-05	-6.641718e-07
7.466839051451883e-05	-7.815595e-07
8.466839051451883e-05	-8.900981e-07
9.466839051451883e-05	-9.965401e-07
1.000000009999994e-04	-1.057271e-06
1.000000019999994e-04	-1.057281e-06
1.000000179999994e-04	-1.057348e-06
1.000000499999994e-04	-1.057263e-06
1.000001139999994e-04	-1.057270e-06
1.000002419999994e-04	-1.057204e-06
1.000004979999994e-04	-1.057281e-06
1.000010099999994e-04	-1.057379e-06
1.000020339999994e-04	-1.057586e-06
1.000040819999994e-04	-1.057582e-06
1.000081779999994e-04	-1.057429e-06
1.000163699999994e-04	-1.057170e-06
1.000327539999994e-04	-1.057131e-06
1.000655219999995e-04	-1.057329e-06
1.001310579999995e-04	-1.058020e-06
1.002621299999997e-04	-1.059390e-06
1.005242740000000e-04	-1.062350e-06
1.010485620000006e-04	-1.068171e-06
1.020971380000018e-04	-1.079917e-06
1.041942900000042e-04	-1.103139e-06
1.083885940000089e-04	-1.148630e-06
1.167772020000184e-04	-1.233372e-06
1.267772020000184e-04	-1.323811e-06
1.367772020000184e-04	-1.403573e-06
1.467772020000184e-04	-1.471557e-06
1.567772020000184e-04	-1.538362e-06
1.667772020000184e-04	-1.617809e-06
1.767772020000184e-04	-1.696949e-06
1.867772020000184e-04	-1.775955e-06
1.967772020000184e-04	-1.856321e-06
2.067772020000184e-04	-1.929918e-06
2.167772020000184e-04	-1.997890e-06
2.267772020000184e-04	-2.073238e-06
2.367772020000184e-04	-2.159678e-06
2.467772020000184e-04	-2.255576e-06
2.567772020000184e-04	-9.832803e-06
2.667772020000184e-04	5.235866e-08
2.767772020000184e-04	-4.149550e-06
2.867772020000184e-04	1.893290e-06
2.967772020000184e-04	-3.333799e-06
3.067772020000184e-04	2.621968e-06
3.167772020000184e-04	-2.378575e-06
3.267772020000184e-04	3.208064e-06
3.367772020000184e-04	-1.797723e-06
3.467772020000184e-04	3.528881e-06
3.567772020000184e-04	-1.308291e-06
3.667772020000184e-04	3.913086e-06
3.767772020000184e-04	-7.411824e-07
3.867772020000184e-04	4.324979e-06
3.942704178490889e-04	-1.215207e-05
4.015492982945103e-04	1.325098e-05
4.084628755706322e-04	-1.072251e-05
4.150039576297367e-04	1.350810e-05
4.209757289889120e-04	-9.880448e-06
4.268566498364236e-04	1.395700e-05
4.334697236684645e-04	-9.992038e-06
4.409004226194226e-04	1.373989e-05
4.509004226194226e-04	-1.020090e-05
4.609004226194226e-04	1.350897e-05
4.709004226194226e-04	-1.037289e-05
4.809004226194226e-04	1.334091e-05
4.909004226194226e-04	-1.049852e-05
5.009004226194226e-04	1.321042e-05
5.109004226194226e-04	-1.059911e-05
5.209004226194226e-04	1.310089e-05
5.309004226194226e-04	-1.068529e-05
5.409004226194226e-04	1.300432e-05
5.509004226194226e-04	-1.076237e-05
5.609004226194226e-04	1.291648e-05
5.709004226194226e-04	-1.083316e-05
5.809004226194226e-04	1.283500e-05
5.909004226194226e-04	-1.089930e-05
6.009004226194226e-04	1.275841e-05
6.109004226194226e-04	-1.091745e-05
6.209004226194226e-04	1.279913e-05
6.309004226194226e-04	-1.096680e-05
6.409004226194226e-04	1.273549e-05
6.509004226194226e-04	-1.102604e-05
6.609004226194226e-04	1.267154e-05
6.709004226194226e-04	-1.108418e-05
6.809004226194225e-04	1.260954e-05
6.909004226194226e-04	-1.113870e-05
7.009004226194226e-04	1.256683e-05
7.109004226194226e-04	-1.118108e-05
7.209004226194225e-04	1.251407e-05
7.309004226194226e-04	-1.123263e-05
7.409004226194226e-04	1.245660e-05
7.509004226194226e-04	-1.128669e-05
7.609004226194225e-04	1.239826e-05
7.709004226194226e-04	-1.134101e-05
7.809004226194226e-04	1.234033e-05
7.909004226194226e-04	-1.139477e-05
8.009004226194225e-04	1.228328e-05
8.109004226194226e-04	-1.144767e-05
8.209004226194226e-04	1.222733e-05
8.309004226194226e-04	-1.149951e-05
8.409004226194225e-04	1.217265e-05
8.509004226194226e-04	-1.155008e-05
8.609004226194226e-04	1.211944e-05
8.709004226194226e-04	-1.159914e-05
8.809004226194225e-04	1.206797e-05
8.909004226194226e-04	-1.164640e-05
9.009004226194226e-04	1.201852e-05
9.109004226194226e-04	-1.169153e-05
9.209004226194225e-04	1.197141e-05
9.309004226194226e-04	-1.173423e-05
9.409004226194226e-04	1.192694e-05
9.509004226194226e-04	-1.177422e-05
9.609004226194225e-04	1.188534e-05
9.709004226194225e-04	-1.181127e-05
9.809004226194226e-04	1.184681e-05
9.909004226194226e-04	-1.184522e-05
1.000000000000000e-03	1.181284e-05
1.000000001000000e-03	1.506637e-05
1.000000017000000e-03	7.430636e-06
1.000000049000000e-03	7.367068e-06
1.000000113000000e-03	1.728899e-06
1.000000241000000e-03	2.587686e-06
1.000000497000000e-03	-6.378519e-07
1.000001009000000e-03	1.563611e-06
1.000002033000000e-03	-1.133793e-06
1.000004081000000e-03	1.197537e-06
1.000008177000000e-03	-1.253566e-06
1.000016369000001e-03	1.205518e-06
1.000032753000001e-03	-1.252530e-06
1.000065521000002e-03	1.205621e-06
1.000131057000004e-03	-1.252544e-06
1.000262129000007e-03	1.205272e-06
1.000524273000015e-03	-1.253164e-06
1.001048561000029e-03	1.203994e-06
1.002097137000058e-03	-1.255692e-06
1.004194289000116e-03	1.198962e-06
1.008388593000232e-03	-1.265619e-06
1.016777201000463e-03	1.179627e-06
1.026777201000463e-03	-1.292842e-06
1.036777201000463e-03	1.151463e-06
1.046777201000463e-03	-1.319455e-06
1.056777201000463e-03	1.126367e-06
1.066777201000463e-03	-1.343072e-06
1.076777201000463e-03	1.104182e-06
1.086777201000463e-03	-1.363873e-06
1.096777201000463e-03	1.084712e-06
1.106777201000463e-03	-1.382066e-06
1.116777201000463e-03	1.067737e-06
1.126777201000463e-03	-1.397881e-06
1.136777201000463e-03	1.053021e-06
1.146777201000463e-03	-1.411556e-06
1.156777201000463e-03	1.040328e-06
1.166777201000463e-03	-1.423324e-06
1.176777201000463e-03	1.029427e-06
1.186777201000463e-03	-1.433411e-06
1.196777201000463e-03	1.020100e-06
1.206777201000463e-03	-1.442027e-06
1.216777201000463e-03	1.012146e-06
1.226777201000463e-03	-1.449365e-06
1.236777201000463e-03	1.005380e-06
1.246777201000463e-03	-1.455598e-06
1.256777201000463e-03	9.996388e-07
1.266777201000463e-03	-1.460882e-06
1.276777201000463e-03	9.947759e-07
1.286777201000463e-03	-1.465355e-06
1.296777201000463e-03	9.906632e-07
1.306777201000463e-03	-1.469134e-06
1.316777201000463e-03	9.871895e-07
1.326777201000463e-03	-1.472325e-06
1.336777201000463e-03	9.842586e-07
1.346777201000463e-03	-1.475016e-06
1.356777201000463e-03	9.817876e-07
1.366777201000463e-03	-1.477283e-06
1.376777201000463e-03	9.797054e-07
1.386777201000463e-03	-1.479194e-06
1.396777201000463e-03	9.779519e-07
1.406777201000463e-03	-1.480802e-06
1.416777201000463e-03	9.764755e-07
1.426777201000463e-03	-1.482156e-06
1.436777201000463e-03	9.752325e-07
1.446777201000463e-03	-1.483296e-06
1.456777201000463e-03	9.741862e-07
1.466777201000463e-03	-1.484255e-06
1.476777201000463e-03	9.733054e-07
1.486777201000463e-03	-1.485063e-06
1.496777201000463e-03	9.725638e-07
1.506777201000463e-03	-1.485743e-06
1.516777201000463e-03	9.719392e-07
1.526777201000463e-03	-1.486315e-06
1.536777201000463e-03	9.714131e-07
1.546777201000463e-03	-1.486797e-06
1.556777201000463e-03	9.709697e-07
1.566777201000463e-03	-1.487204e-06
1.576777201000463e-03	9.705959e-07
1.586777201000463e-03	-1.487547e-06
1.596777201000463e-03	9.702806e-07
1.606777201000463e-03	-1.487836e-06
1.616777201000463e-03	9.700143e-07
1.626777201000463e-03	-1.488080e-06
1.636777201000463e-03	9.697894e-07
1.646777201000463e-03	-1.488286e-06
1.656777201000463e-03	9.695995e-07
1.666777201000463e-03	-1.488460e-06
1.676777201000463e-03	9.694386e-07
1.686777201000463e-03	-1.488607e-06
1.696777201000463e-03	9.693025e-07
1.706777201000463e-03	-1.488732e-06
1.716777201000463e-03	9.691871e-07
1.726777201000463e-03	-1.488838e-06
1.736777201000463e-03	9.690892e-07
1.746777201000463e-03	-1.488927e-06
1.756777201000463e-03	9.690060e-07
1.766777201000463e-03	-1.489003e-06
1.776777201000463e-03	9.689353e-07
1.786777201000463e-03	-1.489068e-06
1.796777201000463e-03	9.688750e-07
1.806777201000463e-03	-1.489123e-06
1.816777201000463e-03	9.688237e-07
1.826777201000463e-03	-1.489170e-06
1.836777201000463e-03	9.687798e-07
1.846777201000463e-03	-1.489210e-06
1.856777201000463e-03	9.687423e-07
1.866777201000463e-03	-1.489244e-06
1.876777201000463e-03	9.687101e-07
1.886777201000463e-03	-1.489273e-06
1.896777201000463e-03	9.686825e-07
1.906777201000463e-03	-1.489298e-06
1.916777201000463e-03	9.686587e-07
1.926777201000463e-03	-1.489319e-06
1.936777201000463e-03	9.686382e-07
1.946777201000463e-03	-1.489338e-06
1.956777201000463e-03	9.686205e-07
1.966777201000463e-03	-1.489354e-06
1.976777201000463e-03	9.686051e-07
1.986777201000463e-03	-1.489367e-06
1.996777201000463e-03	9.685917e-07
2.006777201000463e-03	-1.489379e-06
2.016777201000463e-03	9.685801e-07
2.026777201000463e-03	-1.489389e-06
2.036777201000463e-03	9.685699e-07
2.046777201000463e-03	-1.489398e-06
2.056777201000463e-03	9.685610e-07
2.066777201000463e-03	-1.489406e-06
2.076777201000463e-03	9.685532e-07
2.086777201000463e-03	-1.489412e-06
2.096777201000463e-03	9.685463e-07
2.106777201000463e-03	-1.489418e-06
2.116777201000463e-03	9.685401e-07
2.126777201000463e-03	-1.489423e-06
2.136777201000463e-03	9.685347e-07
2.146777201000463e-03	-1.489428e-06
2.156777201000463e-03	9.685299e-07
2.166777201000463e-03	-1.489432e-06
2.176777201000463e-03	9.685255e-07
2.186777201000463e-03	-1.489435e-06
2.196777201000463e-03	9.685216e-07
2.206777201000463e-03	-1.489438e-06
2.216777201000463e-03	9.685181e-07
2.226777201000463e-03	-1.489441e-06
2.236777201000463e-03	9.685149e-07
2.246777201000463e-03	-1.489444e-06
2.256777201000463e-03	9.685119e-07
2.266777201000463e-03	-1.489446e-06
2.276777201000463e-03	9.685092e-07
2.286777201000463e-03	-1.489448e-06
2.296777201000463e-03	9.685068e-07
2.306777201000463e-03	-1.489449e-06
2.316777201000463e-03	9.685045e-07
2.326777201000463e-03	-1.489451e-06
2.336777201000463e-03	9.685024e-07
2.346777201000463e-03	-1.489452e-06
2.356777201000463e-03	9.685004e-07
2.366777201000463e-03	-1.489453e-06
2.376777201000463e-03	9.684986e-07
2.386777201000463e-03	-1.489455e-06
2.396777201000463e-03	9.684969e-07
2.406777201000463e-03	-1.489456e-06
2.416777201000463e-03	9.684953e-07
2.426777201000463e-03	-1.489456e-06
2.436777201000463e-03	9.684939e-07
2.446777201000463e-03	-1.489457e-06
2.456777201000463e-03	9.684924e-07
2.466777201000463e-03	-1.489458e-06
2.476777201000463e-03	9.684910e-07
2.486777201000463e-03	-1.489459e-06
2.496777201000463e-03	9.684898e-07
2.506777201000463e-03	-1.489459e-06
2.516777201000463e-03	9.684885e-07
2.526777201000463e-03	-1.489460e-06
2.536777201000463e-03	9.684873e-07
2.546777201000463e-03	-1.489460e-06
2.556777201000463e-03	9.684861e-07
2.566777201000463e-03	-1.489461e-06
2.576777201000463e-03	9.684851e-07
2.586777201000463e-03	-1.489461e-06
2.596777201000463e-03	9.684841e-07
2.606777201000463e-03	-1.489462e-06
2.616777201000463e-03	9.684831e-07
2.626777201000463e-03	-1.489462e-06
2.636777201000463e-03	9.684820e-07
2.646777201000463e-03	-1.489462e-06
2.656777201000463e-03	9.684811e-07
2.666777201000463e-03	-1.489463e-06
2.676777201000463e-03	9.684802e-07
2.686777201000463e-03	-1.489463e-06
2.696777201000463e-03	9.684793e-07
2.706777201000463e-03	-1.489463e-06
2.716777201000463e-03	9.684784e-07
2.726777201000463e-03	-1.489463e-06
2.736777201000463e-03	9.684776e-07
2.746777201000463e-03	-1.489463e-06
2.756777201000463e-03	9.684767e-07
2.766777201000463e-03	-1.489463e-06
2.776777201000463e-03	9.684759e-07
2.786777201000463e-03	-1.489464e-06
2.796777201000463e-03	9.684751e-07
2.806777201000463e-03	-1.489464e-06
2.816777201000463e-03	9.684744e-07
2.826777201000463e-03	-1.489464e-06
2.836777201000463e-03	9.684736e-07
2.846777201000463e-03	-1.489464e-06
2.856777201000463e-03	9.684729e-07
2.866777201000463e-03	-1.489464e-06
2.876777201000463e-03	9.684721e-07
2.886777201000463e-03	-1.489464e-06
2.896777201000463e-03	9.684715e-07
2.906777201000463e-03	-1.489464e-06
2.916777201000463e-03	9.684708e-07
2.926777201000463e-03	-1.489464e-06
2.936777201000463e-03	9.684701e-07
2.946777201000463e-03	-1.489464e-06
2.956777201000463e-03	9.684694e-07
2.966777201000463e-03	-1.489464e-06
2.976777201000463e-03	9.684687e-07
2.986777201000463e-03	-1.489464e-06
2.996777201000463e-03	9.684680e-07
3.006777201000463e-03	-1.489464e-06
3.016777201000463e-03	9.684675e-07
3.026777201000463e-03	-1.489464e-06
3.036777201000463e-03	9.684668e-07
3.046777201000463e-03	-1.489464e-06
3.056777201000463e-03	9.684662e-07
3.066777201000463e-03	-1.489464e-06
3.076777201000463e-03	9.684655e-07
3.086777201000463e-03	-1.489464e-06
3.096777201000463e-03	9.684650e-07
3.106777201000463e-03	-1.489464e-06
3.116777201000463e-03	9.684644e-07
3.126777201000463e-03	-1.489464e-06
3.136777201000463e-03	9.684638e-07
3.146777201000463e-03	-1.489464e-06
3.156777201000463e-03	9.684633e-07
3.166777201000463e-03	-1.489464e-06
3.176777201000463e-03	9.684626e-07
3.186777201000463e-03	-1.489463e-06
3.196777201000463e-03	9.684621e-07
3.206777201000463e-03	-1.489463e-06
3.216777201000463e-03	9.684616e-07
3.226777201000463e-03	-1.489463e-06
3.236777201000463e-03	9.684610e-07
3.246777201000463e-03	-1.489463e-06
3.256777201000463e-03	9.684604e-07
3.266777201000463e-03	-1.489463e-06
3.276777201000463e-03	9.684599e-07
3.286777201000463e-03	-1.489463e-06
3.296777201000463e-03	9.684594e-07
3.306777201000463e-03	-1.489463e-06
3.316777201000463e-03	9.684588e-07
3.326777201000463e-03	-1.489463e-06
3.336777201000463e-03	9.684583e-07
3.346777201000463e-03	-1.489462e-06
3.356777201000463e-03	9.684578e-07
3.366777201000463e-03	-1.489462e-06
3.376777201000463e-03	9.684572e-07
3.386777201000463e-03	-1.489462e-06
3.396777201000463e-03	9.684568e-07
3.406777201000463e-03	-1.489462e-06
3.416777201000463e-03	9.684562e-07
3.426777201000463e-03	-1.489462e-06
3.436777201000463e-03	9.684558e-07
3.446777201000463e-03	-1.489462e-06
3.456777201000463e-03	9.684553e-07
3.466777201000463e-03	-1.489461e-06
3.476777201000463e-03	9.684549e-07
3.486777201000463e-03	-1.489461e-06
3.496777201000463e-03	9.684543e-07
3.506777201000463e-03	-1.489461e-06
3.516777201000463e-03	9.684538e-07
3.526777201000463e-03	-1.489461e-06
3.536777201000463e-03	9.684534e-07
3.546777201000463e-03	-1.489461e-06
3.556777201000463e-03	9.684529e-07
3.566777201000463e-03	-1.489460e-06
3.576777201000463e-03	9.684525e-07
3.586777201000463e-03	-1.489460e-06
3.596777201000463e-03	9.684520e-07
3.606777201000463e-03	-1.489460e-06
3.616777201000463e-03	9.684516e-07
3.626777201000463e-03	-1.489460e-06
3.636777201000463e-03	9.684511e-07
3.646777201000463e-03	-1.489460e-06
3.656777201000463e-03	9.684506e-07
3.666777201000463e-03	-1.489459e-06
3.676777201000463e-03	9.684502e-07
3.686777201000463e-03	-1.489459e-06
3.696777201000463e-03	9.684497e-07
3.706777201000463e-03	-1.489459e-06
3.716777201000463e-03	9.684493e-07
3.726777201000463e-03	-1.489459e-06
3.736777201000463e-03	9.684488e-07
3.746777201000463e-03	-1.489458e-06
3.756777201000463e-03	9.684484e-07
3.766777201000463e-03	-1.489458e-06
3.776777201000463e-03	9.684479e-07
3.786777201000463e-03	-1.489458e-06
3.796777201000463e-03	9.684475e-07
3.806777201000463e-03	-1.489458e-06
3.816777201000463e-03	9.684471e-07
3.826777201000463e-03	-1.489458e-06
3.836777201000463e-03	9.684467e-07
3.846777201000463e-03	-1.489457e-06
3.856777201000463e-03	9.684462e-07
3.866777201000463e-03	-1.489457e-06
3.876777201000463e-03	9.684458e-07
3.886777201000463e-03	-1.489457e-06
3.896777201000463e-03	9.684454e-07
3.906777201000463e-03	-1.489457e-06
3.916777201000463e-03	9.684450e-07
3.926777201000463e-03	-1.489456e-06
3.936777201000463e-03	9.684445e-07
3.946777201000463e-03	-1.489456e-06
3.956777201000463e-03	9.684442e-07
3.966777201000463e-03	-1.489456e-06
3.976777201000463e-03	9.684437e-07
3.986777201000463e-03	-1.489455e-06
3.996777201000463e-03	9.684434e-07
4.006777201000463e-03	-1.489455e-06
4.016777201000463e-03	9.684429e-07
4.026777201000463e-03	-1.489455e-06
4.036777201000463e-03	9.684425e-07
4.046777201000462e-03	-1.489455e-06
4.056777201000463e-03	9.684421e-07
4.066777201000463e-03	-1.489454e-06
4.076777201000463e-03	9.684417e-07
4.086777201000463e-03	-1.489454e-06
4.096777201000463e-03	9.684413e-07
4.106777201000463e-03	-1.489454e-06
4.116777201000463e-03	9.684409e-07
4.126777201000463e-03	-1.489453e-06
4.136777201000463e-03	9.684405e-07
4.146777201000463e-03	-1.489453e-06
4.156777201000463e-03	9.684401e-07
4.166777201000463e-03	-1.489453e-06
4.176777201000463e-03	9.684397e-07
4.186777201000463e-03	-1.489453e-06
4.196777201000462e-03	9.684393e-07
4.206777201000463e-03	-1.489452e-06
4.216777201000462e-03	9.684389e-07
4.226777201000463e-03	-1.489452e-06
4.236777201000463e-03	9.684385e-07
4.246777201000463e-03	-1.489452e-06
4.256777201000463e-03	9.684381e-07
4.266777201000463e-03	-1.489451e-06
4.276777201000463e-03	9.684378e-07
4.286777201000463e-03	-1.489451e-06
4.296777201000463e-03	9.684373e-07
4.306777201000463e-03	-1.489451e-06
4.316777201000463e-03	9.684370e-07
4.326777201000463e-03	-1.489451e-06
4.336777201000463e-03	9.684366e-07
4.346777201000463e-03	-1.489450e-06
4.356777201000463e-03	9.684362e-07
4.366777201000462e-03	-1.489450e-06
4.376777201000463e-03	9.684359e-07
4.386777201000462e-03	-1.489450e-06
4.396777201000463e-03	9.684354e-07
4.406777201000463e-03	-1.489449e-06
4.416777201000463e-03	9.684351e-07
4.426777201000463e-03	-1.489449e-06
4.436777201000463e-03	9.684347e-07
4.446777201000463e-03	-1.489449e-06
4.456777201000463e-03	9.684343e-07
4.466777201000463e-03	-1.489448e-06
4.476777201000463e-03	9.684339e-07
4.486777201000463e-03	-1.489448e-06
4.496777201000463e-03	9.684336e-07
4.506777201000463e-03	-1.489448e-06
4.516777201000462e-03	9.684331e-07
4.526777201000463e-03	-1.489448e-06
4.536777201000462e-03	9.684328e-07
4.546777201000463e-03	-1.489447e-06
4.556777201000463e-03	9.684325e-07
4.566777201000463e-03	-1.489447e-06
4.576777201000463e-03	9.684321e-07
4.586777201000463e-03	-1.489447e-06
4.596777201000463e-03	9.684317e-07
4.606777201000463e-03	-1.489446e-06
4.616777201000463e-03	9.684313e-07
4.626777201000463e-03	-1.489446e-06
4.636777201000463e-03	9.684310e-07
4.646777201000463e-03	-1.489446e-06
4.656777201000463e-03	9.684306e-07
4.666777201000463e-03	-1.489445e-06
4.676777201000463e-03	9.684302e-07
4.686777201000462e-03	-1.489445e-06
4.696777201000463e-03	9.684298e-07
4.706777201000462e-03	-1.489445e-06
4.716777201000463e-03	9.684295e-07
4.726777201000463e-03	-1.489444e-06
4.736777201000463e-03	9.684292e-07
4.746777201000463e-03	-1.489444e-06
4.756777201000463e-03	9.684287e-07
4.766777201000463e-03	-1.489444e-06
4.776777201000463e-03	9.684284e-07
4.786777201000463e-03	-1.489443e-06
4.796777201000463e-03	9.684280e-07
4.806777201000463e-03	-1.489443e-06
4.816777201000463e-03	9.684277e-07
4.826777201000463e-03	-1.489443e-06
4.836777201000462e-03	9.684273e-07
4.846777201000463e-03	-1.489442e-06
4.856777201000462e-03	9.684269e-07
4.866777201000463e-03	-1.489442e-06
4.876777201000462e-03	9.684265e-07
4.886777201000463e-03	-1.489442e-06
4.896777201000463e-03	9.684262e-07
4.906777201000463e-03	-1.489442e-06
4.916777201000463e-03	9.684259e-07
4.926777201000463e-03	-1.489441e-06
4.936777201000463e-03	9.684255e-07
4.946777201000463e-03	-1.489441e-06
4.956777201000463e-03	9.684251e-07
4.966777201000463e-03	-1.489440e-06
4.976777201000463e-03	9.684247e-07
4.986777201000463e-03	-1.489440e-06
4.996777201000463e-03	9.684244e-07
5.006777201000462e-03	-1.489440e-06
5.016777201000463e-03	9.684240e-07
5.026777201000462e-03	-1.489439e-06
5.036777201000463e-03	9.684237e-07
5.046777201000462e-03	-1.489439e-06
5.056777201000463e-03	9.684234e-07
5.066777201000463e-03	-1.489439e-06
5.076777201000463e-03	9.684229e-07
5.086777201000463e-03	-1.489438e-06
5.096777201000463e-03	9.684226e-07
5.106777201000463e-03	-1.489438e-06
5.116777201000463e-03	9.684222e-07
5.126777201000463e-03	-1.489438e-06
5.136777201000463e-03	9.684219e-07
5.146777201000463e-03	-1.489438e-06
5.156777201000462e-03	9.684215e-07
5.166777201000463e-03	-1.489437e-06
5.176777201000462e-03	9.684212e-07
5.186777201000463e-03	-1.489437e-06
5.196777201000462e-03	9.684207e-07
5.206777201000463e-03	-1.489436e-06
5.216777201000463e-03	9.684204e-07
5.226777201000463e-03	-1.489436e-06
5.236777201000463e-03	9.684201e-07
5.246777201000463e-03	-1.489436e-06
5.256777201000463e-03	9.684197e-07
5.266777201000463e-03	-1.489435e-06
5.276777201000463e-03	9.684194e-07
5.286777201000463e-03	-1.489435e-06
5.296777201000463e-03	9.684190e-07
5.306777201000463e-03	-1.489435e-06
5.316777201000463e-03	9.684187e-07
5.326777201000462e-03	-1.489434e-06
5.336777201000463e-03	9.684182e-07
5.346777201000462e-03	-1.489434e-06
5.356777201000463e-03	9.684179e-07
5.366777201000462e-03	-1.489434e-06
5.376777201000463e-03	9.684176e-07
5.386777201000463e-03	-1.489433e-06
5.396777201000463e-03	9.684172e-07
5.406777201000463e-03	-1.489433e-06
5.416777201000463e-03	9.684169e-07
5.426777201000463e-03	-1.489433e-06
5.436777201000463e-03	9.684165e-07
5.446777201000463e-03	-1.489432e-06
5.456777201000463e-03	9.684162e-07
5.466777201000463e-03	-1.489432e-06
5.476777201000462e-03	9.684157e-07
5.486777201000463e-03	-1.489432e-06
5.496777201000462e-03	9.684154e-07
5.506777201000463e-03	-1.489431e-06
5.516777201000462e-03	9.684151e-07
5.526777201000463e-03	-1.489431e-06
5.536777201000462e-03	9.684147e-07
5.546777201000463e-03	-1.489431e-06
5.556777201000463e-03	9.684144e-07
5.566777201000463e-03	-1.489430e-06
5.576777201000463e-03	9.684140e-07
5.586777201000463e-03	-1.489430e-06
5.596777201000463e-03	9.684137e-07
5.606777201000463e-03	-1.489430e-06
5.616777201000463e-03	9.684134e-07
5.626777201000463e-03	-1.489429e-06
5.636777201000463e-03	9.684130e-07
5.646777201000462e-03	-1.489429e-06
5.656777201000463e-03	9.684126e-07
5.666777201000462e-03	-1.489429e-06
5.676777201000463e-03	9.684122e-07
5.686777201000462e-03	-1.489428e-06
5.696777201000463e-03	9.684119e-07
5.706777201000462e-03	-1.489428e-06
5.716777201000463e-03	9.684115e-07
5.726777201000463e-03	-1.489428e-06
5.736777201000463e-03	9.684112e-07
5.746777201000463e-03	-1.489427e-06
5.756777201000463e-03	9.684109e-07
5.766777201000463e-03	-1.489427e-06
5.776777201000463e-03	9.684105e-07
5.786777201000463e-03	-1.489427e-06
5.796777201000462e-03	9.684102e-07
5.806777201000463e-03	-1.489426e-06
5.816777201000462e-03	9.684097e-07
5.826777201000463e-03	-1.489426e-06
5.836777201000462e-03	9.684094e-07
5.846777201000463e-03	-1.489426e-06
5.856777201000462e-03	9.684090e-07
5.866777201000463e-03	-1.489425e-06
5.876777201000462e-03	9.684087e-07
5.886777201000463e-03	-1.489425e-06
5.896777201000463e-03	9.684084e-07
5.906777201000463e-03	-1.489425e-06
5.916777201000463e-03	9.684080e-07
5.926777201000463e-03	-1.489424e-06
5.936777201000463e-03	9.684077e-07
5.946777201000463e-03	-1.489424e-06
5.956777201000463e-03	9.684073e-07
5.966777201000462e-03	-1.489424e-06
5.976777201000463e-03	9.684070e-07
5.986777201000462e-03	-1.489423e-06
5.996777201000463e-03	9.684065e-07
6.006777201000462e-03	-1.489423e-06
6.016777201000463e-03	9.684062e-07
6.026777201000462e-03	-1.489423e-06
6.036777201000463e-03	9.684059e-07
6.046777201000463e-03	-1.489422e-06
6.056777201000463e-03	9.684055e-07
6.066777201000463e-03	-1.489422e-06
6.076777201000463e-03	9.684052e-07
6.086777201000463e-03	-1.489421e-06
6.096777201000463e-03	9.684048e-07
6.106777201000463e-03	-1.489421e-06
6.116777201000462e-03	9.684045e-07
6.126777201000463e-03	-1.489421e-06
6.136777201000462e-03	9.684042e-07
6.146777201000463e-03	-1.489420e-06
6.156777201000462e-03	9.684038e-07
6.166777201000463e-03	-1.489420e-06
6.176777201000462e-03	9.684035e-07
6.186777201000463e-03	-1.489420e-06
6.196777201000462e-03	9.684030e-07
6.206777201000463e-03	-1.489419e-06
6.216777201000463e-03	9.684027e-07
6.226777201000463e-03	-1.489419e-06
6.236777201000463e-03	9.684023e-07
6.246777201000463e-03	-1.489419e-06
6.256777201000463e-03	9.684020e-07
6.266777201000463e-03	-1.489418e-06
6.276777201000463e-03	9.684017e-07
6.286777201000462e-03	-1.489418e-06
6.296777201000463e-03	9.684013e-07
6.306777201000462e-03	-1.489418e-06
6.316777201000463e-03	9.684010e-07
6.326777201000462e-03	-1.489417e-06
6.336777201000463e-03	9.684006e-07
6.346777201000462e-03	-1.489417e-06
6.356777201000463e-03	9.684003e-07
6.366777201000462e-03	-1.489417e-06
6.376777201000463e-03	9.683998e-07
6.386777201000463e-03	-1.489416e-06
6.396777201000463e-03	9.683995e-07
6.406777201000463e-03	-1.489416e-06
6.416777201000463e-03	9.683991e-07
6.426777201000463e-03	-1.489416e-06
6.436777201000462e-03	9.683988e-07
6.446777201000463e-03	-1.489415e-06
6.456777201000462e-03	9.683985e-07
6.466777201000463e-03	-1.489415e-06
6.476777201000462e-03	9.683981e-07
6.486777201000463e-03	-1.489414e-06
6.496777201000462e-03	9.683978e-07
6.506777201000463e-03	-1.489414e-06
6.516777201000462e-03	9.683974e-07
6.526777201000463e-03	-1.489414e-06
6.536777201000462e-03	9.683971e-07
6.546777201000463e-03	-1.489413e-06
6.556777201000463e-03	9.683966e-07
6.566777201000463e-03	-1.489413e-06
6.576777201000463e-03	9.683963e-07
6.586777201000463e-03	-1.489413e-06
6.596777201000463e-03	9.683960e-07
6.606777201000462e-03	-1.489412e-06
6.616777201000463e-03	9.683956e-07
6.626777201000462e-03	-1.489412e-06
6.636777201000463e-03	9.683953e-07
6.646777201000462e-03	-1.489412e-06
6.656777201000463e-03	9.683949e-07
6.666777201000462e-03	-1.489411e-06
6.676777201000463e-03	9.683946e-07
6.686777201000462e-03	-1.489411e-06
6.696777201000463e-03	9.683943e-07
6.706777201000463e-03	-1.489411e-06
6.716777201000463e-03	9.683939e-07
6.726777201000463e-03	-1.489410e-06
6.736777201000463e-03	9.683935e-07
6.746777201000463e-03	-1.489410e-06
6.756777201000462e-03	9.683931e-07
6.766777201000463e-03	-1.489410e-06
6.776777201000462e-03	9.683928e-07
6.786777201000463e-03	-1.489409e-06
6.796777201000462e-03	9.683924e-07
6.806777201000463e-03	-1.489409e-06
6.816777201000462e-03	9.683921e-07
6.826777201000463e-03	-1.489409e-06
6.836777201000462e-03	9.683918e-07
6.846777201000463e-03	-1.489408e-06
6.856777201000462e-03	9.683914e-07
6.866777201000463e-03	-1.489408e-06
6.876777201000463e-03	9.683911e-07
6.886777201000463e-03	-1.489408e-06
6.896777201000463e-03	9.683906e-07
6.906777201000463e-03	-1.489407e-06
6.916777201000463e-03	9.683903e-07
6.926777201000462e-03	-1.489407e-06
6.936777201000463e-03	9.683899e-07
6.946777201000462e-03	-1.489406e-06
6.956777201000463e-03	9.683896e-07
6.966777201000462e-03	-1.489406e-06
6.976777201000463e-03	9.683893e-07
6.986777201000462e-03	-1.489406e-06
6.996777201000463e-03	9.683889e-07
7.006777201000462e-03	-1.489405e-06
7.016777201000463e-03	9.683886e-07
7.026777201000462e-03	-1.489405e-06
7.036777201000463e-03	9.683882e-07
7.046777201000463e-03	-1.489405e-06
7.056777201000463e-03	9.683879e-07
7.066777201000463e-03	-1.489404e-06
7.076777201000462e-03	9.683874e-07
7.086777201000463e-03	-1.489404e-06
7.096777201000462e-03	9.683871e-07
7.106777201000463e-03	-1.489404e-06
7.116777201000462e-03	9.683868e-07
7.126777201000463e-03	-1.489403e-06
7.136777201000462e-03	9.683864e-07
7.146777201000463e-03	-1.489403e-06
7.156777201000462e-03	9.683861e-07
7.166777201000463e-03	-1.489403e-06
7.176777201000462e-03	9.683857e-07
7.186777201000463e-03	-1.489402e-06
7.196777201000462e-03	9.683854e-07
7.206777201000463e-03	-1.489402e-06
7.216777201000463e-03	9.683851e-07
7.226777201000463e-03	-1.489401e-06
7.236777201000463e-03	9.683846e-07
7.246777201000462e-03	-1.489401e-06
7.256777201000463e-03	9.683843e-07
7.266777201000462e-03	-1.489401e-06
7.276777201000463e-03	9.683839e-07
7.286777201000462e-03	-1.489400e-06
7.296777201000463e-03	9.683836e-07
7.306777201000462e-03	-1.489400e-06
7.316777201000463e-03	9.683832e-07
7.326777201000462e-03	-1.489400e-06
7.336777201000463e-03	9.683829e-07
7.346777201000462e-03	-1.489399e-06
7.356777201000463e-03	9.683826e-07
7.366777201000463e-03	-1.489399e-06
7.376777201000463e-03	9.683822e-07
7.386777201000463e-03	-1.489399e-06
7.396777201000462e-03	9.683818e-07
7.406777201000463e-03	-1.489398e-06
7.416777201000462e-03	9.683814e-07
7.426777201000463e-03	-1.489398e-06
7.436777201000462e-03	9.683811e-07
7.446777201000463e-03	-1.489398e-06
7.456777201000462e-03	9.683807e-07
7.466777201000463e-03	-1.489397e-06
7.476777201000462e-03	9.683804e-07
7.486777201000463e-03	-1.489397e-06
7.496777201000462e-03	9.683800e-07
7.506777201000463e-03	-1.489396e-06
7.516777201000462e-03	9.683797e-07
7.526777201000463e-03	-1.489396e-06
7.536777201000463e-03	9.683794e-07
7.546777201000463e-03	-1.489396e-06
7.556777201000463e-03	9.683789e-07
7.566777201000462e-03	-1.489395e-06
7.576777201000463e-03	9.683786e-07
7.586777201000462e-03	-1.489395e-06
7.596777201000463e-03	9.683782e-07
7.606777201000462e-03	-1.489395e-06
7.616777201000463e-03	9.683779e-07
7.626777201000462e-03	-1.489394e-06
7.636777201000463e-03	9.683775e-07
7.646777201000462e-03	-1.489394e-06
7.656777201000463e-03	9.683772e-07
7.666777201000462e-03	-1.489394e-06
7.676777201000463e-03	9.683769e-07
7.686777201000462e-03	-1.489393e-06
7.696777201000463e-03	9.683764e-07
7.706777201000463e-03	-1.489393e-06
7.716777201000462e-03	9.683761e-07
7.726777201000463e-03	-1.489393e-06
7.736777201000462e-03	9.683757e-07
7.746777201000463e-03	-1.489392e-06
7.756777201000462e-03	9.683754e-07
7.766777201000463e-03	-1.489392e-06
7.776777201000462e-03	9.683750e-07
7.786777201000463e-03	-1.489391e-06
7.796777201000462e-03	9.683747e-07
7.806777201000463e-03	-1.489391e-06
7.816777201000463e-03	9.683744e-07
7.826777201000463e-03	-1.489391e-06
7.836777201000462e-03	9.683740e-07
7.846777201000462e-03	-1.489390e-06
7.856777201000463e-03	9.683736e-07
7.866777201000463e-03	-1.489390e-06
7.876777201000463e-03	9.683732e-07
7.886777201000462e-03	-1.489390e-06
7.896777201000462e-03	9.683729e-07
7.906777201000463e-03	-1.489389e-06
7.916777201000463e-03	9.683725e-07
7.926777201000462e-03	-1.489389e-06
7.936777201000462e-03	9.683722e-07
7.946777201000463e-03	-1.489389e-06
7.956777201000463e-03	9.683719e-07
7.966777201000462e-03	-1.489388e-06
7.976777201000462e-03	9.683715e-07
7.986777201000463e-03	-1.489388e-06
7.996777201000463e-03	9.683711e-07
8.006777201000462e-03	-1.489388e-06
8.016777201000462e-03	9.683707e-07
8.026777201000463e-03	-1.489387e-06
8.036777201000463e-03	9.683704e-07
8.046777201000463e-03	-1.489387e-06
8.056777201000462e-03	9.683700e-07
8.066777201000462e-03	-1.489386e-06
8.076777201000463e-03	9.683697e-07
8.086777201000463e-03	-1.489386e-06
8.096777201000462e-03	9.683694e-07
8.106777201000462e-03	-1.489386e-06
8.116777201000463e-03	9.683690e-07
8.126777201000463e-03	-1.489385e-06
8.136777201000462e-03	9.683686e-07
8.146777201000462e-03	-1.489385e-06
8.156777201000463e-03	9.683682e-07
8.166777201000463e-03	-1.489385e-06
8.176777201000462e-03	9.683679e-07
8.186777201000462e-03	-1.489384e-06
8.196777201000462e-03	9.683675e-07
8.206777201000463e-03	-1.489384e-06
8.216777201000463e-03	9.683672e-07
8.226777201000462e-03	-1.489384e-06
8.236777201000462e-03	9.683669e-07
8.246777201000463e-03	-1.489383e-06
8.256777201000463e-03	9.683665e-07
8.266777201000462e-03	-1.489383e-06
8.276777201000462e-03	9.683661e-07
8.286777201000463e-03	-1.489383e-06
8.296777201000463e-03	9.683657e-07
8.306777201000462e-03	-1.489382e-06
8.316777201000462e-03	9.683654e-07
8.326777201000463e-03	-1.489382e-06
8.336777201000463e-03	9.683650e-07
8.346777201000462e-03	-1.489381e-06
8.356777201000462e-03	9.683647e-07
8.366777201000462e-03	-1.489381e-06
8.376777201000463e-03	9.683644e-07
8.386777201000463e-03	-1.489381e-06
8.396777201000462e-03	9.683640e-07
8.406777201000462e-03	-1.489380e-06
8.416777201000463e-03	9.683636e-07
8.426777201000463e-03	-1.489380e-06
8.436777201000462e-03	9.683632e-07
8.446777201000462e-03	-1.489380e-06
8.456777201000463e-03	9.683629e-07
8.466777201000463e-03	-1.489379e-06
8.476777201000462e-03	9.683625e-07
8.486777201000462e-03	-1.489379e-06
8.496777201000463e-03	9.683622e-07
8.506777201000463e-03	-1.489379e-06
8.516777201000462e-03	9.683619e-07
8.526777201000462e-03	-1.489378e-06
8.536777201000462e-03	9.683614e-07
8.546777201000463e-03	-1.489378e-06
8.556777201000463e-03	9.683611e-07
8.566777201000462e-03	-1.489378e-06
8.576777201000462e-03	9.683607e-07
8.586777201000463e-03	-1.489377e-06
8.596777201000463e-03	9.683604e-07
8.606777201000462e-03	-1.489377e-06
8.616777201000462e-03	9.683600e-07
8.626777201000463e-03	-1.489376e-06
8.636777201000463e-03	9.683597e-07
8.646777201000462e-03	-1.489376e-06
8.656777201000462e-03	9.683594e-07
8.666777201000463e-03	-1.489376e-06
8.676777201000463e-03	9.683589e-07
8.686777201000462e-03	-1.489375e-06
8.696777201000462e-03	9.683586e-07
8.706777201000462e-03	-1.489375e-06
8.716777201000463e-03	9.683582e-07
8.726777201000463e-03	-1.489375e-06
8.736777201000462e-03	9.683579e-07
8.746777201000462e-03	-1.489374e-06
8.756777201000463e-03	9.683575e-07
8.766777201000463e-03	-1.489374e-06
8.776777201000462e-03	9.683572e-07
8.786777201000462e-03	-1.489374e-06
8.796777201000463e-03	9.683567e-07
8.806777201000463e-03	-1.489373e-06
8.816777201000462e-03	9.683564e-07
8.826777201000462e-03	-1.489373e-06
8.836777201000462e-03	9.683561e-07
8.846777201000463e-03	-1.489373e-06
8.856777201000463e-03	9.683557e-07
8.866777201000462e-03	-1.489372e-06
8.876777201000462e-03	9.683554e-07
8.886777201000463e-03	-1.489372e-06
8.896777201000463e-03	9.683550e-07
8.906777201000462e-03	-1.489371e-06
8.916777201000462e-03	9.683547e-07
8.926777201000463e-03	-1.489371e-06
8.936777201000463e-03	9.683542e-07
8.946777201000462e-03	-1.489371e-06
8.956777201000462e-03	9.683539e-07
8.966777201000463e-03	-1.489370e-06
8.976777201000463e-03	9.683536e-07
8.986777201000462e-03	-1.489370e-06
8.996777201000462e-03	9.683532e-07
9.006777201000462e-03	-1.489370e-06
9.016777201000463e-03	9.683529e-07
9.026777201000463e-03	-1.489369e-06
9.036777201000462e-03	9.683525e-07
9.046777201000462e-03	-1.489369e-06
9.056777201000463e-03	9.683521e-07
9.066777201000463e-03	-1.489369e-06
9.076777201000462e-03	9.683517e-07
9.086777201000462e-03	-1.489368e-06
9.096777201000463e-03	9.683514e-07
9.106777201000463e-03	-1.489368e-06
9.116777201000462e-03	9.683511e-07
9.126777201000462e-03	-1.489367e-06
9.136777201000463e-03	9.683507e-07
9.146777201000463e-03	-1.489367e-06
9.156777201000462e-03	9.683504e-07
9.166777201000462e-03	-1.489367e-06
9.176777201000462e-03	9.683499e-07
9.186777201000463e-03	-1.489366e-06
9.196777201000463e-03	9.683496e-07
9.206777201000462e-03	-1.489366e-06
9.216777201000462e-03	9.683492e-07
9.226777201000463e-03	-1.489366e-06
9.236777201000463e-03	9.683489e-07
9.246777201000462e-03	-1.489365e-06
9.256777201000462e-03	9.683486e-07
9.266777201000463e-03	-1.489365e-06
9.276777201000463e-03	9.683482e-07
9.286777201000462e-03	-1.489365e-06
9.296777201000462e-03	9.683478e-07
9.306777201000463e-03	-1.489364e-06
9.316777201000463e-03	9.683474e-07
9.326777201000462e-03	-1.489364e-06
9.336777201000462e-03	9.683471e-07
9.346777201000462e-03	-1.489364e-06
9.356777201000463e-03	9.683467e-07
9.366777201000463e-03	-1.489363e-06
9.376777201000462e-03	9.683464e-07
9.386777201000462e-03	-1.489363e-06
9.396777201000463e-03	9.683461e-07
9.406777201000463e-03	-1.489362e-06
9.416777201000462e-03	9.683456e-07
9.426777201000462e-03	-1.489362e-06
9.436777201000463e-03	9.683453e-07
9.446777201000463e-03	-1.489362e-06
9.456777201000462e-03	9.683449e-07
9.466777201000462e-03	-1.489361e-06
9.476777201000462e-03	9.683446e-07
9.486777201000463e-03	-1.489361e-06
9.496777201000462e-03	9.683442e-07
9.506777201000462e-03	-1.489361e-06
9.516777201000462e-03	9.683439e-07
9.526777201000463e-03	-1.489360e-06
9.536777201000463e-03	9.683434e-07
9.546777201000462e-03	-1.489360e-06
9.556777201000462e-03	9.683431e-07
9.566777201000463e-03	-1.489360e-06
9.576777201000463e-03	9.683428e-07
9.586777201000462e-03	-1.489359e-06
9.596777201000462e-03	9.683424e-07
9.606777201000463e-03	-1.489359e-06
9.616777201000463e-03	9.683421e-07
9.626777201000462e-03	-1.489359e-06
9.636777201000462e-03	9.683417e-07
9.646777201000462e-03	-1.489358e-06
9.656777201000463e-03	9.683413e-07
9.666777201000462e-03	-1.489358e-06
9.676777201000462e-03	9.683409e-07
9.686777201000462e-03	-1.489357e-06
9.696777201000463e-03	9.683406e-07
9.706777201000463e-03	-1.489357e-06
9.716777201000462e-03	9.683403e-07
9.726777201000462e-03	-1.489357e-06
9.736777201000463e-03	9.683399e-07
9.746777201000463e-03	-1.489356e-06
9.756777201000462e-03	9.683396e-07
9.766777201000462e-03	-1.489356e-06
9.776777201000463e-03	9.683391e-07
9.786777201000463e-03	-1.489356e-06
9.796777201000462e-03	9.683388e-07
9.806777201000462e-03	-1.489355e-06
9.816777201000462e-03	9.683384e-07
9.826777201000463e-03	-1.489355e-06
9.836777201000462e-03	9.683381e-07
9.846777201000462e-03	-1.489355e-06
9.856777201000462e-03	9.683378e-07
9.866777201000463e-03	-1.489354e-06
9.876777201000463e-03	9.683374e-07
9.886777201000462e-03	-1.489354e-06
9.896777201000462e-03	9.683370e-07
9.906777201000463e-03	-1.489354e-06
9.916777201000463e-03	9.683366e-07
9.926777201000462e-03	-1.489353e-06
9.936777201000462e-03	9.683363e-07
9.946777201000463e-03	-1.489353e-06
9.956777201000463e-03	9.683359e-07
9.966777201000462e-03	-1.489352e-06
9.976777201000462e-03	9.683356e-07
9.986777201000462e-03	-1.489352e-06
9.996777201000463e-03	9.683351e-07
1.000000000000000e-02	-1.489352e-06
1.000000000100000e-02	1.718163e-07
1.000000000200000e-02	-5.508336e-07
1.000000000440036e-02	-1.512595e-07
1.000000000670974e-02	-3.729883e-07
1.000000001132851e-02	-1.959107e-07
1.000000002056605e-02	-3.114717e-07
1.000000003904114e-02	-2.015632e-07
1.000000007599130e-02	-3.097453e-07
1.000000014989163e-02	-2.102922e-07
1.000000029769228e-02	-3.101004e-07
1.000000059329359e-02	-2.109997e-07
1.000000118449621e-02	-3.083446e-07
1.000000236690145e-02	-2.077726e-07
1.000000473171193e-02	-3.005442e-07
1.000000946133288e-02	-1.939230e-07
1.000001768974454e-02	-2.825555e-07
1.000002963193180e-02	-1.779803e-07
1.000005351630632e-02	-2.709852e-07
1.000010099211722e-02	-1.716655e-07
1.000015399174582e-02	-2.670492e-07
1.000020605492797e-02	-1.521636e-07
1.000026204290267e-02	-2.143259e-07
1.000031701510431e-02	-6.698463e-08
1.000042695950758e-02	-3.936162e-08
1.000045444560840e-02	4.484298e-08
1.000050941781004e-02	1.148947e-07
1.000061936221331e-02	2.509730e-07
1.000083925101986e-02	4.889873e-07
1.000118355096420e-02	7.443910e-07
1.000178014341562e-02	9.161228e-07
1.000250495157268e-02	8.810727e-07
1.000264196014501e-02	8.605524e-07
1.000291597728967e-02	8.168192e-07
1.000346401157899e-02	7.218740e-07
1.000456008015762e-02	5.258385e-07
1.000675221731489e-02	-6.692352e-07
1.000947219981346e-02	-2.806832e-06
1.001364843820947e-02	-1.277631e-05
1.001755033682161e-02	-8.414352e-05
1.002032578568205e-02	-3.828856e-05
1.002167795162441e-02	-3.124777e-05
1.002254909615271e-02	-1.604306e-05
1.002341866836992e-02	-2.594733e-05
1.002430851603807e-02	-1.502065e-05
1.002540613343013e-02	-2.557222e-05
1.002662233913987e-02	-1.628541e-05
1.002792091209103e-02	-2.699104e-05
1.003007300108911e-02	-1.868521e-05
1.003211722094055e-02	-2.951322e-05
1.003620566064344e-02	-2.198874e-05
1.004137179308876e-02	-3.307622e-05
1.005137179308876e-02	-2.383988e-05
1.006137179308876e-02	-3.004567e-05
1.007137179308876e-02	-1.700339e-05
1.008137179308876e-02	-2.341315e-05
1.009137179308876e-02	-1.145624e-05
1.010000000000000e-02	-1.888732e-05
1.010000000100000e-02	-1.252642e-05
1.010000001700000e-02	-1.750433e-05
1.010000004900000e-02	-1.472131e-05
1.010000011300000e-02	-1.799907e-05
1.010000024100000e-02	-1.502233e-05
1.010000049700000e-02	-1.764216e-05
1.010000100900000e-02	-1.464778e-05
1.010000203300000e-02	-1.725226e-05
1.010000408100000e-02	-1.425202e-05
1.010000817700000e-02	-1.666607e-05
1.010001636900000e-02	-1.340719e-05
1.010003275300001e-02	-1.575689e-05
1.010006552100002e-02	-1.281707e-05
1.010013105700003e-02	-1.559592e-05
1.010026212900006e-02	-1.278456e-05
1.010052427300013e-02	-1.551094e-05
1.010104856100025e-02	-1.262157e-05
1.010209713700050e-02	-1.518779e-05
1.010419428900100e-02	-1.199294e-05
1.010838859300201e-02	-1.398497e-05
1.011677720100402e-02	-9.774931e-06
1.012677720100402e-02	-1.107662e-05
1.013677720100402e-02	-7.027969e-06
1.014677720100401e-02	-9.896410e-03
1.015277249928206e-02	-9.545376e-02
1.015622030549674e-02	-1.320178e-01
1.015961392045091e-02	-1.411894e-01
1.016248219027752e-02	-1.474975e-01
1.016508546419937e-02	-1.535157e-01
1.017029201204307e-02	-1.648202e-01
1.018029201204307e-02	-1.863959e-01
1.019029201204307e-02	-2.053212e-01
1.020029201204307e-02	-2.107871e-01
1.021029201204307e-02	-2.112542e-01
1.022029201204307e-02	-2.114599e-01
1.023029201204307e-02	-2.111377e-01
1.024029201204307e-02	-2.106986e-01
1.025029201204307e-02	-2.099870e-01
1.026029201204307e-02	-2.092603e-01
1.027029201204307e-02	-2.083374e-01
1.028029201204307e-02	-2.074603e-01
1.029029201204307e-02	-2.064390e-01
1.030029201204307e-02	-2.055090e-01
1.031029201204307e-02	-2.044846e-01
1.032029201204307e-02	-2.036229e-01
1.033029201204307e-02	-2.028756e-01
1.034029201204307e-02	-2.028401e-01
1.035029201204307e-02	-2.026508e-01
1.036029201204307e-02	-2.024210e-01
1.037029201204307e-02	-2.015454e-01
1.038029201204307e-02	-1.951985e-01
1.039029201204307e-02	-1.813556e-01
1.040029201204307e-02	-1.663099e-01
1.041029201204307e-02	-1.584754e-01
1.042029201204307e-02	-1.562626e-01
1.043029201204307e-02	-1.554745e-01
1.044029201204307e-02	-1.556855e-01
1.045029201204307e-02	-1.558770e-01
1.046029201204307e-02	-1.561095e-01
1.047029201204307e-02	-1.562212e-01
1.048029201204307e-02	-1.563911e-01
1.049029201204307e-02	-1.564526e-01
1.050029201204307e-02	-1.565820e-01
1.051029201204307e-02	-1.566096e-01
1.052029201204307e-02	-1.567108e-01
1.053029201204307e-02	-1.567142e-01
1.054029201204307e-02	-1.567947e-01
1.055029201204307e-02	-1.567798e-01
1.056029201204307e-02	-1.568444e-01
1.057029201204307e-02	-1.568043e-01
1.058029201204307e-02	-1.567732e-01
1.059029201204307e-02	-1.565204e-01
1.060029201204307e-02	-1.562159e-01
1.061029201204307e-02	-1.557065e-01
1.062029201204307e-02	-1.551592e-01
1.063029201204307e-02	-1.543882e-01
1.064029201204307e-02	-1.535685e-01
1.065029201204307e-02	-1.525104e-01
1.066029201204307e-02	-1.514109e-01
1.067029201204307e-02	-1.502000e-01
1.068029201204307e-02	-1.491308e-01
1.069029201204307e-02	-1.479996e-01
1.070029201204307e-02	-1.469945e-01
1.071029201204307e-02	-1.459205e-01
1.072029201204307e-02	-1.449711e-01
1.073029201204307e-02	-1.439497e-01
1.074029201204307e-02	-1.430520e-01
1.075029201204307e-02	-1.420791e-01
1.076029201204307e-02	-1.412288e-01
1.077029201204307e-02	-1.402995e-01
1.078029201204307e-02	-1.394906e-01
1.079029201204307e-02	-1.385975e-01
1.080029201204307e-02	-1.378208e-01
1.081029201204307e-02	-1.369516e-01
1.082029201204307e-02	-1.361892e-01
1.083029201204307e-02	-1.353162e-01
1.084029201204307e-02	-1.345208e-01
1.085029201204307e-02	-1.335536e-01
1.086029201204307e-02	-1.325617e-01
1.087029201204307e-02	-1.313142e-01
1.088029201204307e-02	-1.301405e-01
1.089029201204307e-02	-1.289897e-01
1.090029201204307e-02	-1.281494e-01
1.091029201204307e-02	-1.274127e-01
1.092029201204307e-02	-1.269726e-01
1.093029201204307e-02	-1.266033e-01
1.094029201204307e-02	-1.264692e-01
1.095029201204307e-02	-1.263188e-01
1.096029201204307e-02	-1.263186e-01
1.097029201204307e-02	-1.262421e-01
1.098029201204307e-02	-1.262796e-01
1.099029201204307e-02	-1.262208e-01
1.100000000100000e-02	-1.262669e-01
1.100000000200000e-02	-1.262383e-01
1.100000001800000e-02	-1.261749e-01
1.100000005000000e-02	-1.262296e-01
1.100000011400000e-02	-1.261898e-01
1.100000024200000e-02	-1.262389e-01
1.100000049800000e-02	-1.262059e-01
1.100000101000000e-02	-1.262540e-01
1.100000203400000e-02	-1.262155e-01
1.100000408200000e-02	-1.262564e-01
1.100000817800000e-02	-1.262173e-01
1.100001637000000e-02	-1.262595e-01
1.100003275400001e-02	-1.262206e-01
1.100006552200002e-02	-1.262615e-01
1.100013105800003e-02	-1.262210e-01
1.100026213000006e-02	-1.262614e-01
1.100052427400013e-02	-1.262209e-01
1.100104856200025e-02	-1.262611e-01
1.100209713800050e-02	-1.262202e-01
1.100419429000100e-02	-1.262599e-01
1.100838859400201e-02	-1.262180e-01
1.101677720200402e-02	-1.262559e-01
1.102677720200402e-02	-1.262132e-01
1.103677720200402e-02	-1.262518e-01
1.104677720200402e-02	-1.262100e-01
1.105677720200402e-02	-1.262493e-01
1.106677720200402e-02	-1.262079e-01
1.107677720200402e-02	-1.262477e-01
1.108677720200402e-02	-1.262066e-01
1.109677720200402e-02	-1.262466e-01
1.110677720200402e-02	-1.262057e-01
1.111677720200402e-02	-1.262458e-01
1.112677720200402e-02	-1.262051e-01
1.113677720200402e-02	-1.262453e-01
1.114677720200402e-02	-1.262047e-01
1.115677720200402e-02	-1.262450e-01
1.116677720200402e-02	-1.262044e-01
1.117677720200402e-02	-1.262447e-01
1.118677720200402e-02	-1.262042e-01
1.119677720200402e-02	-1.262445e-01
1.120677720200402e-02	-1.262040e-01
1.121677720200402e-02	-1.262444e-01
1.122677720200402e-02	-1.262039e-01
1.123677720200402e-02	-1.262443e-01
1.124677720200402e-02	-1.262039e-01
1.125677720200402e-02	-1.262443e-01
1.126677720200402e-02	-1.262038e-01
1.127677720200402e-02	-1.262442e-01
1.128677720200402e-02	-1.262038e-01
1.129677720200402e-02	-1.262442e-01
1.130677720200402e-02	-1.262038e-01
1.131677720200402e-02	-1.262442e-01
1.132677720200402e-02	-1.262037e-01
1.133677720200402e-02	-1.262442e-01
1.134677720200402e-02	-1.262037e-01
1.135677720200402e-02	-1.262442e-01
1.136677720200402e-02	-1.262037e-01
1.137677720200402e-02	-1.262442e-01
1.138677720200402e-02	-1.262037e-01
1.139677720200402e-02	-1.262442e-01
1.140677720200402e-02	-1.262037e-01
1.141677720200402e-02	-1.262442e-01
1.142677720200402e-02	-1.262037e-01
1.143677720200402e-02	-1.262442e-01
1.144677720200402e-02	-1.262037e-01
1.145677720200402e-02	-1.262442e-01
1.146677720200402e-02	-1.262037e-01
1.147677720200402e-02	-1.262442e-01
1.148677720200402e-02	-1.262037e-01
1.149677720200402e-02	-1.262442e-01
1.150677720200402e-02	-1.262037e-01
1.151677720200402e-02	-1.262442e-01
1.152677720200402e-02	-1.262037e-01
1.153677720200402e-02	-1.262442e-01
1.154677720200402e-02	-1.262037e-01
1.155677720200402e-02	-1.262442e-01
1.156677720200402e-02	-1.262037e-01
1.157677720200402e-02	-1.262442e-01
1.158677720200402e-02	-1.262037e-01
1.159677720200402e-02	-1.262442e-01
1.160677720200402e-02	-1.262037e-01
1.161677720200402e-02	-1.262442e-01
1.162677720200402e-02	-1.262037e-01
1.163677720200402e-02	-1.262442e-01
1.164677720200402e-02	-1.262037e-01
1.165677720200402e-02	-1.262442e-01
1.166677720200402e-02	-1.262037e-01
1.167677720200402e-02	-1.262442e-01
1.168677720200402e-02	-1.262037e-01
1.169677720200402e-02	-1.262442e-01
1.170677720200402e-02	-1.262037e-01
1.171677720200402e-02	-1.262442e-01
1.172677720200402e-02	-1.262037e-01
1.173677720200402e-02	-1.262442e-01
1.174677720200402e-02	-1.262037e-01
1.175677720200402e-02	-1.262442e-01
1.176677720200402e-02	-1.262037e-01
1.177677720200402e-02	-1.262442e-01
1.178677720200402e-02	-1.262037e-01
1.179677720200402e-02	-1.262442e-01
1.180677720200402e-02	-1.262037e-01
1.181677720200402e-02	-1.262442e-01
1.182677720200402e-02	-1.262037e-01
1.183677720200402e-02	-1.262442e-01
1.184677720200402e-02	-1.262037e-01
1.185677720200402e-02	-1.262442e-01
1.186677720200402e-02	-1.262037e-01
1.187677720200402e-02	-1.262442e-01
1.188677720200402e-02	-1.262037e-01
1.189677720200402e-02	-1.262442e-01
1.190677720200402e-02	-1.262037e-01
1.191677720200402e-02	-1.262442e-01
1.192677720200402e-02	-1.262037e-01
1.193677720200402e-02	-1.262442e-01
1.194677720200402e-02	-1.262037e-01
1.195677720200402e-02	-1.262442e-01
1.196677720200402e-02	-1.262037e-01
1.197677720200402e-02	-1.262442e-01
1.198677720200402e-02	-1.262037e-01
1.199677720200402e-02	-1.262442e-01
1.200677720200402e-02	-1.262037e-01
1.201677720200402e-02	-1.262442e-01
1.202677720200402e-02	-1.262037e-01
1.203677720200402e-02	-1.262442e-01
1.204677720200402e-02	-1.262037e-01
1.205677720200402e-02	-1.262442e-01
1.206677720200402e-02	-1.262037e-01
1.207677720200402e-02	-1.262442e-01
1.208677720200402e-02	-1.262037e-01
1.209677720200402e-02	-1.262442e-01
1.210677720200402e-02	-1.262037e-01
1.211677720200402e-02	-1.262442e-01
1.212677720200402e-02	-1.262037e-01
1.213677720200402e-02	-1.262442e-01
1.214677720200402e-02	-1.262037e-01
1.215677720200402e-02	-1.262442e-01
1.216677720200402e-02	-1.262037e-01
1.217677720200402e-02	-1.262442e-01
1.218677720200402e-02	-1.262037e-01
1.219677720200402e-02	-1.262442e-01
1.220677720200402e-02	-1.262037e-01
1.221677720200402e-02	-1.262442e-01
1.222677720200402e-02	-1.262037e-01
1.223677720200402e-02	-1.262442e-01
1.224677720200402e-02	-1.262037e-01
1.225677720200402e-02	-1.262442e-01
1.226677720200402e-02	-1.262037e-01
1.227677720200402e-02	-1.262442e-01
1.228677720200402e-02	-1.262037e-01
1.229677720200402e-02	-1.262442e-01
1.230677720200402e-02	-1.262037e-01
1.231677720200402e-02	-1.262442e-01
1.232677720200402e-02	-1.262037e-01
1.233677720200402e-02	-1.262442e-01
1.234677720200402e-02	-1.262037e-01
1.235677720200402e-02	-1.262442e-01
1.236677720200402e-02	-1.262037e-01
1.237677720200402e-02	-1.262442e-01
1.238677720200402e-02	-1.262037e-01
1.239677720200402e-02	-1.262442e-01
1.240677720200402e-02	-1.262037e-01
1.241677720200402e-02	-1.262442e-01
1.242677720200402e-02	-1.262037e-01
1.243677720200402e-02	-1.262442e-01
1.244677720200402e-02	-1.262037e-01
1.245677720200402e-02	-1.262442e-01
1.246677720200402e-02	-1.262037e-01
1.247677720200402e-02	-1.262442e-01
1.248677720200402e-02	-1.262037e-01
1.249677720200402e-02	-1.262442e-01
1.250677720200402e-02	-1.262037e-01
1.251677720200402e-02	-1.262442e-01
1.252677720200402e-02	-1.262037e-01
1.253677720200402e-02	-1.262442e-01
1.254677720200402e-02	-1.262037e-01
1.255677720200402e-02	-1.262442e-01
1.256677720200402e-02	-1.262037e-01
1.257677720200402e-02	-1.262442e-01
1.258677720200402e-02	-1.262037e-01
1.259677720200402e-02	-1.262442e-01
1.260677720200402e-02	-1.262037e-01
1.261677720200402e-02	-1.262442e-01
1.262677720200402e-02	-1.262037e-01
1.263677720200402e-02	-1.262442e-01
1.264677720200402e-02	-1.262037e-01
1.265677720200402e-02	-1.262442e-01
1.266677720200402e-02	-1.262037e-01
1.267677720200402e-02	-1.262442e-01
1.268677720200402e-02	-1.262037e-01
1.269677720200402e-02	-1.262442e-01
1.270677720200402e-02	-1.262037e-01
1.271677720200402e-02	-1.262442e-01
1.272677720200402e-02	-1.262037e-01
1.273677720200402e-02	-1.262442e-01
1.274677720200402e-02	-1.262037e-01
1.275677720200402e-02	-1.262442e-01
1.276677720200402e-02	-1.262037e-01
1.277677720200402e-02	-1.262442e-01
1.278677720200402e-02	-1.262038e-01
1.279677720200402e-02	-1.262442e-01
1.280677720200402e-02	-1.262038e-01
1.281677720200402e-02	-1.262442e-01
1.282677720200402e-02	-1.262038e-01
1.283677720200402e-02	-1.262442e-01
1.284677720200402e-02	-1.262038e-01
1.285677720200402e-02	-1.262442e-01
1.286677720200402e-02	-1.262038e-01
1.287677720200402e-02	-1.262442e-01
1.288677720200402e-02	-1.262038e-01
1.289677720200402e-02	-1.262442e-01
1.290677720200402e-02	-1.262038e-01
1.291677720200402e-02	-1.262442e-01
1.292677720200402e-02	-1.262038e-01
1.293677720200402e-02	-1.262442e-01
1.294677720200402e-02	-1.262038e-01
1.295677720200402e-02	-1.262442e-01
1.296677720200402e-02	-1.262038e-01
1.297677720200402e-02	-1.262442e-01
1.298677720200402e-02	-1.262038e-01
1.299677720200402e-02	-1.262442e-01
1.300677720200402e-02	-1.262038e-01
1.301677720200402e-02	-1.262442e-01
1.302677720200402e-02	-1.262038e-01
1.303677720200402e-02	-1.262442e-01
1.304677720200402e-02	-1.262038e-01
1.305677720200402e-02	-1.262442e-01
1.306677720200402e-02	-1.262038e-01
1.307677720200402e-02	-1.262442e-01
1.308677720200402e-02	-1.262038e-01
1.309677720200402e-02	-1.262442e-01
1.310677720200402e-02	-1.262038e-01
1.311677720200402e-02	-1.262442e-01
1.312677720200402e-02	-1.262038e-01
1.313677720200402e-02	-1.262442e-01
1.314677720200402e-02	-1.262038e-01
1.315677720200402e-02	-1.262442e-01
1.316677720200402e-02	-1.262038e-01
1.317677720200402e-02	-1.262442e-01
1.318677720200402e-02	-1.262038e-01
1.319677720200402e-02	-1.262442e-01
1.320677720200402e-02	-1.262038e-01
1.321677720200402e-02	-1.262442e-01
1.322677720200402e-02	-1.262038e-01
1.323677720200402e-02	-1.262442e-01
1.324677720200402e-02	-1.262038e-01
1.325677720200402e-02	-1.262442e-01
1.326677720200402e-02	-1.262038e-01
1.327677720200402e-02	-1.262442e-01
1.328677720200402e-02	-1.262038e-01
1.329677720200402e-02	-1.262442e-01
1.330677720200402e-02	-1.262038e-01
1.331677720200402e-02	-1.262442e-01
1.332677720200402e-02	-1.262038e-01
1.333677720200402e-02	-1.262442e-01
1.334677720200402e-02	-1.262038e-01
1.335677720200402e-02	-1.262442e-01
1.336677720200402e-02	-1.262038e-01
1.337677720200402e-02	-1.262442e-01
1.338677720200402e-02	-1.262038e-01
1.339677720200402e-02	-1.262442e-01
1.340677720200402e-02	-1.262038e-01
1.341677720200402e-02	-1.262442e-01
1.342677720200402e-02	-1.262038e-01
1.343677720200402e-02	-1.262442e-01
1.344677720200402e-02	-1.262038e-01
1.345677720200402e-02	-1.262442e-01
1.346677720200402e-02	-1.262038e-01
1.347677720200402e-02	-1.262442e-01
1.348677720200402e-02	-1.262038e-01
1.349677720200402e-02	-1.262442e-01
1.350677720200402e-02	-1.262038e-01
1.351677720200402e-02	-1.262442e-01
1.352677720200402e-02	-1.262038e-01
1.353677720200402e-02	-1.262442e-01
1.354677720200402e-02	-1.262038e-01
1.355677720200401e-02	-1.262442e-01
1.356677720200402e-02	-1.262038e-01
1.357677720200402e-02	-1.262442e-01
1.358677720200402e-02	-1.262038e-01
1.359677720200402e-02	-1.262442e-01
1.360677720200402e-02	-1.262038e-01
1.361677720200402e-02	-1.262442e-01
1.362677720200402e-02	-1.262038e-01
1.363677720200402e-02	-1.262442e-01
1.364677720200402e-02	-1.262038e-01
1.365677720200402e-02	-1.262442e-01
1.366677720200402e-02	-1.262038e-01
1.367677720200402e-02	-1.262442e-01
1.368677720200402e-02	-1.262038e-01
1.369677720200402e-02	-1.262442e-01
1.370677720200402e-02	-1.262038e-01
1.371677720200402e-02	-1.262442e-01
1.372677720200401e-02	-1.262038e-01
1.373677720200402e-02	-1.262442e-01
1.374677720200402e-02	-1.262038e-01
1.375677720200402e-02	-1.262442e-01
1.376677720200402e-02	-1.262038e-01
1.377677720200402e-02	-1.262442e-01
1.378677720200402e-02	-1.262038e-01
1.379677720200402e-02	-1.262442e-01
1.380677720200402e-02	-1.262038e-01
1.381677720200402e-02	-1.262442e-01
1.382677720200402e-02	-1.262038e-01
1.383677720200402e-02	-1.262442e-01
1.384677720200402e-02	-1.262038e-01
1.385677720200402e-02	-1.262442e-01
1.386677720200402e-02	-1.262038e-01
1.387677720200402e-02	-1.262442e-01
1.388677720200402e-02	-1.262038e-01
1.389677720200401e-02	-1.262442e-01
1.390677720200402e-02	-1.262038e-01
1.391677720200402e-02	-1.262442e-01
1.392677720200402e-02	-1.262038e-01
1.393677720200402e-02	-1.262442e-01
1.394677720200402e-02	-1.262038e-01
1.395677720200402e-02	-1.262442e-01
1.396677720200402e-02	-1.262038e-01
1.397677720200402e-02	-1.262442e-01
1.398677720200402e-02	-1.262038e-01
1.399677720200402e-02	-1.262442e-01
1.400677720200402e-02	-1.262038e-01
1.401677720200402e-02	-1.262442e-01
1.402677720200402e-02	-1.262038e-01
1.403677720200402e-02	-1.262442e-01
1.404677720200402e-02	-1.262038e-01
1.405677720200402e-02	-1.262442e-01
1.406677720200402e-02	-1.262038e-01
1.407677720200402e-02	-1.262442e-01
1.408677720200402e-02	-1.262038e-01
1.409677720200402e-02	-1.262442e-01
1.410677720200402e-02	-1.262038e-01
1.411677720200402e-02	-1.262442e-01
1.412677720200402e-02	-1.262038e-01
1.413677720200402e-02	-1.262442e-01
1.414677720200402e-02	-1.262038e-01
1.415677720200402e-02	-1.262442e-01
1.416677720200402e-02	-1.262038e-01
1.417677720200402e-02	-1.262442e-01
1.418677720200402e-02	-1.262038e-01
1.419677720200401e-02	-1.262442e-01
1.420677720200402e-02	-1.262038e-01
1.421677720200402e-02	-1.262442e-01
1.422677720200402e-02	-1.262038e-01
1.423677720200402e-02	-1.262442e-01
1.424677720200402e-02	-1.262038e-01
1.425677720200402e-02	-1.262442e-01
1.426677720200402e-02	-1.262038e-01
1.427677720200402e-02	-1.262442e-01
1.428677720200402e-02	-1.262038e-01
1.429677720200402e-02	-1.262442e-01
1.430677720200402e-02	-1.262038e-01
1.431677720200402e-02	-1.262442e-01
1.432677720200402e-02	-1.262038e-01
1.433677720200402e-02	-1.262442e-01
1.434677720200402e-02	-1.262038e-01
1.435677720200402e-02	-1.262442e-01
1.436677720200401e-02	-1.262038e-01
1.437677720200402e-02	-1.262442e-01
1.438677720200402e-02	-1.262038e-01
1.439677720200402e-02	-1.262442e-01
1.440677720200402e-02	-1.262038e-01
1.441677720200402e-02	-1.262442e-01
1.442677720200402e-02	-1.262038e-01
1.443677720200402e-02	-1.262442e-01
1.444677720200402e-02	-1.262038e-01
1.445677720200402e-02	-1.262442e-01
1.446677720200402e-02	-1.262038e-01
1.447677720200402e-02	-1.262442e-01
1.448677720200402e-02	-1.262038e-01
1.449677720200402e-02	-1.262442e-01
1.450677720200402e-02	-1.262038e-01
1.451677720200402e-02	-1.262442e-01
1.452677720200402e-02	-1.262038e-01
1.453677720200401e-02	-1.262442e-01
1.454677720200402e-02	-1.262038e-01
1.455677720200402e-02	-1.262442e-01
1.456677720200402e-02	-1.262038e-01
1.457677720200402e-02	-1.262442e-01
1.458677720200402e-02	-1.262038e-01
1.459677720200402e-02	-1.262442e-01
1.460677720200402e-02	-1.262038e-01
1.461677720200402e-02	-1.262442e-01
1.462677720200402e-02	-1.262038e-01
1.463677720200402e-02	-1.262442e-01
1.464677720200402e-02	-1.262038e-01
1.465677720200402e-02	-1.262442e-01
1.466677720200402e-02	-1.262038e-01
1.467677720200402e-02	-1.262442e-01
1.468677720200402e-02	-1.262038e-01
1.469677720200402e-02	-1.262442e-01
1.470677720200401e-02	-1.262038e-01
1.471677720200402e-02	-1.262442e-01
1.472677720200402e-02	-1.262038e-01
1.473677720200402e-02	-1.262442e-01
1.474677720200402e-02	-1.262038e-01
1.475677720200402e-02	-1.262442e-01
1.476677720200402e-02	-1.262038e-01
1.477677720200402e-02	-1.262442e-01
1.478677720200402e-02	-1.262038e-01
1.479677720200402e-02	-1.262442e-01
1.480677720200402e-02	-1.262038e-01
1.481677720200402e-02	-1.262442e-01
1.482677720200402e-02	-1.262038e-01
1.483677720200401e-02	-1.262442e-01
1.484677720200402e-02	-1.262038e-01
1.485677720200402e-02	-1.262442e-01
1.486677720200402e-02	-1.262038e-01
1.487677720200401e-02	-1.262442e-01
1.488677720200402e-02	-1.262038e-01
1.489677720200402e-02	-1.262442e-01
1.490677720200402e-02	-1.262038e-01
1.491677720200402e-02	-1.262442e-01
1.492677720200402e-02	-1.262038e-01
1.493677720200402e-02	-1.262442e-01
1.494677720200402e-02	-1.262038e-01
1.495677720200402e-02	-1.262442e-01
1.496677720200402e-02	-1.262038e-01
1.497677720200402e-02	-1.262442e-01
1.498677720200402e-02	-1.262038e-01
1.499677720200402e-02	-1.262442e-01
1.500677720200401e-02	-1.262038e-01
1.501677720200402e-02	-1.262442e-01
1.502677720200402e-02	-1.262038e-01
1.503677720200402e-02	-1.262442e-01
1.504677720200401e-02	-1.262038e-01
1.505677720200402e-02	-1.262442e-01
1.506677720200402e-02	-1.262038e-01
1.507677720200402e-02	-1.262442e-01
1.508677720200402e-02	-1.262038e-01
1.509677720200402e-02	-1.262442e-01
1.510677720200402e-02	-1.262038e-01
1.511677720200402e-02	-1.262442e-01
1.512677720200402e-02	-1.262038e-01
1.513677720200402e-02	-1.262442e-01
1.514677720200402e-02	-1.262038e-01
1.515677720200402e-02	-1.262442e-01
1.516677720200402e-02	-1.262038e-01
1.517677720200401e-02	-1.262442e-01
1.518677720200402e-02	-1.262038e-01
1.519677720200402e-02	-1.262442e-01
1.520677720200402e-02	-1.262038e-01
1.521677720200401e-02	-1.262442e-01
1.522677720200402e-02	-1.262038e-01
1.523677720200402e-02	-1.262442e-01
1.524677720200402e-02	-1.262038e-01
1.525677720200402e-02	-1.262442e-01
1.526677720200402e-02	-1.262038e-01
1.527677720200402e-02	-1.262442e-01
1.528677720200402e-02	-1.262038e-01
1.529677720200402e-02	-1.262442e-01
1.530677720200402e-02	-1.262038e-01
1.531677720200402e-02	-1.262442e-01
1.532677720200402e-02	-1.262038e-01
1.533677720200402e-02	-1.262442e-01
1.534677720200401e-02	-1.262038e-01
1.535677720200402e-02	-1.262442e-01
1.536677720200402e-02	-1.262038e-01
1.537677720200402e-02	-1.262442e-01
1.538677720200401e-02	-1.262038e-01
1.539677720200402e-02	-1.262442e-01
1.540677720200402e-02	-1.262038e-01
1.541677720200402e-02	-1.262442e-01
1.542677720200402e-02	-1.262038e-01
1.543677720200402e-02	-1.262442e-01
1.544677720200402e-02	-1.262038e-01
1.545677720200402e-02	-1.262442e-01
1.546677720200402e-02	-1.262038e-01
1.547677720200401e-02	-1.262442e-01
1.548677720200402e-02	-1.262038e-01
1.549677720200402e-02	-1.262442e-01
1.550677720200402e-02	-1.262038e-01
1.551677720200401e-02	-1.262442e-01
1.552677720200402e-02	-1.262038e-01
1.553677720200402e-02	-1.262442e-01
1.554677720200402e-02	-1.262038e-01
1.555677720200402e-02	-1.262442e-01
1.556677720200402e-02	-1.262038e-01
1.557677720200402e-02	-1.262442e-01
1.558677720200402e-02	-1.262038e-01
1.559677720200402e-02	-1.262442e-01
1.560677720200402e-02	-1.262038e-01
1.561677720200402e-02	-1.262442e-01
1.562677720200402e-02	-1.262038e-01
1.563677720200402e-02	-1.262442e-01
1.564677720200401e-02	-1.262038e-01
1.565677720200401e-02	-1.262442e-01
1.566677720200401e-02	-1.262038e-01
1.567677720200402e-02	-1.262442e-01
1.568677720200402e-02	-1.262038e-01
1.569677720200402e-02	-1.262442e-01
1.570677720200402e-02	-1.262038e-01
1.571677720200402e-02	-1.262442e-01
1.572677720200402e-02	-1.262038e-01
1.573677720200401e-02	-1.262442e-01
1.574677720200401e-02	-1.262038e-01
1.575677720200402e-02	-1.262442e-01
1.576677720200402e-02	-1.262038e-01
1.577677720200402e-02	-1.262442e-01
1.578677720200402e-02	-1.262038e-01
1.579677720200402e-02	-1.262442e-01
1.580677720200402e-02	-1.262038e-01
1.581677720200401e-02	-1.262442e-01
1.582677720200401e-02	-1.262038e-01
1.583677720200401e-02	-1.262442e-01
1.584677720200402e-02	-1.262038e-01
1.585677720200402e-02	-1.262442e-01
1.586677720200402e-02	-1.262038e-01
1.587677720200402e-02	-1.262442e-01
1.588677720200402e-02	-1.262038e-01
1.589677720200402e-02	-1.262442e-01
1.590677720200401e-02	-1.262038e-01
1.591677720200401e-02	-1.262442e-01
1.592677720200402e-02	-1.262038e-01
1.593677720200402e-02	-1.262442e-01
1.594677720200402e-02	-1.262038e-01
1.595677720200402e-02	-1.262442e-01
1.596677720200402e-02	-1.262038e-01
1.597677720200402e-02	-1.262442e-01
1.598677720200401e-02	-1.262038e-01
1.599677720200401e-02	-1.262442e-01
1.600677720200401e-02	-1.262038e-01
1.601677720200402e-02	-1.262442e-01
1.602677720200402e-02	-1.262038e-01
1.603677720200402e-02	-1.262442e-01
1.604677720200402e-02	-1.262038e-01
1.605677720200402e-02	-1.262442e-01
1.606677720200402e-02	-1.262038e-01
1.607677720200401e-02	-1.262442e-01
1.608677720200401e-02	-1.262038e-01
1.609677720200402e-02	-1.262442e-01
1.610677720200402e-02	-1.262038e-01
1.611677720200402e-02	-1.262442e-01
1.612677720200402e-02	-1.262038e-01
1.613677720200402e-02	-1.262442e-01
1.614677720200402e-02	-1.262038e-01
1.615677720200401e-02	-1.262442e-01
1.616677720200401e-02	-1.262038e-01
1.617677720200401e-02	-1.262442e-01
1.618677720200402e-02	-1.262038e-01
1.619677720200402e-02	-1.262442e-01
1.620677720200402e-02	-1.262038e-01
1.621677720200402e-02	-1.262442e-01
1.622677720200402e-02	-1.262038e-01
1.623677720200402e-02	-1.262442e-01
1.624677720200401e-02	-1.262038e-01
1.625677720200401e-02	-1.262442e-01
1.626677720200402e-02	-1.262038e-01
1.627677720200402e-02	-1.262442e-01
1.628677720200402e-02	-1.262038e-01
1.629677720200402e-02	-1.262442e-01
1.630677720200402e-02	-1.262038e-01
1.631677720200402e-02	-1.262442e-01
1.632677720200401e-02	-1.262038e-01
1.633677720200401e-02	-1.262442e-01
1.634677720200401e-02	-1.262038e-01
1.635677720200402e-02	-1.262442e-01
1.636677720200402e-02	-1.262038e-01
1.637677720200402e-02	-1.262442e-01
1.638677720200402e-02	-1.262038e-01
1.639677720200402e-02	-1.262442e-01
1.640677720200402e-02	-1.262038e-01
1.641677720200401e-02	-1.262442e-01
1.642677720200401e-02	-1.262038e-01
1.643677720200401e-02	-1.262442e-01
1.644677720200402e-02	-1.262038e-01
1.645677720200402e-02	-1.262442e-01
1.646677720200402e-02	-1.262038e-01
1.647677720200402e-02	-1.262442e-01
1.648677720200402e-02	-1.262038e-01
1.649677720200401e-02	-1.262442e-01
1.650677720200401e-02	-1.262038e-01
1.651677720200401e-02	-1.262442e-01
1.652677720200402e-02	-1.262038e-01
1.653677720200402e-02	-1.262442e-01
1.654677720200402e-02	-1.262038e-01
1.655677720200402e-02	-1.262442e-01
1.656677720200402e-02	-1.262038e-01
1.657677720200402e-02	-1.262442e-01
1.658677720200401e-02	-1.262038e-01
1.659677720200401e-02	-1.262442e-01
1.660677720200401e-02	-1.262038e-01
1.661677720200402e-02	-1.262442e-01
1.662677720200402e-02	-1.262038e-01
1.663677720200402e-02	-1.262442e-01
1.664677720200402e-02	-1.262038e-01
1.665677720200402e-02	-1.262442e-01
1.666677720200401e-02	-1.262038e-01
1.667677720200401e-02	-1.262442e-01
1.668677720200401e-02	-1.262038e-01
1.669677720200402e-02	-1.262442e-01
1.670677720200402e-02	-1.262038e-01
1.671677720200402e-02	-1.262442e-01
1.672677720200402e-02	-1.262038e-01
1.673677720200402e-02	-1.262442e-01
1.674677720200402e-02	-1.262038e-01
1.675677720200401e-02	-1.262442e-01
1.676677720200401e-02	-1.262038e-01
1.677677720200401e-02	-1.262442e-01
1.678677720200402e-02	-1.262038e-01
1.679677720200402e-02	-1.262442e-01
1.680677720200402e-02	-1.262038e-01
1.681677720200402e-02	-1.262442e-01
1.682677720200402e-02	-1.262038e-01
1.683677720200401e-02	-1.262442e-01
1.684677720200401e-02	-1.262038e-01
1.685677720200401e-02	-1.262442e-01
1.686677720200402e-02	-1.262038e-01
1.687677720200402e-02	-1.262442e-01
1.688677720200402e-02	-1.262038e-01
1.689677720200402e-02	-1.262442e-01
1.690677720200402e-02	-1.262038e-01
1.691677720200402e-02	-1.262442e-01
1.692677720200401e-02	-1.262038e-01
1.693677720200401e-02	-1.262442e-01
1.694677720200401e-02	-1.262038e-01
1.695677720200402e-02	-1.262442e-01
1.696677720200402e-02	-1.262038e-01
1.697677720200402e-02	-1.262442e-01
1.698677720200402e-02	-1.262038e-01
1.699677720200402e-02	-1.262442e-01
1.700677720200401e-02	-1.262038e-01
1.701677720200401e-02	-1.262442e-01
1.702677720200401e-02	-1.262038e-01
1.703677720200402e-02	-1.262442e-01
1.704677720200402e-02	-1.262038e-01
1.705677720200402e-02	-1.262442e-01
1.706677720200402e-02	-1.262038e-01
1.707677720200402e-02	-1.262442e-01
1.708677720200402e-02	-1.262038e-01
1.709677720200401e-02	-1.262442e-01
1.710677720200401e-02	-1.262038e-01
1.711677720200401e-02	-1.262442e-01
1.712677720200402e-02	-1.262038e-01
1.713677720200402e-02	-1.262442e-01
1.714677720200402e-02	-1.262038e-01
1.715677720200402e-02	-1.262442e-01
1.716677720200402e-02	-1.262038e-01
1.717677720200401e-02	-1.262442e-01
1.718677720200401e-02	-1.262038e-01
1.719677720200401e-02	-1.262442e-01
1.720677720200402e-02	-1.262038e-01
1.721677720200402e-02	-1.262442e-01
1.722677720200402e-02	-1.262038e-01
1.723677720200402e-02	-1.262442e-01
1.724677720200402e-02	-1.262038e-01
1.725677720200402e-02	-1.262442e-01
1.726677720200401e-02	-1.262038e-01
1.727677720200401e-02	-1.262442e-01
1.728677720200401e-02	-1.262038e-01
1.729677720200402e-02	-1.262442e-01
1.730677720200402e-02	-1.262038e-01
1.731677720200402e-02	-1.262442e-01
1.732677720200402e-02	-1.262038e-01
1.733677720200402e-02	-1.262442e-01
1.734677720200401e-02	-1.262038e-01
1.735677720200401e-02	-1.262442e-01
1.736677720200401e-02	-1.262038e-01
1.737677720200402e-02	-1.262442e-01
1.738677720200402e-02	-1.262038e-01
1.739677720200402e-02	-1.262442e-01
1.740677720200402e-02	-1.262038e-01
1.741677720200402e-02	-1.262442e-01
1.742677720200402e-02	-1.262038e-01
1.743677720200401e-02	-1.262442e-01
1.744677720200401e-02	-1.262038e-01
1.745677720200401e-02	-1.262442e-01
1.746677720200402e-02	-1.262038e-01
1.747677720200402e-02	-1.262442e-01
1.748677720200402e-02	-1.262038e-01
1.749677720200402e-02	-1.262442e-01
1.750677720200402e-02	-1.262038e-01
1.751677720200401e-02	-1.262442e-01
1.752677720200401e-02	-1.262038e-01
1.753677720200401e-02	-1.262442e-01
1.754677720200402e-02	-1.262038e-01
1.755677720200402e-02	-1.262442e-01
1.756677720200402e-02	-1.262038e-01
1.757677720200402e-02	-1.262442e-01
1.758677720200402e-02	-1.262038e-01
1.759677720200402e-02	-1.262442e-01
1.760677720200401e-02	-1.262038e-01
1.761677720200401e-02	-1.262442e-01
1.762677720200401e-02	-1.262038e-01
1.763677720200402e-02	-1.262442e-01
1.764677720200402e-02	-1.262038e-01
1.765677720200402e-02	-1.262442e-01
1.766677720200402e-02	-1.262038e-01
1.767677720200402e-02	-1.262442e-01
1.768677720200401e-02	-1.262038e-01
1.769677720200401e-02	-1.262442e-01
1.770677720200401e-02	-1.262038e-01
1.771677720200401e-02	-1.262442e-01
1.772677720200402e-02	-1.262038e-01
1.773677720200402e-02	-1.262442e-01
1.774677720200402e-02	-1.262038e-01
1.775677720200402e-02	-1.262442e-01
1.776677720200402e-02	-1.262038e-01
1.777677720200401e-02	-1.262442e-01
1.778677720200401e-02	-1.262038e-01
1.779677720200401e-02	-1.262442e-01
1.780677720200402e-02	-1.262038e-01
1.781677720200402e-02	-1.262442e-01
1.782677720200402e-02	-1.262038e-01
1.783677720200402e-02	-1.262442e-01
1.784677720200402e-02	-1.262038e-01
1.785677720200401e-02	-1.262442e-01
1.786677720200401e-02	-1.262038e-01
1.787677720200401e-02	-1.262442e-01
1.788677720200401e-02	-1.262038e-01
1.789677720200402e-02	-1.262442e-01
1.790677720200402e-02	-1.262038e-01
1.791677720200402e-02	-1.262442e-01
1.792677720200402e-02	-1.262038e-01
1.793677720200402e-02	-1.262442e-01
1.794677720200401e-02	-1.262038e-01
1.795677720200401e-02	-1.262442e-01
1.796677720200401e-02	-1.262038e-01
1.797677720200402e-02	-1.262442e-01
1.798677720200402e-02	-1.262038e-01
1.799677720200402e-02	-1.262442e-01
1.800677720200402e-02	-1.262038e-01
1.801677720200402e-02	-1.262442e-01
1.802677720200401e-02	-1.262038e-01
1.803677720200401e-02	-1.262442e-01
1.804677720200401e-02	-1.262038e-01
1.805677720200401e-02	-1.262442e-01
1.806677720200402e-02	-1.262038e-01
1.807677720200402e-02	-1.262442e-01
1.808677720200402e-02	-1.262038e-01
1.809677720200402e-02	-1.262442e-01
1.810677720200402e-02	-1.262038e-01
1.811677720200401e-02	-1.262442e-01
1.812677720200401e-02	-1.262038e-01
1.813677720200401e-02	-1.262442e-01
1.814677720200402e-02	-1.262038e-01
1.815677720200402e-02	-1.262442e-01
1.816677720200402e-02	-1.262038e-01
1.817677720200402e-02	-1.262442e-01
1.818677720200402e-02	-1.262038e-01
1.819677720200401e-02	-1.262442e-01
1.820677720200401e-02	-1.262038e-01
1.821677720200401e-02	-1.262442e-01
1.822677720200401e-02	-1.262038e-01
1.823677720200402e-02	-1.262442e-01
1.824677720200402e-02	-1.262038e-01
1.825677720200402e-02	-1.262442e-01
1.826677720200402e-02	-1.262038e-01
1.827677720200402e-02	-1.262442e-01
1.828677720200401e-02	-1.262038e-01
1.829677720200401e-02	-1.262442e-01
1.830677720200401e-02	-1.262038e-01
1.831677720200402e-02	-1.262442e-01
1.832677720200402e-02	-1.262038e-01
1.833677720200402e-02	-1.262442e-01
1.834677720200402e-02	-1.262038e-01
1.835677720200402e-02	-1.262442e-01
1.836677720200402e-02	-1.262038e-01
1.837677720200401e-02	-1.262442e-01
1.838677720200401e-02	-1.262038e-01
1.839677720200401e-02	-1.262442e-01
1.840677720200402e-02	-1.262038e-01
1.841677720200402e-02	-1.262442e-01
1.842677720200402e-02	-1.262038e-01
1.843677720200402e-02	-1.262442e-01
1.844677720200402e-02	-1.262038e-01
1.845677720200401e-02	-1.262442e-01
1.846677720200401e-02	-1.262038e-01
1.847677720200401e-02	-1.262442e-01
1.848677720200402e-02	-1.262038e-01
1.849677720200402e-02	-1.262442e-01
1.850677720200402e-02	-1.262038e-01
1.851677720200402e-02	-1.262442e-01
1.852677720200402e-02	-1.262038e-01
1.853677720200402e-02	-1.262442e-01
1.854677720200401e-02	-1.262038e-01
1.855677720200401e-02	-1.262442e-01
1.856677720200401e-02	-1.262038e-01
1.857677720200402e-02	-1.262442e-01
1.858677720200402e-02	-1.262038e-01
1.859677720200402e-02	-1.262442e-01
1.860677720200402e-02	-1.262038e-01
1.861677720200402e-02	-1.262442e-01
1.862677720200401e-02	-1.262038e-01
1.863677720200401e-02	-1.262442e-01
1.864677720200401e-02	-1.262038e-01
1.865677720200402e-02	-1.262442e-01
1.866677720200402e-02	-1.262038e-01
1.867677720200402e-02	-1.262442e-01
1.868677720200402e-02	-1.262038e-01
1.869677720200402e-02	-1.262442e-01
1.870677720200402e-02	-1.262038e-01
1.871677720200401e-02	-1.262442e-01
1.872677720200401e-02	-1.262038e-01
1.873677720200401e-02	-1.262442e-01
1.874677720200402e-02	-1.262038e-01
1.875677720200402e-02	-1.262442e-01
1.876677720200402e-02	-1.262038e-01
1.877677720200402e-02	-1.262442e-01
1.878677720200402e-02	-1.262038e-01
1.879677720200401e-02	-1.262442e-01
1.880677720200401e-02	-1.262038e-01
1.881677720200401e-02	-1.262442e-01
1.882677720200402e-02	-1.262038e-01
1.883677720200402e-02	-1.262442e-01
1.884677720200402e-02	-1.262038e-01
1.885677720200402e-02	-1.262442e-01
1.886677720200402e-02	-1.262038e-01
1.887677720200402e-02	-1.262442e-01
1.888677720200401e-02	-1.262038e-01
1.889677720200401e-02	-1.262442e-01
1.890677720200401e-02	-1.262038e-01
1.891677720200402e-02	-1.262442e-01
1.892677720200402e-02	-1.262038e-01
1.893677720200402e-02	-1.262442e-01
1.894677720200402e-02	-1.262038e-01
1.895677720200402e-02	-1.262442e-01
1.896677720200401e-02	-1.262038e-01
1.897677720200401e-02	-1.262442e-01
1.898677720200401e-02	-1.262038e-01
1.899677720200401e-02	-1.262442e-01
1.900677720200402e-02	-1.262038e-01
1.901677720200402e-02	-1.262442e-01
1.902677720200402e-02	-1.262038e-01
1.903677720200402e-02	-1.262442e-01
1.904677720200402e-02	-1.262038e-01
1.905677720200401e-02	-1.262442e-01
1.906677720200401e-02	-1.262038e-01
1.907677720200401e-02	-1.262442e-01
1.908677720200402e-02	-1.262038e-01
1.909677720200402e-02	-1.262442e-01
1.910677720200402e-02	-1.262038e-01
1.911677720200402e-02	-1.262442e-01
1.912677720200402e-02	-1.262038e-01
1.913677720200401e-02	-1.262442e-01
1.914677720200401e-02	-1.262038e-01
1.915677720200401e-02	-1.262442e-01
1.916677720200401e-02	-1.262038e-01
1.917677720200402e-02	-1.262442e-01
1.918677720200402e-02	-1.262038e-01
1.919677720200402e-02	-1.262442e-01
1.920677720200402e-02	-1.262038e-01
1.921677720200402e-02	-1.262442e-01
1.922677720200401e-02	-1.262038e-01
1.923677720200401e-02	-1.262442e-01
1.924677720200401e-02	-1.262038e-01
1.925677720200402e-02	-1.262442e-01
1.926677720200402e-02	-1.262038e-01
1.927677720200402e-02	-1.262442e-01
1.928677720200402e-02	-1.262038e-01
1.929677720200402e-02	-1.262442e-01
1.930677720200401e-02	-1.262038e-01
1.931677720200401e-02	-1.262442e-01
1.932677720200401e-02	-1.262038e-01
1.933677720200401e-02	-1.262442e-01
1.934677720200402e-02	-1.262038e-01
1.935677720200402e-02	-1.262442e-01
1.936677720200402e-02	-1.262038e-01
1.937677720200402e-02	-1.262442e-01
1.938677720200402e-02	-1.262038e-01
1.939677720200401e-02	-1.262442e-01
1.940677720200401e-02	-1.262038e-01
1.941677720200401e-02	-1.262442e-01
1.942677720200402e-02	-1.262038e-01
1.943677720200402e-02	-1.262442e-01
1.944677720200402e-02	-1.262038e-01
1.945677720200402e-02	-1.262442e-01
1.946677720200402e-02	-1.262038e-01
1.947677720200401e-02	-1.262442e-01
1.948677720200401e-02	-1.262038e-01
1.949677720200401e-02	-1.262442e-01
1.950677720200401e-02	-1.262038e-01
1.951677720200402e-02	-1.262442e-01
1.952677720200402e-02	-1.262038e-01
1.953677720200402e-02	-1.262442e-01
1.954677720200402e-02	-1.262038e-01
1.955677720200402e-02	-1.262442e-01
1.956677720200401e-02	-1.262038e-01
1.957677720200401e-02	-1.262442e-01
1.958677720200401e-02	-1.262038e-01
1.959677720200402e-02	-1.262442e-01
1.960677720200402e-02	-1.262038e-01
1.961677720200402e-02	-1.262442e-01
1.962677720200402e-02	-1.262038e-01
1.963677720200402e-02	-1.262442e-01
1.964677720200401e-02	-1.262038e-01
1.965677720200401e-02	-1.262442e-01
1.966677720200401e-02	-1.262038e-01
1.967677720200401e-02	-1.262442e-01
1.968677720200402e-02	-1.262038e-01
1.969677720200402e-02	-1.262442e-01
1.970677720200402e-02	-1.262038e-01
1.971677720200402e-02	-1.262442e-01
1.972677720200402e-02	-1.262038e-01
1.973677720200401e-02	-1.262442e-01
1.974677720200401e-02	-1.262038e-01
1.975677720200401e-02	-1.262442e-01
1.976677720200402e-02	-1.262038e-01
1.977677720200402e-02	-1.262442e-01
1.978677720200402e-02	-1.262038e-01
1.979677720200402e-02	-1.262442e-01
1.980677720200402e-02	-1.262038e-01
1.981677720200401e-02	-1.262442e-01
1.982677720200401e-02	-1.262038e-01
1.983677720200401e-02	-1.262442e-01
1.984677720200401e-02	-1.262038e-01
1.985677720200402e-02	-1.262442e-01
1.986677720200402e-02	-1.262038e-01
1.987677720200402e-02	-1.262442e-01
1.988677720200402e-02	-1.262038e-01
1.989677720200402e-02	-1.262442e-01
1.990677720200401e-02	-1.262038e-01
1.991677720200401e-02	-1.262442e-01
1.992677720200401e-02	-1.262038e-01
1.993677720200402e-02	-1.262442e-01
1.994677720200402e-02	-1.262038e-01
1.995677720200402e-02	-1.262442e-01
1.996677720200402e-02	-1.262038e-01
1.997677720200402e-02	-1.262442e-01
1.998677720200401e-02	-1.262038e-01
1.999677720200401e-02	-1.262442e-01
2.000000000000000e-02	-1.262038e-01
