time	V(out_pos,out_neg)
0.000000000000000e+00	5.006790e-06
9.999999439624929e-11	5.006790e-06
1.999999887924986e-10	5.006790e-06
3.999999775849972e-10	5.006790e-06
7.999999551699943e-10	5.006790e-06
1.599999910339989e-09	5.006790e-06
3.199999820679977e-09	5.006790e-06
6.399999641359955e-09	5.245209e-06
1.279999928271991e-08	5.006790e-06
2.559999856543982e-08	4.053116e-06
5.119999713087964e-08	1.907349e-06
9.252085555450540e-08	1.025200e-05
1.510336381077248e-07	3.552437e-05
2.057411795961891e-07	4.959106e-05
2.712256136408146e-07	3.862381e-05
3.308487844021954e-07	2.741814e-05
4.500951259249572e-07	-1.049042e-05
4.715237994946577e-07	-1.883507e-05
5.143811466340588e-07	-1.835823e-05
6.000958409128609e-07	-1.263618e-05
7.715252294704652e-07	1.072884e-05
1.114384006585674e-06	4.339218e-05
1.680508233312252e-06	5.722046e-06
2.394953908581658e-06	-1.058578e-04
3.411350232638382e-06	-2.992153e-04
5.126386043420963e-06	-8.053780e-04
8.556457664986125e-06	-1.524210e-03
1.541660090811645e-05	1.138687e-03
2.541660090811645e-05	4.580975e-03
3.541660090811645e-05	2.449036e-03
4.541660090811645e-05	-4.935265e-05
5.541660090811645e-05	-1.821041e-03
6.541660090811645e-05	-2.592802e-03
7.541660090811645e-05	-2.427697e-03
8.541660090811645e-05	-1.519799e-03
9.541660090811645e-05	-2.014637e-04
1.000000009999994e-04	-3.850460e-05
1.000000019999994e-04	-3.850460e-05
1.000000179999994e-04	-3.850460e-05
1.000000499999994e-04	-3.838539e-05
1.000001139999994e-04	-3.850460e-05
1.000002419999994e-04	-3.838539e-05
1.000004979999994e-04	-3.850460e-05
1.000010099999994e-04	-3.838539e-05
1.000020339999994e-04	-3.850460e-05
1.000040819999994e-04	-3.850460e-05
1.000081779999994e-04	-3.838539e-05
1.000163699999994e-04	-3.850460e-05
1.000327539999994e-04	-3.850460e-05
1.000655219999995e-04	-3.838539e-05
1.001310579999995e-04	-3.850460e-05
1.002621299999997e-04	-3.838539e-05
1.005242740000000e-04	-3.838539e-05
1.010485620000006e-04	-3.886223e-05
1.020971380000018e-04	-4.315376e-05
1.041942900000042e-04	-7.641315e-05
1.083885940000089e-04	-3.199577e-04
1.167772020000184e-04	-9.623766e-04
1.267772020000184e-04	-1.247168e-03
1.367772020000184e-04	-1.969099e-02
1.467772020000184e-04	-1.079071e-01
1.567772020000184e-04	4.615271e-02
1.648370761366138e-04	1.413867e-01
1.732074283844796e-04	3.707781e-01
1.774363064504269e-04	4.495587e-01
1.812906573433853e-04	5.027711e-01
1.876738121864834e-04	5.833712e-01
1.938106783459822e-04	6.563716e-01
2.038106783459822e-04	7.730401e-01
2.138106783459822e-04	8.875031e-01
2.238106783459822e-04	9.836304e-01
2.338106783459822e-04	1.087332e+00
2.438106783459822e-04	1.226861e+00
2.538106783459821e-04	1.337807e+00
2.638106783459822e-04	1.448793e+00
2.738106783459821e-04	1.560216e+00
2.838106783459822e-04	1.671147e+00
2.938106783459821e-04	1.782354e+00
3.038106783459821e-04	1.893169e+00
3.138106783459821e-04	2.004200e+00
3.238106783459821e-04	2.114784e+00
3.338106783459821e-04	2.225571e+00
3.438106783459821e-04	2.335921e+00
3.538106783459821e-04	2.446644e+00
3.638106783459821e-04	2.500867e+00
3.738106783459821e-04	2.510898e+00
3.838106783459821e-04	2.543393e+00
3.938106783459821e-04	2.538295e+00
4.038106783459821e-04	2.613122e+00
4.105337762675420e-04	2.776293e+00
4.169968904000507e-04	3.026896e+00
4.247054831186082e-04	3.351272e+00
4.320268563133381e-04	3.651889e+00
4.420268563133381e-04	4.003945e+00
4.520268563133381e-04	4.234644e+00
4.620268563133381e-04	4.373946e+00
4.720268563133381e-04	4.488505e+00
4.820268563133381e-04	4.599133e+00
4.920268563133382e-04	4.707895e+00
5.020268563133381e-04	4.815440e+00
5.120268563133381e-04	4.922217e+00
5.220268563133381e-04	5.028340e+00
5.320268563133382e-04	5.133965e+00
5.420268563133381e-04	5.239118e+00
5.520268563133381e-04	5.343904e+00
5.620268563133381e-04	5.448315e+00
5.720268563133382e-04	5.552430e+00
5.820268563133381e-04	5.656226e+00
5.920268563133381e-04	5.759768e+00
6.020268563133381e-04	5.863026e+00
6.120268563133382e-04	5.966059e+00
6.220268563133381e-04	6.068832e+00
6.320268563133381e-04	6.171400e+00
6.420268563133381e-04	6.261167e+00
6.520268563133382e-04	6.316598e+00
6.620268563133381e-04	6.339302e+00
6.720268563133381e-04	6.348615e+00
6.820268563133381e-04	6.354343e+00
6.920268563133382e-04	6.358355e+00
7.020268563133381e-04	6.361300e+00
7.120268563133381e-04	6.363600e+00
7.220268563133381e-04	6.365411e+00
7.320268563133382e-04	6.366916e+00
7.420268563133381e-04	6.368144e+00
7.520268563133381e-04	6.369207e+00
7.620268563133381e-04	6.370089e+00
7.720268563133381e-04	6.370879e+00
7.820268563133381e-04	6.371541e+00
7.920268563133381e-04	6.372150e+00
8.020268563133381e-04	6.372662e+00
8.120268563133381e-04	6.373146e+00
8.220268563133381e-04	6.373550e+00
8.320268563133381e-04	6.373942e+00
8.420268563133381e-04	6.374268e+00
8.520268563133381e-04	6.374591e+00
8.620268563133381e-04	6.374857e+00
8.720268563133381e-04	6.375127e+00
8.820268563133381e-04	6.375346e+00
8.920268563133381e-04	6.375576e+00
9.020268563133381e-04	6.375758e+00
9.120268563133381e-04	6.375955e+00
9.220268563133381e-04	6.376108e+00
9.320268563133381e-04	6.376278e+00
9.420268563133381e-04	6.376407e+00
9.520268563133381e-04	6.376556e+00
9.620268563133381e-04	6.376665e+00
9.720268563133381e-04	6.376795e+00
9.820268563133382e-04	6.376888e+00
9.920268563133382e-04	6.377003e+00
1.000000000000000e-03	6.377059e+00
1.000000001000000e-03	6.377059e+00
1.000000017000000e-03	6.377060e+00
1.000000049000000e-03	6.377061e+00
1.000000113000000e-03	6.377062e+00
1.000000241000000e-03	6.377065e+00
1.000000497000000e-03	6.377068e+00
1.000001009000000e-03	6.377070e+00
1.000002033000000e-03	6.377072e+00
1.000004081000000e-03	6.377072e+00
1.000008177000000e-03	6.377072e+00
1.000016369000001e-03	6.377072e+00
1.000032753000001e-03	6.377072e+00
1.000065521000002e-03	6.377073e+00
1.000131057000004e-03	6.377073e+00
1.000262129000007e-03	6.377074e+00
1.000524273000015e-03	6.377077e+00
1.001048561000029e-03	6.377081e+00
1.002097137000058e-03	6.377091e+00
1.004194289000116e-03	6.377110e+00
1.008388593000232e-03	6.377146e+00
1.016777201000463e-03	6.377216e+00
1.026777201000463e-03	6.377295e+00
1.036777201000463e-03	6.377370e+00
1.046777201000463e-03	6.377439e+00
1.056777201000463e-03	6.377505e+00
1.066777201000463e-03	6.377566e+00
1.076777201000463e-03	6.377624e+00
1.086777201000463e-03	6.377678e+00
1.096777201000463e-03	6.377730e+00
1.106777201000463e-03	6.377778e+00
1.116777201000463e-03	6.377823e+00
1.126777201000463e-03	6.377866e+00
1.136777201000463e-03	6.377907e+00
1.146777201000463e-03	6.377945e+00
1.156777201000463e-03	6.377981e+00
1.166777201000463e-03	6.378014e+00
1.176777201000463e-03	6.378047e+00
1.186777201000463e-03	6.378077e+00
1.196777201000463e-03	6.378106e+00
1.206777201000463e-03	6.378133e+00
1.216777201000463e-03	6.378158e+00
1.226777201000463e-03	6.378182e+00
1.236777201000463e-03	6.378206e+00
1.246777201000463e-03	6.378227e+00
1.256777201000463e-03	6.378248e+00
1.266777201000463e-03	6.378267e+00
1.276777201000463e-03	6.378286e+00
1.286777201000463e-03	6.378304e+00
1.296777201000463e-03	6.378320e+00
1.306777201000463e-03	6.378336e+00
1.316777201000463e-03	6.378351e+00
1.326777201000463e-03	6.378365e+00
1.336777201000463e-03	6.378379e+00
1.346777201000463e-03	6.378391e+00
1.356777201000463e-03	6.378403e+00
1.366777201000463e-03	6.378415e+00
1.376777201000463e-03	6.378426e+00
1.386777201000463e-03	6.378436e+00
1.396777201000463e-03	6.378446e+00
1.406777201000463e-03	6.378455e+00
1.416777201000463e-03	6.378464e+00
1.426777201000463e-03	6.378472e+00
1.436777201000463e-03	6.378480e+00
1.446777201000463e-03	6.378488e+00
1.456777201000463e-03	6.378495e+00
1.466777201000463e-03	6.378502e+00
1.476777201000463e-03	6.378508e+00
1.486777201000463e-03	6.378515e+00
1.496777201000463e-03	6.378520e+00
1.506777201000463e-03	6.378526e+00
1.516777201000463e-03	6.378531e+00
1.526777201000463e-03	6.378536e+00
1.536777201000463e-03	6.378541e+00
1.546777201000463e-03	6.378546e+00
1.556777201000463e-03	6.378550e+00
1.566777201000463e-03	6.378554e+00
1.576777201000463e-03	6.378558e+00
1.586777201000463e-03	6.378562e+00
1.596777201000463e-03	6.378565e+00
1.606777201000463e-03	6.378569e+00
1.616777201000463e-03	6.378572e+00
1.626777201000463e-03	6.378575e+00
1.636777201000463e-03	6.378578e+00
1.646777201000463e-03	6.378581e+00
1.656777201000463e-03	6.378583e+00
1.666777201000463e-03	6.378586e+00
1.676777201000463e-03	6.378588e+00
1.686777201000463e-03	6.378591e+00
1.696777201000463e-03	6.378593e+00
1.706777201000463e-03	6.378595e+00
1.716777201000463e-03	6.378597e+00
1.726777201000463e-03	6.378599e+00
1.736777201000463e-03	6.378600e+00
1.746777201000463e-03	6.378602e+00
1.756777201000463e-03	6.378604e+00
1.766777201000463e-03	6.378605e+00
1.776777201000463e-03	6.378607e+00
1.786777201000463e-03	6.378608e+00
1.796777201000463e-03	6.378609e+00
1.806777201000463e-03	6.378610e+00
1.816777201000463e-03	6.378612e+00
1.826777201000463e-03	6.378613e+00
1.836777201000463e-03	6.378614e+00
1.846777201000463e-03	6.378615e+00
1.856777201000463e-03	6.378616e+00
1.866777201000463e-03	6.378617e+00
1.876777201000463e-03	6.378618e+00
1.886777201000463e-03	6.378618e+00
1.896777201000463e-03	6.378619e+00
1.906777201000463e-03	6.378620e+00
1.916777201000463e-03	6.378621e+00
1.926777201000463e-03	6.378621e+00
1.936777201000463e-03	6.378622e+00
1.946777201000463e-03	6.378623e+00
1.956777201000463e-03	6.378623e+00
1.966777201000463e-03	6.378624e+00
1.976777201000463e-03	6.378624e+00
1.986777201000463e-03	6.378625e+00
1.996777201000463e-03	6.378625e+00
2.006777201000463e-03	6.378626e+00
2.016777201000463e-03	6.378626e+00
2.026777201000463e-03	6.378627e+00
2.036777201000463e-03	6.378627e+00
2.046777201000463e-03	6.378627e+00
2.056777201000463e-03	6.378628e+00
2.066777201000463e-03	6.378628e+00
2.076777201000463e-03	6.378629e+00
2.086777201000463e-03	6.378629e+00
2.096777201000463e-03	6.378629e+00
2.106777201000463e-03	6.378629e+00
2.116777201000463e-03	6.378630e+00
2.126777201000463e-03	6.378630e+00
2.136777201000463e-03	6.378630e+00
2.146777201000463e-03	6.378630e+00
2.156777201000463e-03	6.378631e+00
2.166777201000463e-03	6.378631e+00
2.176777201000463e-03	6.378631e+00
2.186777201000463e-03	6.378631e+00
2.196777201000463e-03	6.378631e+00
2.206777201000463e-03	6.378632e+00
2.216777201000463e-03	6.378632e+00
2.226777201000463e-03	6.378632e+00
2.236777201000463e-03	6.378632e+00
2.246777201000463e-03	6.378632e+00
2.256777201000463e-03	6.378632e+00
2.266777201000463e-03	6.378632e+00
2.276777201000463e-03	6.378633e+00
2.286777201000463e-03	6.378633e+00
2.296777201000463e-03	6.378633e+00
2.306777201000463e-03	6.378633e+00
2.316777201000463e-03	6.378633e+00
2.326777201000463e-03	6.378633e+00
2.336777201000463e-03	6.378633e+00
2.346777201000463e-03	6.378633e+00
2.356777201000463e-03	6.378633e+00
2.366777201000463e-03	6.378633e+00
2.376777201000463e-03	6.378634e+00
2.386777201000463e-03	6.378634e+00
2.396777201000463e-03	6.378634e+00
2.406777201000463e-03	6.378634e+00
2.416777201000463e-03	6.378634e+00
2.426777201000463e-03	6.378634e+00
2.436777201000463e-03	6.378634e+00
2.446777201000463e-03	6.378634e+00
2.456777201000463e-03	6.378634e+00
2.466777201000463e-03	6.378634e+00
2.476777201000463e-03	6.378634e+00
2.486777201000463e-03	6.378634e+00
2.496777201000463e-03	6.378634e+00
2.506777201000463e-03	6.378634e+00
2.516777201000463e-03	6.378634e+00
2.526777201000463e-03	6.378634e+00
2.536777201000463e-03	6.378634e+00
2.546777201000463e-03	6.378634e+00
2.556777201000463e-03	6.378634e+00
2.566777201000463e-03	6.378634e+00
2.576777201000463e-03	6.378634e+00
2.586777201000463e-03	6.378634e+00
2.596777201000463e-03	6.378634e+00
2.606777201000463e-03	6.378635e+00
2.616777201000463e-03	6.378635e+00
2.626777201000463e-03	6.378635e+00
2.636777201000463e-03	6.378635e+00
2.646777201000463e-03	6.378635e+00
2.656777201000463e-03	6.378635e+00
2.666777201000463e-03	6.378635e+00
2.676777201000463e-03	6.378635e+00
2.686777201000463e-03	6.378635e+00
2.696777201000463e-03	6.378635e+00
2.706777201000463e-03	6.378635e+00
2.716777201000463e-03	6.378635e+00
2.726777201000463e-03	6.378635e+00
2.736777201000463e-03	6.378635e+00
2.746777201000463e-03	6.378635e+00
2.756777201000463e-03	6.378635e+00
2.766777201000463e-03	6.378635e+00
2.776777201000463e-03	6.378635e+00
2.786777201000463e-03	6.378635e+00
2.796777201000463e-03	6.378635e+00
2.806777201000463e-03	6.378635e+00
2.816777201000463e-03	6.378635e+00
2.826777201000463e-03	6.378635e+00
2.836777201000463e-03	6.378635e+00
2.846777201000463e-03	6.378635e+00
2.856777201000463e-03	6.378635e+00
2.866777201000463e-03	6.378635e+00
2.876777201000463e-03	6.378635e+00
2.886777201000463e-03	6.378635e+00
2.896777201000463e-03	6.378635e+00
2.906777201000463e-03	6.378635e+00
2.916777201000463e-03	6.378635e+00
2.926777201000463e-03	6.378635e+00
2.936777201000463e-03	6.378635e+00
2.946777201000463e-03	6.378635e+00
2.956777201000463e-03	6.378635e+00
2.966777201000463e-03	6.378635e+00
2.976777201000463e-03	6.378635e+00
2.986777201000463e-03	6.378635e+00
2.996777201000463e-03	6.378635e+00
3.006777201000463e-03	6.378635e+00
3.016777201000463e-03	6.378635e+00
3.026777201000463e-03	6.378635e+00
3.036777201000463e-03	6.378635e+00
3.046777201000463e-03	6.378635e+00
3.056777201000463e-03	6.378635e+00
3.066777201000463e-03	6.378635e+00
3.076777201000463e-03	6.378635e+00
3.086777201000463e-03	6.378635e+00
3.096777201000463e-03	6.378635e+00
3.106777201000463e-03	6.378635e+00
3.116777201000463e-03	6.378635e+00
3.126777201000463e-03	6.378635e+00
3.136777201000463e-03	6.378635e+00
3.146777201000463e-03	6.378635e+00
3.156777201000463e-03	6.378635e+00
3.166777201000463e-03	6.378635e+00
3.176777201000463e-03	6.378635e+00
3.186777201000463e-03	6.378635e+00
3.196777201000463e-03	6.378635e+00
3.206777201000463e-03	6.378635e+00
3.216777201000463e-03	6.378635e+00
3.226777201000463e-03	6.378635e+00
3.236777201000463e-03	6.378635e+00
3.246777201000463e-03	6.378635e+00
3.256777201000463e-03	6.378635e+00
3.266777201000463e-03	6.378635e+00
3.276777201000463e-03	6.378635e+00
3.286777201000463e-03	6.378635e+00
3.296777201000463e-03	6.378635e+00
3.306777201000463e-03	6.378635e+00
3.316777201000463e-03	6.378635e+00
3.326777201000463e-03	6.378635e+00
3.336777201000463e-03	6.378635e+00
3.346777201000463e-03	6.378635e+00
3.356777201000463e-03	6.378635e+00
3.366777201000463e-03	6.378635e+00
3.376777201000463e-03	6.378635e+00
3.386777201000463e-03	6.378635e+00
3.396777201000463e-03	6.378635e+00
3.406777201000463e-03	6.378635e+00
3.416777201000463e-03	6.378635e+00
3.426777201000463e-03	6.378635e+00
3.436777201000463e-03	6.378635e+00
3.446777201000463e-03	6.378635e+00
3.456777201000463e-03	6.378635e+00
3.466777201000463e-03	6.378635e+00
3.476777201000463e-03	6.378635e+00
3.486777201000463e-03	6.378635e+00
3.496777201000463e-03	6.378635e+00
3.506777201000463e-03	6.378635e+00
3.516777201000463e-03	6.378635e+00
3.526777201000463e-03	6.378635e+00
3.536777201000463e-03	6.378635e+00
3.546777201000463e-03	6.378635e+00
3.556777201000463e-03	6.378635e+00
3.566777201000463e-03	6.378635e+00
3.576777201000463e-03	6.378635e+00
3.586777201000463e-03	6.378635e+00
3.596777201000463e-03	6.378635e+00
3.606777201000463e-03	6.378635e+00
3.616777201000463e-03	6.378635e+00
3.626777201000463e-03	6.378635e+00
3.636777201000463e-03	6.378635e+00
3.646777201000463e-03	6.378635e+00
3.656777201000463e-03	6.378635e+00
3.666777201000463e-03	6.378635e+00
3.676777201000463e-03	6.378635e+00
3.686777201000463e-03	6.378635e+00
3.696777201000463e-03	6.378635e+00
3.706777201000463e-03	6.378635e+00
3.716777201000463e-03	6.378635e+00
3.726777201000463e-03	6.378635e+00
3.736777201000463e-03	6.378635e+00
3.746777201000463e-03	6.378635e+00
3.756777201000463e-03	6.378635e+00
3.766777201000463e-03	6.378635e+00
3.776777201000463e-03	6.378635e+00
3.786777201000463e-03	6.378635e+00
3.796777201000463e-03	6.378635e+00
3.806777201000463e-03	6.378635e+00
3.816777201000463e-03	6.378635e+00
3.826777201000463e-03	6.378635e+00
3.836777201000463e-03	6.378635e+00
3.846777201000463e-03	6.378635e+00
3.856777201000463e-03	6.378635e+00
3.866777201000463e-03	6.378635e+00
3.876777201000463e-03	6.378635e+00
3.886777201000463e-03	6.378635e+00
3.896777201000463e-03	6.378635e+00
3.906777201000463e-03	6.378635e+00
3.916777201000463e-03	6.378635e+00
3.926777201000463e-03	6.378635e+00
3.936777201000463e-03	6.378635e+00
3.946777201000463e-03	6.378635e+00
3.956777201000463e-03	6.378635e+00
3.966777201000463e-03	6.378635e+00
3.976777201000463e-03	6.378635e+00
3.986777201000463e-03	6.378635e+00
3.996777201000463e-03	6.378635e+00
4.006777201000463e-03	6.378635e+00
4.016777201000463e-03	6.378635e+00
4.026777201000463e-03	6.378635e+00
4.036777201000463e-03	6.378635e+00
4.046777201000462e-03	6.378635e+00
4.056777201000463e-03	6.378635e+00
4.066777201000463e-03	6.378635e+00
4.076777201000463e-03	6.378635e+00
4.086777201000463e-03	6.378635e+00
4.096777201000463e-03	6.378635e+00
4.106777201000463e-03	6.378635e+00
4.116777201000463e-03	6.378635e+00
4.126777201000463e-03	6.378635e+00
4.136777201000463e-03	6.378635e+00
4.146777201000463e-03	6.378635e+00
4.156777201000463e-03	6.378635e+00
4.166777201000463e-03	6.378635e+00
4.176777201000463e-03	6.378635e+00
4.186777201000463e-03	6.378635e+00
4.196777201000462e-03	6.378635e+00
4.206777201000463e-03	6.378635e+00
4.216777201000462e-03	6.378635e+00
4.226777201000463e-03	6.378635e+00
4.236777201000463e-03	6.378635e+00
4.246777201000463e-03	6.378635e+00
4.256777201000463e-03	6.378635e+00
4.266777201000463e-03	6.378635e+00
4.276777201000463e-03	6.378635e+00
4.286777201000463e-03	6.378635e+00
4.296777201000463e-03	6.378635e+00
4.306777201000463e-03	6.378635e+00
4.316777201000463e-03	6.378635e+00
4.326777201000463e-03	6.378635e+00
4.336777201000463e-03	6.378635e+00
4.346777201000463e-03	6.378635e+00
4.356777201000463e-03	6.378635e+00
4.366777201000462e-03	6.378635e+00
4.376777201000463e-03	6.378635e+00
4.386777201000462e-03	6.378635e+00
4.396777201000463e-03	6.378635e+00
4.406777201000463e-03	6.378635e+00
4.416777201000463e-03	6.378635e+00
4.426777201000463e-03	6.378635e+00
4.436777201000463e-03	6.378635e+00
4.446777201000463e-03	6.378635e+00
4.456777201000463e-03	6.378635e+00
4.466777201000463e-03	6.378635e+00
4.476777201000463e-03	6.378635e+00
4.486777201000463e-03	6.378635e+00
4.496777201000463e-03	6.378635e+00
4.506777201000463e-03	6.378635e+00
4.516777201000462e-03	6.378635e+00
4.526777201000463e-03	6.378635e+00
4.536777201000462e-03	6.378635e+00
4.546777201000463e-03	6.378635e+00
4.556777201000463e-03	6.378635e+00
4.566777201000463e-03	6.378635e+00
4.576777201000463e-03	6.378635e+00
4.586777201000463e-03	6.378635e+00
4.596777201000463e-03	6.378635e+00
4.606777201000463e-03	6.378635e+00
4.616777201000463e-03	6.378635e+00
4.626777201000463e-03	6.378635e+00
4.636777201000463e-03	6.378635e+00
4.646777201000463e-03	6.378635e+00
4.656777201000463e-03	6.378635e+00
4.666777201000463e-03	6.378635e+00
4.676777201000463e-03	6.378635e+00
4.686777201000462e-03	6.378635e+00
4.696777201000463e-03	6.378635e+00
4.706777201000462e-03	6.378635e+00
4.716777201000463e-03	6.378635e+00
4.726777201000463e-03	6.378635e+00
4.736777201000463e-03	6.378635e+00
4.746777201000463e-03	6.378635e+00
4.756777201000463e-03	6.378635e+00
4.766777201000463e-03	6.378635e+00
4.776777201000463e-03	6.378635e+00
4.786777201000463e-03	6.378635e+00
4.796777201000463e-03	6.378635e+00
4.806777201000463e-03	6.378635e+00
4.816777201000463e-03	6.378635e+00
4.826777201000463e-03	6.378635e+00
4.836777201000462e-03	6.378635e+00
4.846777201000463e-03	6.378635e+00
4.856777201000462e-03	6.378635e+00
4.866777201000463e-03	6.378635e+00
4.876777201000462e-03	6.378635e+00
4.886777201000463e-03	6.378635e+00
4.896777201000463e-03	6.378635e+00
4.906777201000463e-03	6.378635e+00
4.916777201000463e-03	6.378635e+00
4.926777201000463e-03	6.378635e+00
4.936777201000463e-03	6.378635e+00
4.946777201000463e-03	6.378635e+00
4.956777201000463e-03	6.378635e+00
4.966777201000463e-03	6.378635e+00
4.976777201000463e-03	6.378635e+00
4.986777201000463e-03	6.378635e+00
4.996777201000463e-03	6.378635e+00
5.006777201000462e-03	6.378635e+00
5.016777201000463e-03	6.378635e+00
5.026777201000462e-03	6.378635e+00
5.036777201000463e-03	6.378635e+00
5.046777201000462e-03	6.378635e+00
5.056777201000463e-03	6.378635e+00
5.066777201000463e-03	6.378635e+00
5.076777201000463e-03	6.378635e+00
5.086777201000463e-03	6.378635e+00
5.096777201000463e-03	6.378635e+00
5.106777201000463e-03	6.378635e+00
5.116777201000463e-03	6.378635e+00
5.126777201000463e-03	6.378635e+00
5.136777201000463e-03	6.378635e+00
5.146777201000463e-03	6.378635e+00
5.156777201000462e-03	6.378635e+00
5.166777201000463e-03	6.378635e+00
5.176777201000462e-03	6.378635e+00
5.186777201000463e-03	6.378635e+00
5.196777201000462e-03	6.378635e+00
5.206777201000463e-03	6.378635e+00
5.216777201000463e-03	6.378635e+00
5.226777201000463e-03	6.378635e+00
5.236777201000463e-03	6.378635e+00
5.246777201000463e-03	6.378635e+00
5.256777201000463e-03	6.378635e+00
5.266777201000463e-03	6.378635e+00
5.276777201000463e-03	6.378635e+00
5.286777201000463e-03	6.378635e+00
5.296777201000463e-03	6.378635e+00
5.306777201000463e-03	6.378635e+00
5.316777201000463e-03	6.378635e+00
5.326777201000462e-03	6.378635e+00
5.336777201000463e-03	6.378635e+00
5.346777201000462e-03	6.378635e+00
5.356777201000463e-03	6.378635e+00
5.366777201000462e-03	6.378635e+00
5.376777201000463e-03	6.378635e+00
5.386777201000463e-03	6.378635e+00
5.396777201000463e-03	6.378635e+00
5.406777201000463e-03	6.378635e+00
5.416777201000463e-03	6.378635e+00
5.426777201000463e-03	6.378635e+00
5.436777201000463e-03	6.378635e+00
5.446777201000463e-03	6.378635e+00
5.456777201000463e-03	6.378635e+00
5.466777201000463e-03	6.378635e+00
5.476777201000462e-03	6.378635e+00
5.486777201000463e-03	6.378635e+00
5.496777201000462e-03	6.378635e+00
5.506777201000463e-03	6.378635e+00
5.516777201000462e-03	6.378635e+00
5.526777201000463e-03	6.378635e+00
5.536777201000462e-03	6.378635e+00
5.546777201000463e-03	6.378635e+00
5.556777201000463e-03	6.378635e+00
5.566777201000463e-03	6.378635e+00
5.576777201000463e-03	6.378635e+00
5.586777201000463e-03	6.378635e+00
5.596777201000463e-03	6.378635e+00
5.606777201000463e-03	6.378635e+00
5.616777201000463e-03	6.378635e+00
5.626777201000463e-03	6.378635e+00
5.636777201000463e-03	6.378635e+00
5.646777201000462e-03	6.378635e+00
5.656777201000463e-03	6.378635e+00
5.666777201000462e-03	6.378635e+00
5.676777201000463e-03	6.378635e+00
5.686777201000462e-03	6.378635e+00
5.696777201000463e-03	6.378635e+00
5.706777201000462e-03	6.378635e+00
5.716777201000463e-03	6.378635e+00
5.726777201000463e-03	6.378635e+00
5.736777201000463e-03	6.378635e+00
5.746777201000463e-03	6.378635e+00
5.756777201000463e-03	6.378635e+00
5.766777201000463e-03	6.378635e+00
5.776777201000463e-03	6.378635e+00
5.786777201000463e-03	6.378635e+00
5.796777201000462e-03	6.378635e+00
5.806777201000463e-03	6.378635e+00
5.816777201000462e-03	6.378635e+00
5.826777201000463e-03	6.378635e+00
5.836777201000462e-03	6.378635e+00
5.846777201000463e-03	6.378635e+00
5.856777201000462e-03	6.378635e+00
5.866777201000463e-03	6.378635e+00
5.876777201000462e-03	6.378635e+00
5.886777201000463e-03	6.378635e+00
5.896777201000463e-03	6.378635e+00
5.906777201000463e-03	6.378635e+00
5.916777201000463e-03	6.378635e+00
5.926777201000463e-03	6.378635e+00
5.936777201000463e-03	6.378635e+00
5.946777201000463e-03	6.378635e+00
5.956777201000463e-03	6.378635e+00
5.966777201000462e-03	6.378635e+00
5.976777201000463e-03	6.378635e+00
5.986777201000462e-03	6.378635e+00
5.996777201000463e-03	6.378635e+00
6.006777201000462e-03	6.378635e+00
6.016777201000463e-03	6.378635e+00
6.026777201000462e-03	6.378635e+00
6.036777201000463e-03	6.378635e+00
6.046777201000463e-03	6.378635e+00
6.056777201000463e-03	6.378635e+00
6.066777201000463e-03	6.378635e+00
6.076777201000463e-03	6.378635e+00
6.086777201000463e-03	6.378635e+00
6.096777201000463e-03	6.378635e+00
6.106777201000463e-03	6.378635e+00
6.116777201000462e-03	6.378635e+00
6.126777201000463e-03	6.378635e+00
6.136777201000462e-03	6.378635e+00
6.146777201000463e-03	6.378635e+00
6.156777201000462e-03	6.378635e+00
6.166777201000463e-03	6.378635e+00
6.176777201000462e-03	6.378635e+00
6.186777201000463e-03	6.378635e+00
6.196777201000462e-03	6.378635e+00
6.206777201000463e-03	6.378635e+00
6.216777201000463e-03	6.378635e+00
6.226777201000463e-03	6.378635e+00
6.236777201000463e-03	6.378635e+00
6.246777201000463e-03	6.378635e+00
6.256777201000463e-03	6.378635e+00
6.266777201000463e-03	6.378635e+00
6.276777201000463e-03	6.378635e+00
6.286777201000462e-03	6.378635e+00
6.296777201000463e-03	6.378635e+00
6.306777201000462e-03	6.378635e+00
6.316777201000463e-03	6.378635e+00
6.326777201000462e-03	6.378635e+00
6.336777201000463e-03	6.378635e+00
6.346777201000462e-03	6.378635e+00
6.356777201000463e-03	6.378635e+00
6.366777201000462e-03	6.378635e+00
6.376777201000463e-03	6.378635e+00
6.386777201000463e-03	6.378635e+00
6.396777201000463e-03	6.378635e+00
6.406777201000463e-03	6.378635e+00
6.416777201000463e-03	6.378635e+00
6.426777201000463e-03	6.378635e+00
6.436777201000462e-03	6.378635e+00
6.446777201000463e-03	6.378635e+00
6.456777201000462e-03	6.378635e+00
6.466777201000463e-03	6.378635e+00
6.476777201000462e-03	6.378635e+00
6.486777201000463e-03	6.378635e+00
6.496777201000462e-03	6.378635e+00
6.506777201000463e-03	6.378635e+00
6.516777201000462e-03	6.378635e+00
6.526777201000463e-03	6.378635e+00
6.536777201000462e-03	6.378635e+00
6.546777201000463e-03	6.378635e+00
6.556777201000463e-03	6.378635e+00
6.566777201000463e-03	6.378635e+00
6.576777201000463e-03	6.378635e+00
6.586777201000463e-03	6.378635e+00
6.596777201000463e-03	6.378635e+00
6.606777201000462e-03	6.378635e+00
6.616777201000463e-03	6.378635e+00
6.626777201000462e-03	6.378635e+00
6.636777201000463e-03	6.378635e+00
6.646777201000462e-03	6.378635e+00
6.656777201000463e-03	6.378635e+00
6.666777201000462e-03	6.378635e+00
6.676777201000463e-03	6.378635e+00
6.686777201000462e-03	6.378635e+00
6.696777201000463e-03	6.378635e+00
6.706777201000463e-03	6.378635e+00
6.716777201000463e-03	6.378635e+00
6.726777201000463e-03	6.378635e+00
6.736777201000463e-03	6.378635e+00
6.746777201000463e-03	6.378635e+00
6.756777201000462e-03	6.378635e+00
6.766777201000463e-03	6.378635e+00
6.776777201000462e-03	6.378635e+00
6.786777201000463e-03	6.378635e+00
6.796777201000462e-03	6.378635e+00
6.806777201000463e-03	6.378635e+00
6.816777201000462e-03	6.378635e+00
6.826777201000463e-03	6.378635e+00
6.836777201000462e-03	6.378635e+00
6.846777201000463e-03	6.378635e+00
6.856777201000462e-03	6.378635e+00
6.866777201000463e-03	6.378635e+00
6.876777201000463e-03	6.378635e+00
6.886777201000463e-03	6.378635e+00
6.896777201000463e-03	6.378635e+00
6.906777201000463e-03	6.378635e+00
6.916777201000463e-03	6.378635e+00
6.926777201000462e-03	6.378635e+00
6.936777201000463e-03	6.378635e+00
6.946777201000462e-03	6.378635e+00
6.956777201000463e-03	6.378635e+00
6.966777201000462e-03	6.378635e+00
6.976777201000463e-03	6.378635e+00
6.986777201000462e-03	6.378635e+00
6.996777201000463e-03	6.378635e+00
7.006777201000462e-03	6.378635e+00
7.016777201000463e-03	6.378635e+00
7.026777201000462e-03	6.378635e+00
7.036777201000463e-03	6.378635e+00
7.046777201000463e-03	6.378635e+00
7.056777201000463e-03	6.378635e+00
7.066777201000463e-03	6.378635e+00
7.076777201000462e-03	6.378635e+00
7.086777201000463e-03	6.378635e+00
7.096777201000462e-03	6.378635e+00
7.106777201000463e-03	6.378635e+00
7.116777201000462e-03	6.378635e+00
7.126777201000463e-03	6.378635e+00
7.136777201000462e-03	6.378635e+00
7.146777201000463e-03	6.378635e+00
7.156777201000462e-03	6.378635e+00
7.166777201000463e-03	6.378635e+00
7.176777201000462e-03	6.378635e+00
7.186777201000463e-03	6.378635e+00
7.196777201000462e-03	6.378635e+00
7.206777201000463e-03	6.378635e+00
7.216777201000463e-03	6.378635e+00
7.226777201000463e-03	6.378635e+00
7.236777201000463e-03	6.378635e+00
7.246777201000462e-03	6.378635e+00
7.256777201000463e-03	6.378635e+00
7.266777201000462e-03	6.378635e+00
7.276777201000463e-03	6.378635e+00
7.286777201000462e-03	6.378635e+00
7.296777201000463e-03	6.378635e+00
7.306777201000462e-03	6.378635e+00
7.316777201000463e-03	6.378635e+00
7.326777201000462e-03	6.378635e+00
7.336777201000463e-03	6.378635e+00
7.346777201000462e-03	6.378635e+00
7.356777201000463e-03	6.378635e+00
7.366777201000463e-03	6.378635e+00
7.376777201000463e-03	6.378635e+00
7.386777201000463e-03	6.378635e+00
7.396777201000462e-03	6.378635e+00
7.406777201000463e-03	6.378635e+00
7.416777201000462e-03	6.378635e+00
7.426777201000463e-03	6.378635e+00
7.436777201000462e-03	6.378635e+00
7.446777201000463e-03	6.378635e+00
7.456777201000462e-03	6.378635e+00
7.466777201000463e-03	6.378635e+00
7.476777201000462e-03	6.378635e+00
7.486777201000463e-03	6.378635e+00
7.496777201000462e-03	6.378635e+00
7.506777201000463e-03	6.378635e+00
7.516777201000462e-03	6.378635e+00
7.526777201000463e-03	6.378635e+00
7.536777201000463e-03	6.378635e+00
7.546777201000463e-03	6.378635e+00
7.556777201000463e-03	6.378635e+00
7.566777201000462e-03	6.378635e+00
7.576777201000463e-03	6.378635e+00
7.586777201000462e-03	6.378635e+00
7.596777201000463e-03	6.378635e+00
7.606777201000462e-03	6.378635e+00
7.616777201000463e-03	6.378635e+00
7.626777201000462e-03	6.378635e+00
7.636777201000463e-03	6.378635e+00
7.646777201000462e-03	6.378635e+00
7.656777201000463e-03	6.378635e+00
7.666777201000462e-03	6.378635e+00
7.676777201000463e-03	6.378635e+00
7.686777201000462e-03	6.378635e+00
7.696777201000463e-03	6.378635e+00
7.706777201000463e-03	6.378635e+00
7.716777201000462e-03	6.378635e+00
7.726777201000463e-03	6.378635e+00
7.736777201000462e-03	6.378635e+00
7.746777201000463e-03	6.378635e+00
7.756777201000462e-03	6.378635e+00
7.766777201000463e-03	6.378635e+00
7.776777201000462e-03	6.378635e+00
7.786777201000463e-03	6.378635e+00
7.796777201000462e-03	6.378635e+00
7.806777201000463e-03	6.378635e+00
7.816777201000463e-03	6.378635e+00
7.826777201000463e-03	6.378635e+00
7.836777201000462e-03	6.378635e+00
7.846777201000462e-03	6.378635e+00
7.856777201000463e-03	6.378635e+00
7.866777201000463e-03	6.378635e+00
7.876777201000463e-03	6.378635e+00
7.886777201000462e-03	6.378635e+00
7.896777201000462e-03	6.378635e+00
7.906777201000463e-03	6.378635e+00
7.916777201000463e-03	6.378635e+00
7.926777201000462e-03	6.378635e+00
7.936777201000462e-03	6.378635e+00
7.946777201000463e-03	6.378635e+00
7.956777201000463e-03	6.378635e+00
7.966777201000462e-03	6.378635e+00
7.976777201000462e-03	6.378635e+00
7.986777201000463e-03	6.378635e+00
7.996777201000463e-03	6.378635e+00
8.006777201000462e-03	6.378635e+00
8.016777201000462e-03	6.378635e+00
8.026777201000463e-03	6.378635e+00
8.036777201000463e-03	6.378635e+00
8.046777201000463e-03	6.378635e+00
8.056777201000462e-03	6.378635e+00
8.066777201000462e-03	6.378635e+00
8.076777201000463e-03	6.378635e+00
8.086777201000463e-03	6.378635e+00
8.096777201000462e-03	6.378635e+00
8.106777201000462e-03	6.378635e+00
8.116777201000463e-03	6.378635e+00
8.126777201000463e-03	6.378635e+00
8.136777201000462e-03	6.378635e+00
8.146777201000462e-03	6.378635e+00
8.156777201000463e-03	6.378635e+00
8.166777201000463e-03	6.378635e+00
8.176777201000462e-03	6.378635e+00
8.186777201000462e-03	6.378635e+00
8.196777201000462e-03	6.378635e+00
8.206777201000463e-03	6.378635e+00
8.216777201000463e-03	6.378635e+00
8.226777201000462e-03	6.378635e+00
8.236777201000462e-03	6.378635e+00
8.246777201000463e-03	6.378635e+00
8.256777201000463e-03	6.378635e+00
8.266777201000462e-03	6.378635e+00
8.276777201000462e-03	6.378635e+00
8.286777201000463e-03	6.378635e+00
8.296777201000463e-03	6.378635e+00
8.306777201000462e-03	6.378635e+00
8.316777201000462e-03	6.378635e+00
8.326777201000463e-03	6.378635e+00
8.336777201000463e-03	6.378635e+00
8.346777201000462e-03	6.378635e+00
8.356777201000462e-03	6.378635e+00
8.366777201000462e-03	6.378635e+00
8.376777201000463e-03	6.378635e+00
8.386777201000463e-03	6.378635e+00
8.396777201000462e-03	6.378635e+00
8.406777201000462e-03	6.378635e+00
8.416777201000463e-03	6.378635e+00
8.426777201000463e-03	6.378635e+00
8.436777201000462e-03	6.378635e+00
8.446777201000462e-03	6.378635e+00
8.456777201000463e-03	6.378635e+00
8.466777201000463e-03	6.378635e+00
8.476777201000462e-03	6.378635e+00
8.486777201000462e-03	6.378635e+00
8.496777201000463e-03	6.378635e+00
8.506777201000463e-03	6.378635e+00
8.516777201000462e-03	6.378635e+00
8.526777201000462e-03	6.378635e+00
8.536777201000462e-03	6.378635e+00
8.546777201000463e-03	6.378635e+00
8.556777201000463e-03	6.378635e+00
8.566777201000462e-03	6.378635e+00
8.576777201000462e-03	6.378635e+00
8.586777201000463e-03	6.378635e+00
8.596777201000463e-03	6.378635e+00
8.606777201000462e-03	6.378635e+00
8.616777201000462e-03	6.378635e+00
8.626777201000463e-03	6.378635e+00
8.636777201000463e-03	6.378635e+00
8.646777201000462e-03	6.378635e+00
8.656777201000462e-03	6.378635e+00
8.666777201000463e-03	6.378635e+00
8.676777201000463e-03	6.378635e+00
8.686777201000462e-03	6.378635e+00
8.696777201000462e-03	6.378635e+00
8.706777201000462e-03	6.378635e+00
8.716777201000463e-03	6.378635e+00
8.726777201000463e-03	6.378635e+00
8.736777201000462e-03	6.378635e+00
8.746777201000462e-03	6.378635e+00
8.756777201000463e-03	6.378635e+00
8.766777201000463e-03	6.378635e+00
8.776777201000462e-03	6.378635e+00
8.786777201000462e-03	6.378635e+00
8.796777201000463e-03	6.378635e+00
8.806777201000463e-03	6.378635e+00
8.816777201000462e-03	6.378635e+00
8.826777201000462e-03	6.378635e+00
8.836777201000462e-03	6.378635e+00
8.846777201000463e-03	6.378635e+00
8.856777201000463e-03	6.378635e+00
8.866777201000462e-03	6.378635e+00
8.876777201000462e-03	6.378635e+00
8.886777201000463e-03	6.378635e+00
8.896777201000463e-03	6.378635e+00
8.906777201000462e-03	6.378635e+00
8.916777201000462e-03	6.378635e+00
8.926777201000463e-03	6.378635e+00
8.936777201000463e-03	6.378635e+00
8.946777201000462e-03	6.378635e+00
8.956777201000462e-03	6.378635e+00
8.966777201000463e-03	6.378635e+00
8.976777201000463e-03	6.378635e+00
8.986777201000462e-03	6.378635e+00
8.996777201000462e-03	6.378635e+00
9.006777201000462e-03	6.378635e+00
9.016777201000463e-03	6.378635e+00
9.026777201000463e-03	6.378635e+00
9.036777201000462e-03	6.378635e+00
9.046777201000462e-03	6.378635e+00
9.056777201000463e-03	6.378635e+00
9.066777201000463e-03	6.378635e+00
9.076777201000462e-03	6.378635e+00
9.086777201000462e-03	6.378635e+00
9.096777201000463e-03	6.378635e+00
9.106777201000463e-03	6.378635e+00
9.116777201000462e-03	6.378635e+00
9.126777201000462e-03	6.378635e+00
9.136777201000463e-03	6.378635e+00
9.146777201000463e-03	6.378635e+00
9.156777201000462e-03	6.378635e+00
9.166777201000462e-03	6.378635e+00
9.176777201000462e-03	6.378635e+00
9.186777201000463e-03	6.378635e+00
9.196777201000463e-03	6.378635e+00
9.206777201000462e-03	6.378635e+00
9.216777201000462e-03	6.378635e+00
9.226777201000463e-03	6.378635e+00
9.236777201000463e-03	6.378635e+00
9.246777201000462e-03	6.378635e+00
9.256777201000462e-03	6.378635e+00
9.266777201000463e-03	6.378635e+00
9.276777201000463e-03	6.378635e+00
9.286777201000462e-03	6.378635e+00
9.296777201000462e-03	6.378635e+00
9.306777201000463e-03	6.378635e+00
9.316777201000463e-03	6.378635e+00
9.326777201000462e-03	6.378635e+00
9.336777201000462e-03	6.378635e+00
9.346777201000462e-03	6.378635e+00
9.356777201000463e-03	6.378635e+00
9.366777201000463e-03	6.378635e+00
9.376777201000462e-03	6.378635e+00
9.386777201000462e-03	6.378635e+00
9.396777201000463e-03	6.378635e+00
9.406777201000463e-03	6.378635e+00
9.416777201000462e-03	6.378635e+00
9.426777201000462e-03	6.378635e+00
9.436777201000463e-03	6.378635e+00
9.446777201000463e-03	6.378635e+00
9.456777201000462e-03	6.378635e+00
9.466777201000462e-03	6.378635e+00
9.476777201000462e-03	6.378635e+00
9.486777201000463e-03	6.378635e+00
9.496777201000462e-03	6.378635e+00
9.506777201000462e-03	6.378635e+00
9.516777201000462e-03	6.378635e+00
9.526777201000463e-03	6.378635e+00
9.536777201000463e-03	6.378635e+00
9.546777201000462e-03	6.378635e+00
9.556777201000462e-03	6.378635e+00
9.566777201000463e-03	6.378635e+00
9.576777201000463e-03	6.378635e+00
9.586777201000462e-03	6.378635e+00
9.596777201000462e-03	6.378635e+00
9.606777201000463e-03	6.378635e+00
9.616777201000463e-03	6.378635e+00
9.626777201000462e-03	6.378635e+00
9.636777201000462e-03	6.378635e+00
9.646777201000462e-03	6.378635e+00
9.656777201000463e-03	6.378635e+00
9.666777201000462e-03	6.378635e+00
9.676777201000462e-03	6.378635e+00
9.686777201000462e-03	6.378635e+00
9.696777201000463e-03	6.378635e+00
9.706777201000463e-03	6.378635e+00
9.716777201000462e-03	6.378635e+00
9.726777201000462e-03	6.378635e+00
9.736777201000463e-03	6.378635e+00
9.746777201000463e-03	6.378635e+00
9.756777201000462e-03	6.378635e+00
9.766777201000462e-03	6.378635e+00
9.776777201000463e-03	6.378635e+00
9.786777201000463e-03	6.378635e+00
9.796777201000462e-03	6.378635e+00
9.806777201000462e-03	6.378635e+00
9.816777201000462e-03	6.378635e+00
9.826777201000463e-03	6.378635e+00
9.836777201000462e-03	6.378635e+00
9.846777201000462e-03	6.378635e+00
9.856777201000462e-03	6.378635e+00
9.866777201000463e-03	6.378635e+00
9.876777201000463e-03	6.378635e+00
9.886777201000462e-03	6.378635e+00
9.896777201000462e-03	6.378635e+00
9.906777201000463e-03	6.378635e+00
9.916777201000463e-03	6.378635e+00
9.926777201000462e-03	6.378635e+00
9.936777201000462e-03	6.378635e+00
9.946777201000463e-03	6.378635e+00
9.956777201000463e-03	6.378635e+00
9.966777201000462e-03	6.378635e+00
9.976777201000462e-03	6.378635e+00
9.986777201000462e-03	6.378635e+00
9.996777201000463e-03	6.378635e+00
1.000000000000000e-02	6.378635e+00
1.000000000100000e-02	6.378635e+00
1.000000000200000e-02	6.378635e+00
1.000000000440036e-02	6.378635e+00
1.000000000670974e-02	6.378635e+00
1.000000001132851e-02	6.378635e+00
1.000000002056606e-02	6.378635e+00
1.000000003904114e-02	6.378635e+00
1.000000007599130e-02	6.378635e+00
1.000000014989163e-02	6.378635e+00
1.000000029769228e-02	6.378635e+00
1.000000059329359e-02	6.378635e+00
1.000000118449621e-02	6.378635e+00
1.000000236690145e-02	6.378635e+00
1.000000473171193e-02	6.378635e+00
1.000000946133289e-02	6.378635e+00
1.000001768512010e-02	6.378635e+00
1.000002962941878e-02	6.378635e+00
1.000005351801612e-02	6.378635e+00
1.000010129521082e-02	6.378636e+00
1.000017107512809e-02	6.378636e+00
1.000023641157216e-02	6.378637e+00
1.000031640405013e-02	6.378638e+00
1.000039247140321e-02	6.378639e+00
1.000054460610937e-02	6.378640e+00
1.000056509205748e-02	6.378641e+00
1.000060606395368e-02	6.378641e+00
1.000068800774609e-02	6.378641e+00
1.000085189533090e-02	6.378637e+00
1.000117967050053e-02	6.378618e+00
1.000175612799541e-02	6.378555e+00
1.000242101865658e-02	6.378444e+00
1.000253900728738e-02	6.378420e+00
1.000277498454898e-02	6.378371e+00
1.000324693907220e-02	6.378268e+00
1.000336492770300e-02	6.378241e+00
1.000360090496460e-02	6.378187e+00
1.000407285948781e-02	6.378079e+00
1.000501676853423e-02	6.377859e+00
1.000690458662707e-02	6.377403e+00
1.001068022281275e-02	6.376423e+00
1.001823149518411e-02	6.374116e+00
1.002823149518411e-02	6.369934e+00
1.003823149518411e-02	6.363106e+00
1.004823149518411e-02	6.348752e+00
1.005823149518411e-02	6.282118e+00
1.006823149518411e-02	6.083580e+00
1.007823149518411e-02	5.879446e+00
1.008823149518411e-02	5.673115e+00
1.009823149518411e-02	5.467689e+00
1.010000000000000e-02	5.430610e+00
1.010000000100000e-02	5.430610e+00
1.010000001700000e-02	5.430609e+00
1.010000004900000e-02	5.430608e+00
1.010000011300000e-02	5.430606e+00
1.010000024100000e-02	5.430603e+00
1.010000049700000e-02	5.430596e+00
1.010000100900000e-02	5.430582e+00
1.010000203300000e-02	5.430555e+00
1.010000408100000e-02	5.430507e+00
1.010000817700000e-02	5.430415e+00
1.010001636900000e-02	5.430242e+00
1.010003275300001e-02	5.429897e+00
1.010006552100002e-02	5.429209e+00
1.010013105700003e-02	5.427831e+00
1.010026212900006e-02	5.425076e+00
1.010052427300013e-02	5.419564e+00
1.010104856100025e-02	5.408532e+00
1.010209713700050e-02	5.386440e+00
1.010419428900100e-02	5.342165e+00
1.010838859300201e-02	5.253433e+00
1.011677720100402e-02	5.076547e+00
1.012677720100402e-02	4.869498e+00
1.013677720100402e-02	4.670037e+00
1.014677720100401e-02	4.488389e+00
1.015677720100402e-02	4.312457e+00
1.016677720100402e-02	4.117714e+00
1.017677720100402e-02	3.683824e+00
1.018677720100401e-02	3.251703e+00
1.019677720100402e-02	3.072227e+00
1.020628398511358e-02	2.995783e+00
1.021628398511358e-02	2.903794e+00
1.022628398511358e-02	2.796988e+00
1.023628398511358e-02	2.684407e+00
1.024628398511358e-02	2.567277e+00
1.025628398511358e-02	2.446857e+00
1.026628398511358e-02	2.323809e+00
1.027628398511358e-02	2.198902e+00
1.028628398511358e-02	2.072614e+00
1.029628398511358e-02	1.945561e+00
1.030628398511358e-02	1.818185e+00
1.031628398511358e-02	1.691296e+00
1.032628398511358e-02	1.566555e+00
1.033628398511358e-02	1.448361e+00
1.034628398511358e-02	1.337959e+00
1.035628398511358e-02	1.229847e+00
1.036628398511358e-02	1.117776e+00
1.037628398511358e-02	9.816632e-01
1.038628398511358e-02	7.893739e-01
1.039628398511358e-02	5.451903e-01
1.040628398511358e-02	2.947118e-01
1.041628398511358e-02	1.020966e-01
1.042484828668301e-02	2.266264e-02
1.043294709040270e-02	1.714683e-02
1.044082414497654e-02	1.296639e-02
1.045082414497654e-02	-6.899595e-03
1.046082414497653e-02	-1.295805e-03
1.047082414497653e-02	-6.487370e-04
1.048082414497654e-02	-1.203775e-03
1.049082414497654e-02	-5.855560e-04
1.050082414497653e-02	-1.129627e-03
1.051082414497653e-02	-5.004406e-04
1.052082414497653e-02	-1.580954e-03
1.053082414497654e-02	-1.783371e-04
1.054082414497653e-02	-1.209974e-03
1.055082414497653e-02	-1.067638e-03
1.056082414497653e-02	-1.042366e-03
1.057082414497654e-02	-8.687973e-04
1.058082414497654e-02	-8.156300e-04
1.059082414497653e-02	-6.366968e-04
1.060082414497653e-02	-6.436110e-04
1.061082414497654e-02	-4.962683e-04
1.062082414497654e-02	-5.764961e-04
1.063082414497653e-02	-4.040003e-04
1.064082414497653e-02	-5.619526e-04
1.065082414497653e-02	-2.561808e-04
1.066082414497654e-02	-7.234812e-04
1.067082414497653e-02	1.871586e-05
1.068082414497653e-02	-8.991957e-04
1.069082414497653e-02	1.432896e-04
1.070082414497654e-02	-7.669926e-04
1.071082414497653e-02	-8.046627e-05
1.072082414497653e-02	-2.124310e-04
1.073082414497653e-02	-6.910563e-04
1.074082414497654e-02	4.824400e-04
1.075082414497654e-02	-1.155615e-03
1.076082414497653e-02	5.187988e-04
1.077082414497653e-02	-5.093813e-04
1.078082414497654e-02	-4.169941e-04
1.079082414497654e-02	2.963543e-04
1.080082414497653e-02	-6.810427e-04
1.081082414497653e-02	2.938509e-04
1.082082414497653e-02	-5.980730e-04
1.083082414497654e-02	3.042221e-04
1.084082414497653e-02	-5.005598e-04
1.085082414497653e-02	3.477335e-04
1.086082414497653e-02	-3.501177e-04
1.087082414497654e-02	4.599094e-04
1.088082414497653e-02	-1.586676e-04
1.089082414497653e-02	5.017519e-04
1.090082414497653e-02	-2.950430e-04
1.091082414497654e-02	1.266003e-04
1.092082414497654e-02	-5.543232e-04
1.093082414497653e-02	-1.275539e-05
1.094082414497653e-02	-5.311966e-04
1.095082414497654e-02	5.841255e-06
1.096082414497654e-02	-4.587770e-04
1.097082414497653e-02	3.474951e-05
1.098082414497653e-02	-3.936291e-04
1.099082414497653e-02	6.932020e-05
1.100000000100000e-02	-3.830194e-04
1.100000000200000e-02	-3.830194e-04
1.100000001800000e-02	-3.829598e-04
1.100000005000000e-02	-3.828406e-04
1.100000011400000e-02	-3.826022e-04
1.100000024200000e-02	-3.820658e-04
1.100000049800000e-02	-3.810525e-04
1.100000101000000e-02	-3.790259e-04
1.100000203400000e-02	-3.753304e-04
1.100000408200000e-02	-3.682971e-04
1.100000817800000e-02	-3.546476e-04
1.100001637000000e-02	-3.288984e-04
1.100003275400001e-02	-2.831221e-04
1.100006552200002e-02	-2.107620e-04
1.100013105800003e-02	-1.176596e-04
1.100026213000006e-02	-3.504753e-05
1.100052427400013e-02	1.490116e-06
1.100095746065785e-02	3.218651e-06
1.100182383397330e-02	2.086163e-06
1.100355658060420e-02	-4.351139e-06
1.100702207386599e-02	-2.670288e-05
1.101395306038959e-02	-7.879734e-05
1.102395306038959e-02	-1.042485e-04
1.103395306038958e-02	-9.292364e-05
1.104395306038958e-02	-8.231401e-05
1.105395306038959e-02	-7.337332e-05
1.106395306038959e-02	-6.484985e-05
1.107395306038958e-02	-5.388260e-05
1.108395306038958e-02	-3.463030e-05
1.109395306038959e-02	-1.931190e-05
1.110395306038959e-02	-1.555681e-05
1.111395306038959e-02	-1.853704e-05
1.112395306038958e-02	-2.408028e-05
1.113395306038958e-02	-3.075600e-05
1.114395306038959e-02	-3.683567e-05
1.115395306038959e-02	-4.744530e-05
1.116395306038958e-02	-5.942583e-05
1.117395306038958e-02	-6.657839e-05
1.118395306038959e-02	-6.842613e-05
1.119395306038959e-02	-6.723404e-05
1.120395306038958e-02	-6.335974e-05
1.121395306038958e-02	-5.853176e-05
1.122395306038959e-02	-5.269051e-05
1.123395306038959e-02	-4.702806e-05
1.124395306038958e-02	-4.124641e-05
1.125395306038958e-02	-3.606081e-05
1.126395306038958e-02	-3.123283e-05
1.127395306038959e-02	-2.712011e-05
1.128395306038959e-02	-2.336502e-05
1.129395306038958e-02	-2.026558e-05
1.130395306038958e-02	-1.746416e-05
1.131395306038959e-02	-1.519918e-05
1.132395306038959e-02	-1.311302e-05
1.133395306038958e-02	-1.150370e-05
1.134395306038958e-02	-9.894371e-06
1.135395306038959e-02	-8.642673e-06
1.136395306038959e-02	-7.510185e-06
1.137395306038958e-02	-6.675720e-06
1.138395306038958e-02	-5.841255e-06
1.139395306038959e-02	-5.185604e-06
1.140395306038959e-02	-4.529953e-06
1.141395306038958e-02	-4.112720e-06
1.142395306038958e-02	-3.635883e-06
1.143395306038958e-02	-3.337860e-06
1.144395306038959e-02	-2.980232e-06
1.145395306038959e-02	-2.741814e-06
1.146395306038958e-02	-2.503395e-06
1.147395306038958e-02	-2.384186e-06
1.148395306038959e-02	-2.145767e-06
1.149395306038959e-02	-2.086163e-06
1.150395306038958e-02	-1.907349e-06
1.151395306038958e-02	-1.907349e-06
1.152395306038959e-02	-1.728535e-06
1.153395306038959e-02	-1.788139e-06
1.154395306038958e-02	-1.668930e-06
1.155395306038958e-02	-1.668930e-06
1.156395306038959e-02	-1.549721e-06
1.157395306038959e-02	-1.609325e-06
1.158395306038958e-02	-1.549721e-06
1.159395306038958e-02	-1.549721e-06
1.160395306038958e-02	-1.549721e-06
1.161395306038959e-02	-1.490116e-06
1.162395306038959e-02	-1.490116e-06
1.163395306038958e-02	-1.549721e-06
1.164395306038958e-02	-1.490116e-06
1.165395306038959e-02	-1.549721e-06
1.166395306038959e-02	-1.490116e-06
1.167395306038958e-02	-1.490116e-06
1.168395306038958e-02	-1.549721e-06
1.169395306038959e-02	-1.490116e-06
1.170395306038959e-02	-1.490116e-06
1.171395306038958e-02	-1.490116e-06
1.172395306038958e-02	-1.549721e-06
1.173395306038959e-02	-1.549721e-06
1.174395306038959e-02	-1.549721e-06
1.175395306038958e-02	-1.490116e-06
1.176395306038958e-02	-1.490116e-06
1.177395306038958e-02	-1.549721e-06
1.178395306038959e-02	-1.490116e-06
1.179395306038959e-02	-1.549721e-06
1.180395306038958e-02	-1.490116e-06
1.181395306038958e-02	-1.490116e-06
1.182395306038959e-02	-1.549721e-06
1.183395306038959e-02	-1.490116e-06
1.184395306038958e-02	-1.490116e-06
1.185395306038958e-02	-1.490116e-06
1.186395306038959e-02	-1.490116e-06
1.187395306038959e-02	-1.490116e-06
1.188395306038958e-02	-1.490116e-06
1.189395306038958e-02	-1.460314e-06
1.190395306038958e-02	-1.430511e-06
1.191395306038959e-02	-1.460314e-06
1.192395306038958e-02	-1.430511e-06
1.193395306038958e-02	-1.430511e-06
1.194395306038958e-02	-1.400709e-06
1.195395306038959e-02	-1.400709e-06
1.196395306038959e-02	-8.322597e-04
1.197395306038958e-02	-1.426518e-03
1.198395306038958e-02	4.084110e-04
1.199395306038959e-02	6.347597e-04
1.200395306038959e-02	2.824366e-04
1.201395306038958e-02	3.809929e-04
1.202395306038958e-02	1.924932e-04
1.203395306038959e-02	2.738833e-04
1.204395306038959e-02	1.165569e-04
1.205395306038958e-02	1.815557e-04
1.206395306038958e-02	7.629395e-05
1.207395306038958e-02	1.177192e-04
1.208395306038959e-02	4.756451e-05
1.209395306038958e-02	7.432699e-05
1.210395306038958e-02	2.923608e-05
1.211395306038958e-02	4.577637e-05
1.212395306038959e-02	1.698732e-05
1.213395306038959e-02	2.720952e-05
1.214395306038958e-02	8.851290e-06
1.215395306038958e-02	1.519918e-05
1.216395306038959e-02	3.576279e-06
1.217395306038959e-02	7.539988e-06
1.218395306038958e-02	2.086163e-07
1.219395306038958e-02	2.771616e-06
1.220395306038959e-02	-1.847744e-06
1.221395306038959e-02	-1.490116e-07
1.222395306038958e-02	-4.417092e-03
1.223395306038958e-02	-6.668299e-03
1.224395306038958e-02	2.685547e-03
1.225395306038959e-02	3.718257e-03
1.226395306038959e-02	7.571578e-04
1.227395306038958e-02	1.519680e-03
1.228395306038958e-02	2.980232e-04
1.229395306038959e-02	6.315112e-04
1.230395306038959e-02	1.592636e-04
1.231395306038958e-02	2.710819e-04
1.232395306038958e-02	1.007915e-04
1.233395306038959e-02	1.329780e-04
1.234395306038959e-02	7.545948e-05
1.235395306038958e-02	7.802248e-05
1.236395306038958e-02	5.972385e-05
1.237395306038959e-02	6.067753e-05
1.238395306038959e-02	5.340576e-05
1.239395306038958e-02	5.125999e-05
1.240395306038958e-02	4.971027e-05
1.241395306038958e-02	4.720688e-05
1.242395306038959e-02	4.720688e-05
1.243395306038959e-02	4.512072e-05
1.244395306038958e-02	4.535913e-05
1.245395306038958e-02	4.386902e-05
1.246395306038959e-02	4.398823e-05
1.247395306038959e-02	4.291534e-05
1.248395306038958e-02	4.279613e-05
1.249395306038958e-02	4.214048e-05
1.250395306038959e-02	4.190207e-05
1.251395306038959e-02	4.154444e-05
1.252395306038958e-02	4.106760e-05
1.253395306038958e-02	4.094839e-05
1.254395306038958e-02	4.047155e-05
1.255395306038959e-02	4.047155e-05
1.256395306038958e-02	3.981590e-05
1.257395306038958e-02	3.999472e-05
1.258395306038958e-02	3.939867e-05
1.259395306038959e-02	3.957748e-05
1.260395306038959e-02	3.892183e-05
1.261395306038958e-02	3.921986e-05
1.262395306038958e-02	3.856421e-05
1.263395306038959e-02	3.892183e-05
1.264395306038959e-02	3.826618e-05
1.265395306038958e-02	3.856421e-05
1.266395306038958e-02	3.802776e-05
1.267395306038959e-02	3.832579e-05
1.268395306038959e-02	3.778934e-05
1.269395306038958e-02	3.814697e-05
1.270395306038958e-02	3.761053e-05
1.271395306038958e-02	3.790855e-05
1.272395306038959e-02	3.743172e-05
1.273395306038958e-02	3.778934e-05
1.274395306038958e-02	3.731251e-05
1.275395306038958e-02	3.761053e-05
1.276395306038959e-02	3.713369e-05
1.277395306038959e-02	3.749132e-05
1.278395306038958e-02	3.707409e-05
1.279395306038958e-02	3.737211e-05
1.280395306038959e-02	3.695488e-05
1.281395306038959e-02	3.725290e-05
1.282395306038958e-02	3.689528e-05
1.283395306038958e-02	3.719330e-05
1.284395306038959e-02	3.683567e-05
1.285395306038959e-02	3.707409e-05
1.286395306038958e-02	3.677607e-05
1.287395306038958e-02	3.701448e-05
1.288395306038958e-02	3.671646e-05
1.289395306038959e-02	3.689528e-05
1.290395306038958e-02	3.671646e-05
1.291395306038958e-02	3.689528e-05
1.292395306038958e-02	3.665686e-05
1.293395306038959e-02	3.683567e-05
1.294395306038959e-02	3.665686e-05
1.295395306038958e-02	3.677607e-05
1.296395306038958e-02	3.659725e-05
1.297395306038959e-02	3.677607e-05
1.298395306038959e-02	3.653765e-05
1.299395306038958e-02	3.671646e-05
1.300395306038958e-02	3.653765e-05
1.301395306038959e-02	3.671646e-05
1.302395306038959e-02	3.653765e-05
1.303395306038958e-02	3.665686e-05
1.304395306038958e-02	3.653765e-05
1.305395306038958e-02	3.665686e-05
1.306395306038959e-02	3.653765e-05
1.307395306038958e-02	3.665686e-05
1.308395306038958e-02	3.647804e-05
1.309395306038958e-02	3.665686e-05
1.310395306038959e-02	3.647804e-05
1.311395306038959e-02	3.659725e-05
1.312395306038958e-02	3.647804e-05
1.313395306038958e-02	3.659725e-05
1.314395306038959e-02	3.647804e-05
1.315395306038959e-02	3.659725e-05
1.316395306038958e-02	3.647804e-05
1.317395306038958e-02	3.653765e-05
1.318395306038958e-02	3.647804e-05
1.319395306038959e-02	3.659725e-05
1.320395306038958e-02	3.647804e-05
1.321395306038958e-02	3.659725e-05
1.322395306038958e-02	3.647804e-05
1.323395306038959e-02	3.653765e-05
1.324395306038958e-02	3.647804e-05
1.325395306038958e-02	3.653765e-05
1.326395306038958e-02	3.653765e-05
1.327395306038959e-02	3.653765e-05
1.328395306038959e-02	3.653765e-05
1.329395306038958e-02	3.653765e-05
1.330395306038958e-02	3.647804e-05
1.331395306038959e-02	3.653765e-05
1.332395306038959e-02	3.647804e-05
1.333395306038958e-02	3.653765e-05
1.334395306038958e-02	3.641844e-05
1.335395306038958e-02	3.647804e-05
1.336395306038959e-02	3.647804e-05
1.337395306038958e-02	3.647804e-05
1.338395306038958e-02	3.647804e-05
1.339395306038958e-02	3.653765e-05
1.340395306038959e-02	3.647804e-05
1.341395306038958e-02	3.653765e-05
1.342395306038958e-02	3.647804e-05
1.343395306038958e-02	3.647804e-05
1.344395306038959e-02	3.647804e-05
1.345395306038959e-02	3.653765e-05
1.346395306038958e-02	3.647804e-05
1.347395306038958e-02	3.647804e-05
1.348395306038959e-02	3.647804e-05
1.349395306038959e-02	3.647804e-05
1.350395306038958e-02	3.647804e-05
1.351395306038958e-02	3.647804e-05
1.352395306038958e-02	3.641844e-05
1.353395306038959e-02	3.647804e-05
1.354395306038958e-02	3.647804e-05
1.355395306038958e-02	3.647804e-05
1.356395306038958e-02	3.647804e-05
1.357395306038959e-02	3.647804e-05
1.358395306038958e-02	3.647804e-05
1.359395306038958e-02	3.647804e-05
1.360395306038958e-02	3.647804e-05
1.361395306038959e-02	3.653765e-05
1.362395306038959e-02	3.647804e-05
1.363395306038958e-02	3.647804e-05
1.364395306038958e-02	3.647804e-05
1.365395306038959e-02	3.653765e-05
1.366395306038959e-02	3.647804e-05
1.367395306038958e-02	3.647804e-05
1.368395306038958e-02	3.647804e-05
1.369395306038958e-02	3.647804e-05
1.370395306038959e-02	3.647804e-05
1.371395306038958e-02	3.653765e-05
1.372395306038958e-02	3.647804e-05
1.373395306038958e-02	3.647804e-05
1.374395306038959e-02	3.647804e-05
1.375395306038959e-02	3.647804e-05
1.376395306038958e-02	3.647804e-05
1.377395306038958e-02	3.647804e-05
1.378395306038959e-02	3.647804e-05
1.379395306038959e-02	3.647804e-05
1.380395306038958e-02	3.647804e-05
1.381395306038958e-02	3.647804e-05
1.382395306038958e-02	3.647804e-05
1.383395306038959e-02	3.647804e-05
1.384395306038958e-02	3.647804e-05
1.385395306038958e-02	3.647804e-05
1.386395306038958e-02	3.647804e-05
1.387395306038959e-02	3.653765e-05
1.388395306038958e-02	3.647804e-05
1.389395306038958e-02	3.647804e-05
1.390395306038958e-02	3.647804e-05
1.391395306038959e-02	3.647804e-05
1.392395306038959e-02	3.647804e-05
1.393395306038958e-02	3.647804e-05
1.394395306038958e-02	3.647804e-05
1.395395306038959e-02	3.647804e-05
1.396395306038959e-02	3.647804e-05
1.397395306038958e-02	3.653765e-05
1.398395306038958e-02	3.647804e-05
1.399395306038958e-02	3.647804e-05
1.400395306038959e-02	3.647804e-05
1.401395306038958e-02	3.647804e-05
1.402395306038958e-02	3.647804e-05
1.403395306038958e-02	3.647804e-05
1.404395306038959e-02	3.647804e-05
1.405395306038958e-02	3.647804e-05
1.406395306038958e-02	3.647804e-05
1.407395306038958e-02	3.647804e-05
1.408395306038959e-02	3.647804e-05
1.409395306038959e-02	3.647804e-05
1.410395306038958e-02	3.653765e-05
1.411395306038958e-02	3.647804e-05
1.412395306038959e-02	3.647804e-05
1.413395306038959e-02	3.647804e-05
1.414395306038958e-02	3.647804e-05
1.415395306038958e-02	3.647804e-05
1.416395306038958e-02	3.647804e-05
1.417395306038959e-02	3.653765e-05
1.418395306038958e-02	3.647804e-05
1.419395306038958e-02	3.647804e-05
1.420395306038958e-02	3.647804e-05
1.421395306038959e-02	3.647804e-05
1.422395306038958e-02	3.647804e-05
1.423395306038958e-02	3.653765e-05
1.424395306038958e-02	3.647804e-05
1.425395306038959e-02	3.647804e-05
1.426395306038959e-02	3.647804e-05
1.427395306038958e-02	3.647804e-05
1.428395306038958e-02	3.647804e-05
1.429395306038959e-02	3.647804e-05
1.430395306038959e-02	3.647804e-05
1.431395306038958e-02	3.647804e-05
1.432395306038958e-02	3.647804e-05
1.433395306038958e-02	3.647804e-05
1.434395306038959e-02	3.653765e-05
1.435395306038958e-02	3.647804e-05
1.436395306038958e-02	3.653765e-05
1.437395306038958e-02	3.653765e-05
1.438395306038959e-02	3.647804e-05
1.439395306038958e-02	3.647804e-05
1.440395306038958e-02	3.647804e-05
1.441395306038958e-02	3.647804e-05
1.442395306038959e-02	3.647804e-05
1.443395306038959e-02	3.647804e-05
1.444395306038958e-02	3.647804e-05
1.445395306038958e-02	3.647804e-05
1.446395306038958e-02	3.647804e-05
1.447395306038959e-02	3.647804e-05
1.448395306038958e-02	3.647804e-05
1.449395306038958e-02	3.647804e-05
1.450395306038958e-02	3.653765e-05
1.451395306038959e-02	3.647804e-05
1.452395306038958e-02	3.647804e-05
1.453395306038958e-02	3.653765e-05
1.454395306038958e-02	3.647804e-05
1.455395306038959e-02	3.653765e-05
1.456395306038958e-02	3.647804e-05
1.457395306038958e-02	3.647804e-05
1.458395306038958e-02	3.647804e-05
1.459395306038959e-02	3.647804e-05
1.460395306038959e-02	3.647804e-05
1.461395306038958e-02	3.647804e-05
1.462395306038958e-02	3.647804e-05
1.463395306038958e-02	3.647804e-05
1.464395306038959e-02	3.647804e-05
1.465395306038958e-02	3.647804e-05
1.466395306038958e-02	3.647804e-05
1.467395306038958e-02	3.647804e-05
1.468395306038959e-02	3.653765e-05
1.469395306038958e-02	3.653765e-05
1.470395306038958e-02	3.647804e-05
1.471395306038958e-02	3.647804e-05
1.472395306038959e-02	3.653765e-05
1.473395306038958e-02	3.647804e-05
1.474395306038958e-02	3.653765e-05
1.475395306038958e-02	3.647804e-05
1.476395306038959e-02	3.647804e-05
1.477395306038959e-02	3.653765e-05
1.478395306038958e-02	3.653765e-05
1.479395306038958e-02	3.647804e-05
1.480395306038958e-02	3.647804e-05
1.481395306038959e-02	3.647804e-05
1.482395306038958e-02	3.647804e-05
1.483395306038958e-02	3.647804e-05
1.484395306038958e-02	3.647804e-05
1.485395306038959e-02	3.647804e-05
1.486395306038958e-02	3.647804e-05
1.487395306038958e-02	3.653765e-05
1.488395306038958e-02	3.647804e-05
1.489395306038959e-02	3.647804e-05
1.490395306038958e-02	3.647804e-05
1.491395306038958e-02	3.653765e-05
1.492395306038958e-02	3.653765e-05
1.493395306038959e-02	3.647804e-05
1.494395306038959e-02	3.647804e-05
1.495395306038958e-02	3.653765e-05
1.496395306038958e-02	3.653765e-05
1.497395306038958e-02	3.647804e-05
1.498395306038959e-02	3.653765e-05
1.499395306038958e-02	3.653765e-05
1.500395306038958e-02	3.647804e-05
1.501395306038958e-02	3.647804e-05
1.502395306038959e-02	3.647804e-05
1.503395306038958e-02	3.647804e-05
1.504395306038958e-02	3.653765e-05
1.505395306038958e-02	3.647804e-05
1.506395306038959e-02	3.647804e-05
1.507395306038959e-02	3.653765e-05
1.508395306038958e-02	3.647804e-05
1.509395306038958e-02	3.653765e-05
1.510395306038958e-02	3.647804e-05
1.511395306038959e-02	3.647804e-05
1.512395306038958e-02	3.653765e-05
1.513395306038958e-02	3.647804e-05
1.514395306038958e-02	3.647804e-05
1.515395306038959e-02	3.647804e-05
1.516395306038958e-02	3.647804e-05
1.517395306038958e-02	3.653765e-05
1.518395306038958e-02	3.647804e-05
1.519395306038959e-02	3.647804e-05
1.520395306038958e-02	3.647804e-05
1.521395306038958e-02	3.647804e-05
1.522395306038958e-02	3.647804e-05
1.523395306038959e-02	3.653765e-05
1.524395306038959e-02	3.647804e-05
1.525395306038958e-02	3.647804e-05
1.526395306038958e-02	3.647804e-05
1.527395306038958e-02	3.647804e-05
1.528395306038959e-02	3.653765e-05
1.529395306038958e-02	3.647804e-05
1.530395306038958e-02	3.647804e-05
1.531395306038958e-02	3.653765e-05
1.532395306038959e-02	3.647804e-05
1.533395306038958e-02	3.647804e-05
1.534395306038958e-02	3.647804e-05
1.535395306038958e-02	3.647804e-05
1.536395306038959e-02	3.647804e-05
1.537395306038958e-02	3.653765e-05
1.538395306038958e-02	3.647804e-05
1.539395306038958e-02	3.647804e-05
1.540395306038959e-02	3.653765e-05
1.541395306038959e-02	3.647804e-05
1.542395306038958e-02	3.647804e-05
1.543395306038958e-02	3.647804e-05
1.544395306038958e-02	3.653765e-05
1.545395306038959e-02	3.647804e-05
1.546395306038958e-02	3.647804e-05
1.547395306038958e-02	3.647804e-05
1.548395306038958e-02	3.647804e-05
1.549395306038959e-02	3.647804e-05
1.550395306038958e-02	3.647804e-05
1.551395306038958e-02	3.647804e-05
1.552395306038958e-02	3.647804e-05
1.553395306038959e-02	3.647804e-05
1.554395306038958e-02	3.647804e-05
1.555395306038958e-02	3.647804e-05
1.556395306038958e-02	3.647804e-05
1.557395306038959e-02	3.647804e-05
1.558395306038959e-02	3.653765e-05
1.559395306038958e-02	3.653765e-05
1.560395306038958e-02	3.647804e-05
1.561395306038958e-02	3.647804e-05
1.562395306038959e-02	3.647804e-05
1.563395306038958e-02	3.653765e-05
1.564395306038958e-02	3.647804e-05
1.565395306038958e-02	3.647804e-05
1.566395306038958e-02	3.653765e-05
1.567395306038958e-02	3.647804e-05
1.568395306038959e-02	3.647804e-05
1.569395306038959e-02	3.653765e-05
1.570395306038959e-02	3.647804e-05
1.571395306038958e-02	3.653765e-05
1.572395306038958e-02	3.647804e-05
1.573395306038958e-02	3.653765e-05
1.574395306038958e-02	3.647804e-05
1.575395306038958e-02	3.653765e-05
1.576395306038958e-02	3.647804e-05
1.577395306038959e-02	3.653765e-05
1.578395306038959e-02	3.647804e-05
1.579395306038959e-02	3.647804e-05
1.580395306038958e-02	3.653765e-05
1.581395306038958e-02	3.647804e-05
1.582395306038958e-02	3.647804e-05
1.583395306038958e-02	3.647804e-05
1.584395306038958e-02	3.647804e-05
1.585395306038959e-02	3.653765e-05
1.586395306038959e-02	3.653765e-05
1.587395306038959e-02	3.647804e-05
1.588395306038958e-02	3.647804e-05
1.589395306038958e-02	3.653765e-05
1.590395306038958e-02	3.653765e-05
1.591395306038958e-02	3.647804e-05
1.592395306038958e-02	3.647804e-05
1.593395306038958e-02	3.647804e-05
1.594395306038959e-02	3.647804e-05
1.595395306038959e-02	3.653765e-05
1.596395306038959e-02	3.653765e-05
1.597395306038958e-02	3.647804e-05
1.598395306038958e-02	3.647804e-05
1.599395306038958e-02	3.647804e-05
1.600395306038958e-02	3.647804e-05
1.601395306038958e-02	3.647804e-05
1.602395306038959e-02	3.647804e-05
1.603395306038959e-02	3.647804e-05
1.604395306038959e-02	3.647804e-05
1.605395306038958e-02	3.647804e-05
1.606395306038958e-02	3.647804e-05
1.607395306038958e-02	3.647804e-05
1.608395306038958e-02	3.647804e-05
1.609395306038958e-02	3.647804e-05
1.610395306038958e-02	3.647804e-05
1.611395306038959e-02	3.647804e-05
1.612395306038959e-02	3.647804e-05
1.613395306038959e-02	3.647804e-05
1.614395306038958e-02	3.653765e-05
1.615395306038958e-02	3.653765e-05
1.616395306038958e-02	3.647804e-05
1.617395306038958e-02	3.647804e-05
1.618395306038958e-02	3.647804e-05
1.619395306038959e-02	3.647804e-05
1.620395306038959e-02	3.653765e-05
1.621395306038959e-02	3.653765e-05
1.622395306038958e-02	3.647804e-05
1.623395306038958e-02	3.647804e-05
1.624395306038958e-02	3.647804e-05
1.625395306038958e-02	3.647804e-05
1.626395306038958e-02	3.647804e-05
1.627395306038958e-02	3.647804e-05
1.628395306038959e-02	3.647804e-05
1.629395306038959e-02	3.647804e-05
1.630395306038959e-02	3.647804e-05
1.631395306038958e-02	3.647804e-05
1.632395306038958e-02	3.647804e-05
1.633395306038958e-02	3.653765e-05
1.634395306038958e-02	3.647804e-05
1.635395306038958e-02	3.647804e-05
1.636395306038959e-02	3.653765e-05
1.637395306038959e-02	3.647804e-05
1.638395306038959e-02	3.647804e-05
1.639395306038958e-02	3.653765e-05
1.640395306038958e-02	3.647804e-05
1.641395306038958e-02	3.647804e-05
1.642395306038958e-02	3.647804e-05
1.643395306038958e-02	3.647804e-05
1.644395306038958e-02	3.653765e-05
1.645395306038959e-02	3.647804e-05
1.646395306038959e-02	3.647804e-05
1.647395306038959e-02	3.653765e-05
1.648395306038958e-02	3.647804e-05
1.649395306038958e-02	3.653765e-05
1.650395306038958e-02	3.647804e-05
1.651395306038958e-02	3.647804e-05
1.652395306038958e-02	3.647804e-05
1.653395306038959e-02	3.647804e-05
1.654395306038959e-02	3.647804e-05
1.655395306038959e-02	3.647804e-05
1.656395306038959e-02	3.647804e-05
1.657395306038958e-02	3.647804e-05
1.658395306038958e-02	3.647804e-05
1.659395306038958e-02	3.647804e-05
1.660395306038958e-02	3.647804e-05
1.661395306038958e-02	3.647804e-05
1.662395306038959e-02	3.647804e-05
1.663395306038959e-02	3.647804e-05
1.664395306038959e-02	3.647804e-05
1.665395306038958e-02	3.647804e-05
1.666395306038958e-02	3.647804e-05
1.667395306038958e-02	3.647804e-05
1.668395306038958e-02	3.647804e-05
1.669395306038958e-02	3.653765e-05
1.670395306038958e-02	3.647804e-05
1.671395306038959e-02	3.653765e-05
1.672395306038959e-02	3.647804e-05
1.673395306038959e-02	3.647804e-05
1.674395306038958e-02	3.653765e-05
1.675395306038958e-02	3.647804e-05
1.676395306038958e-02	3.647804e-05
1.677395306038958e-02	3.647804e-05
1.678395306038958e-02	3.647804e-05
1.679395306038959e-02	3.653765e-05
1.680395306038959e-02	3.647804e-05
1.681395306038959e-02	3.653765e-05
1.682395306038958e-02	3.653765e-05
1.683395306038958e-02	3.647804e-05
1.684395306038958e-02	3.647804e-05
1.685395306038958e-02	3.647804e-05
1.686395306038958e-02	3.647804e-05
1.687395306038958e-02	3.653765e-05
1.688395306038959e-02	3.647804e-05
1.689395306038959e-02	3.647804e-05
1.690395306038959e-02	3.653765e-05
1.691395306038958e-02	3.647804e-05
1.692395306038958e-02	3.647804e-05
1.693395306038958e-02	3.653765e-05
1.694395306038958e-02	3.647804e-05
1.695395306038958e-02	3.647804e-05
1.696395306038959e-02	3.647804e-05
1.697395306038959e-02	3.647804e-05
1.698395306038959e-02	3.647804e-05
1.699395306038958e-02	3.647804e-05
1.700395306038958e-02	3.653765e-05
1.701395306038958e-02	3.647804e-05
1.702395306038958e-02	3.647804e-05
1.703395306038958e-02	3.653765e-05
1.704395306038958e-02	3.647804e-05
1.705395306038959e-02	3.647804e-05
1.706395306038959e-02	3.647804e-05
1.707395306038959e-02	3.653765e-05
1.708395306038958e-02	3.647804e-05
1.709395306038958e-02	3.647804e-05
1.710395306038958e-02	3.647804e-05
1.711395306038958e-02	3.647804e-05
1.712395306038958e-02	3.647804e-05
1.713395306038959e-02	3.647804e-05
1.714395306038959e-02	3.647804e-05
1.715395306038959e-02	3.647804e-05
1.716395306038958e-02	3.647804e-05
1.717395306038958e-02	3.647804e-05
1.718395306038958e-02	3.647804e-05
1.719395306038958e-02	3.653765e-05
1.720395306038958e-02	3.647804e-05
1.721395306038958e-02	3.647804e-05
1.722395306038959e-02	3.647804e-05
1.723395306038959e-02	3.653765e-05
1.724395306038959e-02	3.653765e-05
1.725395306038958e-02	3.647804e-05
1.726395306038958e-02	3.647804e-05
1.727395306038958e-02	3.647804e-05
1.728395306038958e-02	3.653765e-05
1.729395306038958e-02	3.647804e-05
1.730395306038959e-02	3.647804e-05
1.731395306038959e-02	3.647804e-05
1.732395306038959e-02	3.647804e-05
1.733395306038958e-02	3.653765e-05
1.734395306038958e-02	3.653765e-05
1.735395306038958e-02	3.647804e-05
1.736395306038958e-02	3.647804e-05
1.737395306038958e-02	3.647804e-05
1.738395306038958e-02	3.647804e-05
1.739395306038959e-02	3.653765e-05
1.740395306038959e-02	3.647804e-05
1.741395306038959e-02	3.647804e-05
1.742395306038958e-02	3.647804e-05
1.743395306038958e-02	3.647804e-05
1.744395306038958e-02	3.647804e-05
1.745395306038958e-02	3.653765e-05
1.746395306038958e-02	3.647804e-05
1.747395306038959e-02	3.647804e-05
1.748395306038959e-02	3.647804e-05
1.749395306038959e-02	3.647804e-05
1.750395306038958e-02	3.647804e-05
1.751395306038958e-02	3.653765e-05
1.752395306038958e-02	3.653765e-05
1.753395306038958e-02	3.647804e-05
1.754395306038958e-02	3.647804e-05
1.755395306038958e-02	3.647804e-05
1.756395306038959e-02	3.647804e-05
1.757395306038959e-02	3.653765e-05
1.758395306038959e-02	3.653765e-05
1.759395306038958e-02	3.647804e-05
1.760395306038958e-02	3.647804e-05
1.761395306038958e-02	3.647804e-05
1.762395306038958e-02	3.647804e-05
1.763395306038958e-02	3.647804e-05
1.764395306038959e-02	3.647804e-05
1.765395306038959e-02	3.653765e-05
1.766395306038959e-02	3.653765e-05
1.767395306038958e-02	3.647804e-05
1.768395306038958e-02	3.647804e-05
1.769395306038958e-02	3.647804e-05
1.770395306038958e-02	3.647804e-05
1.771395306038958e-02	3.647804e-05
1.772395306038958e-02	3.647804e-05
1.773395306038959e-02	3.653765e-05
1.774395306038959e-02	3.653765e-05
1.775395306038959e-02	3.647804e-05
1.776395306038958e-02	3.647804e-05
1.777395306038958e-02	3.647804e-05
1.778395306038958e-02	3.647804e-05
1.779395306038958e-02	3.647804e-05
1.780395306038958e-02	3.647804e-05
1.781395306038959e-02	3.647804e-05
1.782395306038959e-02	3.647804e-05
1.783395306038959e-02	3.653765e-05
1.784395306038958e-02	3.653765e-05
1.785395306038958e-02	3.647804e-05
1.786395306038958e-02	3.647804e-05
1.787395306038958e-02	3.647804e-05
1.788395306038958e-02	3.647804e-05
1.789395306038958e-02	3.647804e-05
1.790395306038959e-02	3.647804e-05
1.791395306038959e-02	3.647804e-05
1.792395306038959e-02	3.647804e-05
1.793395306038958e-02	3.653765e-05
1.794395306038958e-02	3.653765e-05
1.795395306038958e-02	3.653765e-05
1.796395306038958e-02	3.653765e-05
1.797395306038958e-02	3.647804e-05
1.798395306038958e-02	3.647804e-05
1.799395306038959e-02	3.647804e-05
1.800395306038959e-02	3.647804e-05
1.801395306038958e-02	3.647804e-05
1.802395306038958e-02	3.647804e-05
1.803395306038958e-02	3.647804e-05
1.804395306038958e-02	3.647804e-05
1.805395306038958e-02	3.653765e-05
1.806395306038958e-02	3.653765e-05
1.807395306038959e-02	3.653765e-05
1.808395306038959e-02	3.653765e-05
1.809395306038959e-02	3.647804e-05
1.810395306038958e-02	3.647804e-05
1.811395306038958e-02	3.647804e-05
1.812395306038958e-02	3.647804e-05
1.813395306038958e-02	3.647804e-05
1.814395306038958e-02	3.647804e-05
1.815395306038958e-02	3.647804e-05
1.816395306038959e-02	3.647804e-05
1.817395306038959e-02	3.647804e-05
1.818395306038958e-02	3.647804e-05
1.819395306038958e-02	3.653765e-05
1.820395306038958e-02	3.647804e-05
1.821395306038958e-02	3.653765e-05
1.822395306038958e-02	3.653765e-05
1.823395306038958e-02	3.653765e-05
1.824395306038959e-02	3.653765e-05
1.825395306038959e-02	3.647804e-05
1.826395306038959e-02	3.647804e-05
1.827395306038958e-02	3.647804e-05
1.828395306038958e-02	3.647804e-05
1.829395306038958e-02	3.647804e-05
1.830395306038958e-02	3.647804e-05
1.831395306038958e-02	3.647804e-05
1.832395306038958e-02	3.647804e-05
1.833395306038959e-02	3.647804e-05
1.834395306038959e-02	3.647804e-05
1.835395306038958e-02	3.647804e-05
1.836395306038958e-02	3.647804e-05
1.837395306038958e-02	3.653765e-05
1.838395306038958e-02	3.647804e-05
1.839395306038958e-02	3.653765e-05
1.840395306038958e-02	3.653765e-05
1.841395306038959e-02	3.653765e-05
1.842395306038959e-02	3.653765e-05
1.843395306038959e-02	3.647804e-05
1.844395306038958e-02	3.647804e-05
1.845395306038958e-02	3.647804e-05
1.846395306038958e-02	3.647804e-05
1.847395306038958e-02	3.647804e-05
1.848395306038958e-02	3.647804e-05
1.849395306038958e-02	3.647804e-05
1.850395306038959e-02	3.647804e-05
1.851395306038959e-02	3.647804e-05
1.852395306038958e-02	3.647804e-05
1.853395306038958e-02	3.647804e-05
1.854395306038958e-02	3.647804e-05
1.855395306038958e-02	3.647804e-05
1.856395306038958e-02	3.647804e-05
1.857395306038958e-02	3.647804e-05
1.858395306038959e-02	3.647804e-05
1.859395306038959e-02	3.647804e-05
1.860395306038959e-02	3.647804e-05
1.861395306038958e-02	3.653765e-05
1.862395306038958e-02	3.653765e-05
1.863395306038958e-02	3.653765e-05
1.864395306038958e-02	3.653765e-05
1.865395306038958e-02	3.653765e-05
1.866395306038958e-02	3.653765e-05
1.867395306038959e-02	3.653765e-05
1.868395306038959e-02	3.653765e-05
1.869395306038958e-02	3.653765e-05
1.870395306038958e-02	3.653765e-05
1.871395306038958e-02	3.647804e-05
1.872395306038958e-02	3.647804e-05
1.873395306038958e-02	3.647804e-05
1.874395306038958e-02	3.647804e-05
1.875395306038959e-02	3.647804e-05
1.876395306038959e-02	3.647804e-05
1.877395306038959e-02	3.647804e-05
1.878395306038958e-02	3.647804e-05
1.879395306038958e-02	3.647804e-05
1.880395306038958e-02	3.647804e-05
1.881395306038958e-02	3.647804e-05
1.882395306038958e-02	3.647804e-05
1.883395306038958e-02	3.647804e-05
1.884395306038959e-02	3.647804e-05
1.885395306038959e-02	3.647804e-05
1.886395306038958e-02	3.647804e-05
1.887395306038958e-02	3.647804e-05
1.888395306038958e-02	3.647804e-05
1.889395306038958e-02	3.647804e-05
1.890395306038958e-02	3.647804e-05
1.891395306038958e-02	3.647804e-05
1.892395306038959e-02	3.647804e-05
1.893395306038959e-02	3.653765e-05
1.894395306038959e-02	3.647804e-05
1.895395306038958e-02	3.653765e-05
1.896395306038958e-02	3.647804e-05
1.897395306038958e-02	3.653765e-05
1.898395306038958e-02	3.653765e-05
1.899395306038958e-02	3.653765e-05
1.900395306038958e-02	3.653765e-05
1.901395306038959e-02	3.653765e-05
1.902395306038959e-02	3.653765e-05
1.903395306038958e-02	3.653765e-05
1.904395306038958e-02	3.653765e-05
1.905395306038958e-02	3.647804e-05
1.906395306038958e-02	3.647804e-05
1.907395306038958e-02	3.647804e-05
1.908395306038958e-02	3.647804e-05
1.909395306038959e-02	3.647804e-05
1.910395306038959e-02	3.647804e-05
1.911395306038959e-02	3.647804e-05
1.912395306038958e-02	3.647804e-05
1.913395306038958e-02	3.647804e-05
1.914395306038958e-02	3.647804e-05
1.915395306038958e-02	3.647804e-05
1.916395306038958e-02	3.647804e-05
1.917395306038958e-02	3.647804e-05
1.918395306038959e-02	3.647804e-05
1.919395306038959e-02	3.647804e-05
1.920395306038958e-02	3.647804e-05
1.921395306038958e-02	3.647804e-05
1.922395306038958e-02	3.647804e-05
1.923395306038958e-02	3.647804e-05
1.924395306038958e-02	3.647804e-05
1.925395306038958e-02	3.647804e-05
1.926395306038958e-02	3.647804e-05
1.927395306038959e-02	3.647804e-05
1.928395306038959e-02	3.647804e-05
1.929395306038958e-02	3.647804e-05
1.930395306038958e-02	3.647804e-05
1.931395306038958e-02	3.647804e-05
1.932395306038958e-02	3.647804e-05
1.933395306038958e-02	3.647804e-05
1.934395306038958e-02	3.647804e-05
1.935395306038959e-02	3.647804e-05
1.936395306038959e-02	3.647804e-05
1.937395306038959e-02	3.647804e-05
1.938395306038958e-02	3.647804e-05
1.939395306038958e-02	3.647804e-05
1.940395306038958e-02	3.647804e-05
1.941395306038958e-02	3.647804e-05
1.942395306038958e-02	3.647804e-05
1.943395306038958e-02	3.647804e-05
1.944395306038959e-02	3.647804e-05
1.945395306038959e-02	3.647804e-05
1.946395306038958e-02	3.647804e-05
1.947395306038958e-02	3.647804e-05
1.948395306038958e-02	3.647804e-05
1.949395306038958e-02	3.647804e-05
1.950395306038958e-02	3.647804e-05
1.951395306038958e-02	3.647804e-05
1.952395306038959e-02	3.647804e-05
1.953395306038959e-02	3.653765e-05
1.954395306038959e-02	3.647804e-05
1.955395306038958e-02	3.653765e-05
1.956395306038958e-02	3.647804e-05
1.957395306038958e-02	3.653765e-05
1.958395306038958e-02	3.647804e-05
1.959395306038958e-02	3.653765e-05
1.960395306038958e-02	3.653765e-05
1.961395306038959e-02	3.653765e-05
1.962395306038959e-02	3.653765e-05
1.963395306038958e-02	3.653765e-05
1.964395306038958e-02	3.653765e-05
1.965395306038958e-02	3.653765e-05
1.966395306038958e-02	3.653765e-05
1.967395306038958e-02	3.653765e-05
1.968395306038958e-02	3.653765e-05
1.969395306038959e-02	3.653765e-05
1.970395306038959e-02	3.653765e-05
1.971395306038959e-02	3.653765e-05
1.972395306038958e-02	3.653765e-05
1.973395306038958e-02	3.653765e-05
1.974395306038958e-02	3.653765e-05
1.975395306038958e-02	3.653765e-05
1.976395306038958e-02	3.653765e-05
1.977395306038958e-02	3.653765e-05
1.978395306038959e-02	3.653765e-05
1.979395306038959e-02	3.653765e-05
1.980395306038958e-02	3.653765e-05
1.981395306038958e-02	3.653765e-05
1.982395306038958e-02	3.653765e-05
1.983395306038958e-02	3.653765e-05
1.984395306038958e-02	3.653765e-05
1.985395306038958e-02	3.653765e-05
1.986395306038959e-02	3.653765e-05
1.987395306038959e-02	3.653765e-05
1.988395306038959e-02	3.653765e-05
1.989395306038958e-02	3.653765e-05
1.990395306038958e-02	3.653765e-05
1.991395306038958e-02	3.653765e-05
1.992395306038958e-02	3.653765e-05
1.993395306038958e-02	3.653765e-05
1.994395306038958e-02	3.653765e-05
1.995395306038959e-02	3.647804e-05
1.996395306038959e-02	3.647804e-05
1.997395306038958e-02	3.647804e-05
1.998395306038958e-02	3.647804e-05
1.999395306038958e-02	3.647804e-05
2.000000000000000e-02	3.647804e-05
