time	I(Vcell15)
0.000000000000000e+00	-4.576911e-07
9.999999439624929e-11	-4.566116e-07
1.999999887924986e-10	-4.555554e-07
3.999999775849972e-10	-4.533973e-07
7.999999551699943e-10	-4.488448e-07
1.599999910339989e-09	-4.391634e-07
3.199999820679977e-09	-4.189875e-07
6.399999641359955e-09	-3.785298e-07
1.279999928271991e-08	-2.997922e-07
2.559999856543982e-08	-1.500231e-07
5.119999713087964e-08	1.853774e-07
9.252086015392878e-08	5.791802e-06
1.510108255199229e-07	-4.434705e-07
2.057100597986555e-07	-2.199016e-06
2.711922111406751e-07	-4.264863e-06
3.308265500931712e-07	-5.485151e-06
4.437637066066846e-07	-6.261744e-06
4.641460748959371e-07	-6.250352e-06
5.049108114744420e-07	-6.231966e-06
5.864402846314519e-07	-6.193094e-06
7.494992309454717e-07	-6.123524e-06
1.075617123573511e-06	-6.034139e-06
1.633703576190409e-06	-5.945446e-06
2.330216949111736e-06	-5.869917e-06
3.315445015460415e-06	-5.770135e-06
4.937294372468760e-06	-5.615516e-06
8.180993086485451e-06	-5.331269e-06
1.466839051451883e-05	-9.236247e-06
2.466839051451883e-05	-2.649937e-05
3.466839051451883e-05	-3.756164e-05
4.466839051451883e-05	-4.247396e-05
5.466839051451883e-05	-4.267529e-05
6.466839051451883e-05	-3.972774e-05
7.466839051451883e-05	-3.631442e-05
8.466839051451883e-05	-3.338577e-05
9.466839051451883e-05	-3.064178e-05
1.000000009999994e-04	-2.931863e-05
1.000000019999994e-04	-2.931872e-05
1.000000179999994e-04	-2.931872e-05
1.000000499999994e-04	-2.931880e-05
1.000001139999994e-04	-2.931925e-05
1.000002419999994e-04	-2.932048e-05
1.000004979999994e-04	-2.932232e-05
1.000010099999994e-04	-2.932261e-05
1.000020339999994e-04	-2.931921e-05
1.000040819999994e-04	-2.931543e-05
1.000081779999994e-04	-2.931476e-05
1.000163699999994e-04	-2.931350e-05
1.000327539999994e-04	-2.931109e-05
1.000655219999995e-04	-2.930544e-05
1.001310579999995e-04	-2.929131e-05
1.002621299999997e-04	-2.925992e-05
1.005242740000000e-04	-2.919636e-05
1.010485620000006e-04	-2.907003e-05
1.020971380000018e-04	-2.881906e-05
1.041942900000042e-04	-2.832396e-05
1.083885940000089e-04	-2.735729e-05
1.167772020000184e-04	-2.551104e-05
1.267772020000184e-04	-2.346887e-05
1.367772020000184e-04	-2.160300e-05
1.467772020000184e-04	-1.989696e-05
1.567772020000184e-04	-1.833476e-05
1.667772020000184e-04	-1.687850e-05
1.767772020000184e-04	-1.554407e-05
1.867772020000184e-04	-1.430802e-05
1.967772020000184e-04	-1.317238e-05
2.067772020000184e-04	-1.212443e-05
2.167772020000184e-04	-1.116818e-05
2.267772020000184e-04	-1.027007e-05
2.367772020000184e-04	-9.432441e-06
2.467772020000184e-04	-8.638538e-06
2.567772020000184e-04	-2.810529e-05
2.667772020000184e-04	-2.467079e-05
2.767772020000184e-04	-4.138479e-05
2.867772020000184e-04	-3.172719e-05
2.967772020000184e-04	-4.478018e-05
3.067772020000184e-04	-3.631067e-05
3.167772020000184e-04	-4.844437e-05
3.267772020000184e-04	-4.048633e-05
3.367772020000184e-04	-5.129138e-05
3.467772020000184e-04	-4.397959e-05
3.567772020000184e-04	-5.403151e-05
3.667772020000184e-04	-4.736472e-05
3.767772020000184e-04	-5.667063e-05
3.867772020000184e-04	-5.095006e-05
3.942704178490889e-04	-5.436004e-03
4.015492982945103e-04	-1.655751e-02
4.084628755706322e-04	-2.858058e-02
4.150039576297367e-04	-4.052427e-02
4.209757289889120e-04	-4.782722e-02
4.268566498364236e-04	-5.225512e-02
4.334697236684645e-04	-5.661777e-02
4.409004226194226e-04	-6.134013e-02
4.509004226194226e-04	-6.738365e-02
4.609004226194226e-04	-7.334015e-02
4.709004226194226e-04	-7.911712e-02
4.809004226194226e-04	-8.489028e-02
4.909004226194226e-04	-9.052970e-02
5.009004226194226e-04	-9.619752e-02
5.109004226194226e-04	-1.017505e-01
5.209004226194226e-04	-1.073480e-01
5.309004226194226e-04	-1.128394e-01
5.409004226194226e-04	-1.183848e-01
5.509004226194226e-04	-1.238284e-01
5.609004226194226e-04	-1.293320e-01
5.709004226194226e-04	-1.347360e-01
5.809004226194226e-04	-1.402043e-01
5.909004226194226e-04	-1.455739e-01
6.009004226194226e-04	-1.510112e-01
6.109004226194226e-04	-1.550994e-01
6.209004226194226e-04	-1.559565e-01
6.309004226194226e-04	-1.563682e-01
6.409004226194226e-04	-1.566244e-01
6.509004226194226e-04	-1.568176e-01
6.609004226194226e-04	-1.569595e-01
6.709004226194226e-04	-1.570838e-01
6.809004226194225e-04	-1.571790e-01
6.909004226194226e-04	-1.572711e-01
7.009004226194226e-04	-1.573499e-01
7.109004226194226e-04	-1.574352e-01
7.209004226194225e-04	-1.575055e-01
7.309004226194226e-04	-1.575807e-01
7.409004226194226e-04	-1.576401e-01
7.509004226194226e-04	-1.577046e-01
7.609004226194225e-04	-1.577538e-01
7.709004226194226e-04	-1.578088e-01
7.809004226194226e-04	-1.578493e-01
7.909004226194226e-04	-1.578963e-01
8.009004226194225e-04	-1.579294e-01
8.109004226194226e-04	-1.579698e-01
8.209004226194226e-04	-1.579969e-01
8.309004226194226e-04	-1.580319e-01
8.409004226194225e-04	-1.580541e-01
8.509004226194226e-04	-1.580846e-01
8.609004226194226e-04	-1.581027e-01
8.709004226194226e-04	-1.581295e-01
8.809004226194225e-04	-1.581442e-01
8.909004226194226e-04	-1.581680e-01
9.009004226194226e-04	-1.581799e-01
9.109004226194226e-04	-1.582011e-01
9.209004226194225e-04	-1.582107e-01
9.309004226194226e-04	-1.582298e-01
9.409004226194226e-04	-1.582373e-01
9.509004226194226e-04	-1.582546e-01
9.609004226194225e-04	-1.582604e-01
9.709004226194225e-04	-1.582762e-01
9.809004226194226e-04	-1.582806e-01
9.909004226194226e-04	-1.582951e-01
1.000000000000000e-03	-1.582975e-01
1.000000001000000e-03	-1.583049e-01
1.000000017000000e-03	-1.583049e-01
1.000000049000000e-03	-1.583111e-01
1.000000113000000e-03	-1.583083e-01
1.000000241000000e-03	-1.583131e-01
1.000000497000000e-03	-1.583068e-01
1.000001009000000e-03	-1.583083e-01
1.000002033000000e-03	-1.583001e-01
1.000004081000000e-03	-1.583026e-01
1.000008177000000e-03	-1.582977e-01
1.000016369000001e-03	-1.583025e-01
1.000032753000001e-03	-1.582978e-01
1.000065521000002e-03	-1.583026e-01
1.000131057000004e-03	-1.582979e-01
1.000262129000007e-03	-1.583028e-01
1.000524273000015e-03	-1.582983e-01
1.001048561000029e-03	-1.583034e-01
1.002097137000058e-03	-1.582995e-01
1.004194289000116e-03	-1.583060e-01
1.008388593000232e-03	-1.583046e-01
1.016777201000463e-03	-1.583157e-01
1.026777201000463e-03	-1.583182e-01
1.036777201000463e-03	-1.583297e-01
1.046777201000463e-03	-1.583313e-01
1.056777201000463e-03	-1.583419e-01
1.066777201000463e-03	-1.583428e-01
1.076777201000463e-03	-1.583527e-01
1.086777201000463e-03	-1.583529e-01
1.096777201000463e-03	-1.583623e-01
1.106777201000463e-03	-1.583619e-01
1.116777201000463e-03	-1.583707e-01
1.126777201000463e-03	-1.583699e-01
1.136777201000463e-03	-1.583782e-01
1.146777201000463e-03	-1.583769e-01
1.156777201000463e-03	-1.583849e-01
1.166777201000463e-03	-1.583831e-01
1.176777201000463e-03	-1.583907e-01
1.186777201000463e-03	-1.583887e-01
1.196777201000463e-03	-1.583960e-01
1.206777201000463e-03	-1.583936e-01
1.216777201000463e-03	-1.584006e-01
1.226777201000463e-03	-1.583980e-01
1.236777201000463e-03	-1.584048e-01
1.246777201000463e-03	-1.584019e-01
1.256777201000463e-03	-1.584084e-01
1.266777201000463e-03	-1.584054e-01
1.276777201000463e-03	-1.584117e-01
1.286777201000463e-03	-1.584085e-01
1.296777201000463e-03	-1.584146e-01
1.306777201000463e-03	-1.584113e-01
1.316777201000463e-03	-1.584173e-01
1.326777201000463e-03	-1.584137e-01
1.336777201000463e-03	-1.584196e-01
1.346777201000463e-03	-1.584159e-01
1.356777201000463e-03	-1.584217e-01
1.366777201000463e-03	-1.584179e-01
1.376777201000463e-03	-1.584235e-01
1.386777201000463e-03	-1.584197e-01
1.396777201000463e-03	-1.584252e-01
1.406777201000463e-03	-1.584212e-01
1.416777201000463e-03	-1.584267e-01
1.426777201000463e-03	-1.584226e-01
1.436777201000463e-03	-1.584280e-01
1.446777201000463e-03	-1.584239e-01
1.456777201000463e-03	-1.584292e-01
1.466777201000463e-03	-1.584250e-01
1.476777201000463e-03	-1.584302e-01
1.486777201000463e-03	-1.584260e-01
1.496777201000463e-03	-1.584312e-01
1.506777201000463e-03	-1.584269e-01
1.516777201000463e-03	-1.584321e-01
1.526777201000463e-03	-1.584277e-01
1.536777201000463e-03	-1.584328e-01
1.546777201000463e-03	-1.584284e-01
1.556777201000463e-03	-1.584335e-01
1.566777201000463e-03	-1.584291e-01
1.576777201000463e-03	-1.584341e-01
1.586777201000463e-03	-1.584297e-01
1.596777201000463e-03	-1.584346e-01
1.606777201000463e-03	-1.584302e-01
1.616777201000463e-03	-1.584351e-01
1.626777201000463e-03	-1.584306e-01
1.636777201000463e-03	-1.584356e-01
1.646777201000463e-03	-1.584310e-01
1.656777201000463e-03	-1.584360e-01
1.666777201000463e-03	-1.584314e-01
1.676777201000463e-03	-1.584363e-01
1.686777201000463e-03	-1.584317e-01
1.696777201000463e-03	-1.584366e-01
1.706777201000463e-03	-1.584320e-01
1.716777201000463e-03	-1.584369e-01
1.726777201000463e-03	-1.584323e-01
1.736777201000463e-03	-1.584372e-01
1.746777201000463e-03	-1.584325e-01
1.756777201000463e-03	-1.584374e-01
1.766777201000463e-03	-1.584328e-01
1.776777201000463e-03	-1.584376e-01
1.786777201000463e-03	-1.584330e-01
1.796777201000463e-03	-1.584378e-01
1.806777201000463e-03	-1.584331e-01
1.816777201000463e-03	-1.584379e-01
1.826777201000463e-03	-1.584333e-01
1.836777201000463e-03	-1.584381e-01
1.846777201000463e-03	-1.584334e-01
1.856777201000463e-03	-1.584382e-01
1.866777201000463e-03	-1.584335e-01
1.876777201000463e-03	-1.584383e-01
1.886777201000463e-03	-1.584337e-01
1.896777201000463e-03	-1.584384e-01
1.906777201000463e-03	-1.584338e-01
1.916777201000463e-03	-1.584385e-01
1.926777201000463e-03	-1.584338e-01
1.936777201000463e-03	-1.584386e-01
1.946777201000463e-03	-1.584339e-01
1.956777201000463e-03	-1.584387e-01
1.966777201000463e-03	-1.584340e-01
1.976777201000463e-03	-1.584388e-01
1.986777201000463e-03	-1.584341e-01
1.996777201000463e-03	-1.584388e-01
2.006777201000463e-03	-1.584341e-01
2.016777201000463e-03	-1.584389e-01
2.026777201000463e-03	-1.584342e-01
2.036777201000463e-03	-1.584389e-01
2.046777201000463e-03	-1.584342e-01
2.056777201000463e-03	-1.584390e-01
2.066777201000463e-03	-1.584343e-01
2.076777201000463e-03	-1.584390e-01
2.086777201000463e-03	-1.584343e-01
2.096777201000463e-03	-1.584391e-01
2.106777201000463e-03	-1.584343e-01
2.116777201000463e-03	-1.584391e-01
2.126777201000463e-03	-1.584344e-01
2.136777201000463e-03	-1.584391e-01
2.146777201000463e-03	-1.584344e-01
2.156777201000463e-03	-1.584391e-01
2.166777201000463e-03	-1.584344e-01
2.176777201000463e-03	-1.584392e-01
2.186777201000463e-03	-1.584344e-01
2.196777201000463e-03	-1.584392e-01
2.206777201000463e-03	-1.584345e-01
2.216777201000463e-03	-1.584392e-01
2.226777201000463e-03	-1.584345e-01
2.236777201000463e-03	-1.584392e-01
2.246777201000463e-03	-1.584345e-01
2.256777201000463e-03	-1.584392e-01
2.266777201000463e-03	-1.584345e-01
2.276777201000463e-03	-1.584392e-01
2.286777201000463e-03	-1.584345e-01
2.296777201000463e-03	-1.584392e-01
2.306777201000463e-03	-1.584345e-01
2.316777201000463e-03	-1.584393e-01
2.326777201000463e-03	-1.584345e-01
2.336777201000463e-03	-1.584393e-01
2.346777201000463e-03	-1.584345e-01
2.356777201000463e-03	-1.584393e-01
2.366777201000463e-03	-1.584346e-01
2.376777201000463e-03	-1.584393e-01
2.386777201000463e-03	-1.584346e-01
2.396777201000463e-03	-1.584393e-01
2.406777201000463e-03	-1.584346e-01
2.416777201000463e-03	-1.584393e-01
2.426777201000463e-03	-1.584346e-01
2.436777201000463e-03	-1.584393e-01
2.446777201000463e-03	-1.584346e-01
2.456777201000463e-03	-1.584393e-01
2.466777201000463e-03	-1.584346e-01
2.476777201000463e-03	-1.584393e-01
2.486777201000463e-03	-1.584346e-01
2.496777201000463e-03	-1.584393e-01
2.506777201000463e-03	-1.584346e-01
2.516777201000463e-03	-1.584393e-01
2.526777201000463e-03	-1.584346e-01
2.536777201000463e-03	-1.584393e-01
2.546777201000463e-03	-1.584346e-01
2.556777201000463e-03	-1.584393e-01
2.566777201000463e-03	-1.584346e-01
2.576777201000463e-03	-1.584393e-01
2.586777201000463e-03	-1.584346e-01
2.596777201000463e-03	-1.584393e-01
2.606777201000463e-03	-1.584346e-01
2.616777201000463e-03	-1.584393e-01
2.626777201000463e-03	-1.584346e-01
2.636777201000463e-03	-1.584393e-01
2.646777201000463e-03	-1.584346e-01
2.656777201000463e-03	-1.584393e-01
2.666777201000463e-03	-1.584346e-01
2.676777201000463e-03	-1.584393e-01
2.686777201000463e-03	-1.584346e-01
2.696777201000463e-03	-1.584394e-01
2.706777201000463e-03	-1.584346e-01
2.716777201000463e-03	-1.584394e-01
2.726777201000463e-03	-1.584346e-01
2.736777201000463e-03	-1.584394e-01
2.746777201000463e-03	-1.584346e-01
2.756777201000463e-03	-1.584394e-01
2.766777201000463e-03	-1.584346e-01
2.776777201000463e-03	-1.584394e-01
2.786777201000463e-03	-1.584346e-01
2.796777201000463e-03	-1.584394e-01
2.806777201000463e-03	-1.584346e-01
2.816777201000463e-03	-1.584394e-01
2.826777201000463e-03	-1.584346e-01
2.836777201000463e-03	-1.584394e-01
2.846777201000463e-03	-1.584346e-01
2.856777201000463e-03	-1.584394e-01
2.866777201000463e-03	-1.584346e-01
2.876777201000463e-03	-1.584394e-01
2.886777201000463e-03	-1.584346e-01
2.896777201000463e-03	-1.584394e-01
2.906777201000463e-03	-1.584346e-01
2.916777201000463e-03	-1.584394e-01
2.926777201000463e-03	-1.584346e-01
2.936777201000463e-03	-1.584394e-01
2.946777201000463e-03	-1.584346e-01
2.956777201000463e-03	-1.584394e-01
2.966777201000463e-03	-1.584346e-01
2.976777201000463e-03	-1.584394e-01
2.986777201000463e-03	-1.584346e-01
2.996777201000463e-03	-1.584394e-01
3.006777201000463e-03	-1.584346e-01
3.016777201000463e-03	-1.584394e-01
3.026777201000463e-03	-1.584346e-01
3.036777201000463e-03	-1.584394e-01
3.046777201000463e-03	-1.584346e-01
3.056777201000463e-03	-1.584394e-01
3.066777201000463e-03	-1.584346e-01
3.076777201000463e-03	-1.584394e-01
3.086777201000463e-03	-1.584346e-01
3.096777201000463e-03	-1.584394e-01
3.106777201000463e-03	-1.584346e-01
3.116777201000463e-03	-1.584394e-01
3.126777201000463e-03	-1.584346e-01
3.136777201000463e-03	-1.584394e-01
3.146777201000463e-03	-1.584346e-01
3.156777201000463e-03	-1.584394e-01
3.166777201000463e-03	-1.584346e-01
3.176777201000463e-03	-1.584394e-01
3.186777201000463e-03	-1.584346e-01
3.196777201000463e-03	-1.584394e-01
3.206777201000463e-03	-1.584346e-01
3.216777201000463e-03	-1.584394e-01
3.226777201000463e-03	-1.584346e-01
3.236777201000463e-03	-1.584394e-01
3.246777201000463e-03	-1.584346e-01
3.256777201000463e-03	-1.584394e-01
3.266777201000463e-03	-1.584346e-01
3.276777201000463e-03	-1.584394e-01
3.286777201000463e-03	-1.584346e-01
3.296777201000463e-03	-1.584394e-01
3.306777201000463e-03	-1.584346e-01
3.316777201000463e-03	-1.584394e-01
3.326777201000463e-03	-1.584346e-01
3.336777201000463e-03	-1.584394e-01
3.346777201000463e-03	-1.584346e-01
3.356777201000463e-03	-1.584394e-01
3.366777201000463e-03	-1.584346e-01
3.376777201000463e-03	-1.584394e-01
3.386777201000463e-03	-1.584346e-01
3.396777201000463e-03	-1.584394e-01
3.406777201000463e-03	-1.584346e-01
3.416777201000463e-03	-1.584394e-01
3.426777201000463e-03	-1.584346e-01
3.436777201000463e-03	-1.584394e-01
3.446777201000463e-03	-1.584346e-01
3.456777201000463e-03	-1.584394e-01
3.466777201000463e-03	-1.584346e-01
3.476777201000463e-03	-1.584394e-01
3.486777201000463e-03	-1.584346e-01
3.496777201000463e-03	-1.584394e-01
3.506777201000463e-03	-1.584346e-01
3.516777201000463e-03	-1.584394e-01
3.526777201000463e-03	-1.584346e-01
3.536777201000463e-03	-1.584394e-01
3.546777201000463e-03	-1.584346e-01
3.556777201000463e-03	-1.584394e-01
3.566777201000463e-03	-1.584346e-01
3.576777201000463e-03	-1.584394e-01
3.586777201000463e-03	-1.584346e-01
3.596777201000463e-03	-1.584394e-01
3.606777201000463e-03	-1.584346e-01
3.616777201000463e-03	-1.584394e-01
3.626777201000463e-03	-1.584346e-01
3.636777201000463e-03	-1.584394e-01
3.646777201000463e-03	-1.584346e-01
3.656777201000463e-03	-1.584394e-01
3.666777201000463e-03	-1.584346e-01
3.676777201000463e-03	-1.584394e-01
3.686777201000463e-03	-1.584346e-01
3.696777201000463e-03	-1.584394e-01
3.706777201000463e-03	-1.584346e-01
3.716777201000463e-03	-1.584394e-01
3.726777201000463e-03	-1.584346e-01
3.736777201000463e-03	-1.584394e-01
3.746777201000463e-03	-1.584346e-01
3.756777201000463e-03	-1.584394e-01
3.766777201000463e-03	-1.584346e-01
3.776777201000463e-03	-1.584394e-01
3.786777201000463e-03	-1.584346e-01
3.796777201000463e-03	-1.584394e-01
3.806777201000463e-03	-1.584346e-01
3.816777201000463e-03	-1.584394e-01
3.826777201000463e-03	-1.584346e-01
3.836777201000463e-03	-1.584394e-01
3.846777201000463e-03	-1.584346e-01
3.856777201000463e-03	-1.584394e-01
3.866777201000463e-03	-1.584346e-01
3.876777201000463e-03	-1.584394e-01
3.886777201000463e-03	-1.584346e-01
3.896777201000463e-03	-1.584394e-01
3.906777201000463e-03	-1.584346e-01
3.916777201000463e-03	-1.584394e-01
3.926777201000463e-03	-1.584346e-01
3.936777201000463e-03	-1.584394e-01
3.946777201000463e-03	-1.584346e-01
3.956777201000463e-03	-1.584394e-01
3.966777201000463e-03	-1.584346e-01
3.976777201000463e-03	-1.584394e-01
3.986777201000463e-03	-1.584346e-01
3.996777201000463e-03	-1.584394e-01
4.006777201000463e-03	-1.584346e-01
4.016777201000463e-03	-1.584394e-01
4.026777201000463e-03	-1.584346e-01
4.036777201000463e-03	-1.584394e-01
4.046777201000462e-03	-1.584346e-01
4.056777201000463e-03	-1.584394e-01
4.066777201000463e-03	-1.584346e-01
4.076777201000463e-03	-1.584394e-01
4.086777201000463e-03	-1.584346e-01
4.096777201000463e-03	-1.584394e-01
4.106777201000463e-03	-1.584346e-01
4.116777201000463e-03	-1.584394e-01
4.126777201000463e-03	-1.584346e-01
4.136777201000463e-03	-1.584394e-01
4.146777201000463e-03	-1.584346e-01
4.156777201000463e-03	-1.584394e-01
4.166777201000463e-03	-1.584346e-01
4.176777201000463e-03	-1.584394e-01
4.186777201000463e-03	-1.584346e-01
4.196777201000462e-03	-1.584394e-01
4.206777201000463e-03	-1.584346e-01
4.216777201000462e-03	-1.584394e-01
4.226777201000463e-03	-1.584346e-01
4.236777201000463e-03	-1.584394e-01
4.246777201000463e-03	-1.584346e-01
4.256777201000463e-03	-1.584394e-01
4.266777201000463e-03	-1.584346e-01
4.276777201000463e-03	-1.584394e-01
4.286777201000463e-03	-1.584346e-01
4.296777201000463e-03	-1.584394e-01
4.306777201000463e-03	-1.584346e-01
4.316777201000463e-03	-1.584394e-01
4.326777201000463e-03	-1.584346e-01
4.336777201000463e-03	-1.584394e-01
4.346777201000463e-03	-1.584346e-01
4.356777201000463e-03	-1.584394e-01
4.366777201000462e-03	-1.584346e-01
4.376777201000463e-03	-1.584394e-01
4.386777201000462e-03	-1.584346e-01
4.396777201000463e-03	-1.584394e-01
4.406777201000463e-03	-1.584346e-01
4.416777201000463e-03	-1.584394e-01
4.426777201000463e-03	-1.584346e-01
4.436777201000463e-03	-1.584394e-01
4.446777201000463e-03	-1.584346e-01
4.456777201000463e-03	-1.584394e-01
4.466777201000463e-03	-1.584346e-01
4.476777201000463e-03	-1.584394e-01
4.486777201000463e-03	-1.584346e-01
4.496777201000463e-03	-1.584394e-01
4.506777201000463e-03	-1.584346e-01
4.516777201000462e-03	-1.584394e-01
4.526777201000463e-03	-1.584346e-01
4.536777201000462e-03	-1.584394e-01
4.546777201000463e-03	-1.584346e-01
4.556777201000463e-03	-1.584394e-01
4.566777201000463e-03	-1.584346e-01
4.576777201000463e-03	-1.584394e-01
4.586777201000463e-03	-1.584346e-01
4.596777201000463e-03	-1.584394e-01
4.606777201000463e-03	-1.584346e-01
4.616777201000463e-03	-1.584394e-01
4.626777201000463e-03	-1.584346e-01
4.636777201000463e-03	-1.584394e-01
4.646777201000463e-03	-1.584346e-01
4.656777201000463e-03	-1.584394e-01
4.666777201000463e-03	-1.584346e-01
4.676777201000463e-03	-1.584394e-01
4.686777201000462e-03	-1.584346e-01
4.696777201000463e-03	-1.584394e-01
4.706777201000462e-03	-1.584346e-01
4.716777201000463e-03	-1.584394e-01
4.726777201000463e-03	-1.584346e-01
4.736777201000463e-03	-1.584394e-01
4.746777201000463e-03	-1.584346e-01
4.756777201000463e-03	-1.584394e-01
4.766777201000463e-03	-1.584346e-01
4.776777201000463e-03	-1.584394e-01
4.786777201000463e-03	-1.584346e-01
4.796777201000463e-03	-1.584394e-01
4.806777201000463e-03	-1.584346e-01
4.816777201000463e-03	-1.584394e-01
4.826777201000463e-03	-1.584346e-01
4.836777201000462e-03	-1.584394e-01
4.846777201000463e-03	-1.584346e-01
4.856777201000462e-03	-1.584394e-01
4.866777201000463e-03	-1.584346e-01
4.876777201000462e-03	-1.584394e-01
4.886777201000463e-03	-1.584346e-01
4.896777201000463e-03	-1.584394e-01
4.906777201000463e-03	-1.584346e-01
4.916777201000463e-03	-1.584394e-01
4.926777201000463e-03	-1.584346e-01
4.936777201000463e-03	-1.584394e-01
4.946777201000463e-03	-1.584346e-01
4.956777201000463e-03	-1.584394e-01
4.966777201000463e-03	-1.584346e-01
4.976777201000463e-03	-1.584394e-01
4.986777201000463e-03	-1.584346e-01
4.996777201000463e-03	-1.584394e-01
5.006777201000462e-03	-1.584346e-01
5.016777201000463e-03	-1.584394e-01
5.026777201000462e-03	-1.584346e-01
5.036777201000463e-03	-1.584394e-01
5.046777201000462e-03	-1.584346e-01
5.056777201000463e-03	-1.584394e-01
5.066777201000463e-03	-1.584346e-01
5.076777201000463e-03	-1.584394e-01
5.086777201000463e-03	-1.584346e-01
5.096777201000463e-03	-1.584394e-01
5.106777201000463e-03	-1.584346e-01
5.116777201000463e-03	-1.584394e-01
5.126777201000463e-03	-1.584346e-01
5.136777201000463e-03	-1.584394e-01
5.146777201000463e-03	-1.584346e-01
5.156777201000462e-03	-1.584394e-01
5.166777201000463e-03	-1.584346e-01
5.176777201000462e-03	-1.584394e-01
5.186777201000463e-03	-1.584346e-01
5.196777201000462e-03	-1.584394e-01
5.206777201000463e-03	-1.584346e-01
5.216777201000463e-03	-1.584394e-01
5.226777201000463e-03	-1.584346e-01
5.236777201000463e-03	-1.584394e-01
5.246777201000463e-03	-1.584346e-01
5.256777201000463e-03	-1.584394e-01
5.266777201000463e-03	-1.584346e-01
5.276777201000463e-03	-1.584394e-01
5.286777201000463e-03	-1.584346e-01
5.296777201000463e-03	-1.584394e-01
5.306777201000463e-03	-1.584346e-01
5.316777201000463e-03	-1.584394e-01
5.326777201000462e-03	-1.584346e-01
5.336777201000463e-03	-1.584394e-01
5.346777201000462e-03	-1.584346e-01
5.356777201000463e-03	-1.584394e-01
5.366777201000462e-03	-1.584346e-01
5.376777201000463e-03	-1.584394e-01
5.386777201000463e-03	-1.584346e-01
5.396777201000463e-03	-1.584394e-01
5.406777201000463e-03	-1.584346e-01
5.416777201000463e-03	-1.584394e-01
5.426777201000463e-03	-1.584346e-01
5.436777201000463e-03	-1.584394e-01
5.446777201000463e-03	-1.584346e-01
5.456777201000463e-03	-1.584394e-01
5.466777201000463e-03	-1.584346e-01
5.476777201000462e-03	-1.584394e-01
5.486777201000463e-03	-1.584346e-01
5.496777201000462e-03	-1.584394e-01
5.506777201000463e-03	-1.584346e-01
5.516777201000462e-03	-1.584394e-01
5.526777201000463e-03	-1.584346e-01
5.536777201000462e-03	-1.584394e-01
5.546777201000463e-03	-1.584346e-01
5.556777201000463e-03	-1.584394e-01
5.566777201000463e-03	-1.584346e-01
5.576777201000463e-03	-1.584394e-01
5.586777201000463e-03	-1.584346e-01
5.596777201000463e-03	-1.584394e-01
5.606777201000463e-03	-1.584346e-01
5.616777201000463e-03	-1.584394e-01
5.626777201000463e-03	-1.584346e-01
5.636777201000463e-03	-1.584394e-01
5.646777201000462e-03	-1.584346e-01
5.656777201000463e-03	-1.584394e-01
5.666777201000462e-03	-1.584346e-01
5.676777201000463e-03	-1.584394e-01
5.686777201000462e-03	-1.584346e-01
5.696777201000463e-03	-1.584394e-01
5.706777201000462e-03	-1.584346e-01
5.716777201000463e-03	-1.584394e-01
5.726777201000463e-03	-1.584346e-01
5.736777201000463e-03	-1.584394e-01
5.746777201000463e-03	-1.584346e-01
5.756777201000463e-03	-1.584394e-01
5.766777201000463e-03	-1.584346e-01
5.776777201000463e-03	-1.584394e-01
5.786777201000463e-03	-1.584346e-01
5.796777201000462e-03	-1.584394e-01
5.806777201000463e-03	-1.584346e-01
5.816777201000462e-03	-1.584394e-01
5.826777201000463e-03	-1.584346e-01
5.836777201000462e-03	-1.584394e-01
5.846777201000463e-03	-1.584346e-01
5.856777201000462e-03	-1.584394e-01
5.866777201000463e-03	-1.584346e-01
5.876777201000462e-03	-1.584394e-01
5.886777201000463e-03	-1.584346e-01
5.896777201000463e-03	-1.584394e-01
5.906777201000463e-03	-1.584346e-01
5.916777201000463e-03	-1.584394e-01
5.926777201000463e-03	-1.584346e-01
5.936777201000463e-03	-1.584394e-01
5.946777201000463e-03	-1.584346e-01
5.956777201000463e-03	-1.584394e-01
5.966777201000462e-03	-1.584346e-01
5.976777201000463e-03	-1.584394e-01
5.986777201000462e-03	-1.584346e-01
5.996777201000463e-03	-1.584394e-01
6.006777201000462e-03	-1.584346e-01
6.016777201000463e-03	-1.584394e-01
6.026777201000462e-03	-1.584346e-01
6.036777201000463e-03	-1.584394e-01
6.046777201000463e-03	-1.584346e-01
6.056777201000463e-03	-1.584394e-01
6.066777201000463e-03	-1.584346e-01
6.076777201000463e-03	-1.584394e-01
6.086777201000463e-03	-1.584346e-01
6.096777201000463e-03	-1.584394e-01
6.106777201000463e-03	-1.584346e-01
6.116777201000462e-03	-1.584394e-01
6.126777201000463e-03	-1.584346e-01
6.136777201000462e-03	-1.584394e-01
6.146777201000463e-03	-1.584346e-01
6.156777201000462e-03	-1.584394e-01
6.166777201000463e-03	-1.584346e-01
6.176777201000462e-03	-1.584394e-01
6.186777201000463e-03	-1.584346e-01
6.196777201000462e-03	-1.584394e-01
6.206777201000463e-03	-1.584346e-01
6.216777201000463e-03	-1.584394e-01
6.226777201000463e-03	-1.584346e-01
6.236777201000463e-03	-1.584394e-01
6.246777201000463e-03	-1.584346e-01
6.256777201000463e-03	-1.584394e-01
6.266777201000463e-03	-1.584346e-01
6.276777201000463e-03	-1.584394e-01
6.286777201000462e-03	-1.584346e-01
6.296777201000463e-03	-1.584394e-01
6.306777201000462e-03	-1.584346e-01
6.316777201000463e-03	-1.584394e-01
6.326777201000462e-03	-1.584346e-01
6.336777201000463e-03	-1.584394e-01
6.346777201000462e-03	-1.584346e-01
6.356777201000463e-03	-1.584394e-01
6.366777201000462e-03	-1.584346e-01
6.376777201000463e-03	-1.584394e-01
6.386777201000463e-03	-1.584346e-01
6.396777201000463e-03	-1.584394e-01
6.406777201000463e-03	-1.584346e-01
6.416777201000463e-03	-1.584394e-01
6.426777201000463e-03	-1.584346e-01
6.436777201000462e-03	-1.584394e-01
6.446777201000463e-03	-1.584346e-01
6.456777201000462e-03	-1.584394e-01
6.466777201000463e-03	-1.584346e-01
6.476777201000462e-03	-1.584394e-01
6.486777201000463e-03	-1.584346e-01
6.496777201000462e-03	-1.584394e-01
6.506777201000463e-03	-1.584346e-01
6.516777201000462e-03	-1.584394e-01
6.526777201000463e-03	-1.584346e-01
6.536777201000462e-03	-1.584394e-01
6.546777201000463e-03	-1.584346e-01
6.556777201000463e-03	-1.584394e-01
6.566777201000463e-03	-1.584346e-01
6.576777201000463e-03	-1.584394e-01
6.586777201000463e-03	-1.584346e-01
6.596777201000463e-03	-1.584394e-01
6.606777201000462e-03	-1.584346e-01
6.616777201000463e-03	-1.584394e-01
6.626777201000462e-03	-1.584346e-01
6.636777201000463e-03	-1.584394e-01
6.646777201000462e-03	-1.584346e-01
6.656777201000463e-03	-1.584394e-01
6.666777201000462e-03	-1.584346e-01
6.676777201000463e-03	-1.584394e-01
6.686777201000462e-03	-1.584346e-01
6.696777201000463e-03	-1.584394e-01
6.706777201000463e-03	-1.584346e-01
6.716777201000463e-03	-1.584394e-01
6.726777201000463e-03	-1.584346e-01
6.736777201000463e-03	-1.584394e-01
6.746777201000463e-03	-1.584346e-01
6.756777201000462e-03	-1.584394e-01
6.766777201000463e-03	-1.584346e-01
6.776777201000462e-03	-1.584394e-01
6.786777201000463e-03	-1.584346e-01
6.796777201000462e-03	-1.584394e-01
6.806777201000463e-03	-1.584346e-01
6.816777201000462e-03	-1.584394e-01
6.826777201000463e-03	-1.584346e-01
6.836777201000462e-03	-1.584394e-01
6.846777201000463e-03	-1.584346e-01
6.856777201000462e-03	-1.584394e-01
6.866777201000463e-03	-1.584346e-01
6.876777201000463e-03	-1.584394e-01
6.886777201000463e-03	-1.584346e-01
6.896777201000463e-03	-1.584394e-01
6.906777201000463e-03	-1.584346e-01
6.916777201000463e-03	-1.584394e-01
6.926777201000462e-03	-1.584346e-01
6.936777201000463e-03	-1.584394e-01
6.946777201000462e-03	-1.584346e-01
6.956777201000463e-03	-1.584394e-01
6.966777201000462e-03	-1.584346e-01
6.976777201000463e-03	-1.584394e-01
6.986777201000462e-03	-1.584346e-01
6.996777201000463e-03	-1.584394e-01
7.006777201000462e-03	-1.584346e-01
7.016777201000463e-03	-1.584394e-01
7.026777201000462e-03	-1.584346e-01
7.036777201000463e-03	-1.584394e-01
7.046777201000463e-03	-1.584346e-01
7.056777201000463e-03	-1.584394e-01
7.066777201000463e-03	-1.584346e-01
7.076777201000462e-03	-1.584394e-01
7.086777201000463e-03	-1.584346e-01
7.096777201000462e-03	-1.584394e-01
7.106777201000463e-03	-1.584346e-01
7.116777201000462e-03	-1.584394e-01
7.126777201000463e-03	-1.584346e-01
7.136777201000462e-03	-1.584394e-01
7.146777201000463e-03	-1.584346e-01
7.156777201000462e-03	-1.584394e-01
7.166777201000463e-03	-1.584346e-01
7.176777201000462e-03	-1.584394e-01
7.186777201000463e-03	-1.584346e-01
7.196777201000462e-03	-1.584394e-01
7.206777201000463e-03	-1.584346e-01
7.216777201000463e-03	-1.584394e-01
7.226777201000463e-03	-1.584346e-01
7.236777201000463e-03	-1.584394e-01
7.246777201000462e-03	-1.584346e-01
7.256777201000463e-03	-1.584394e-01
7.266777201000462e-03	-1.584346e-01
7.276777201000463e-03	-1.584394e-01
7.286777201000462e-03	-1.584346e-01
7.296777201000463e-03	-1.584394e-01
7.306777201000462e-03	-1.584346e-01
7.316777201000463e-03	-1.584394e-01
7.326777201000462e-03	-1.584346e-01
7.336777201000463e-03	-1.584394e-01
7.346777201000462e-03	-1.584346e-01
7.356777201000463e-03	-1.584394e-01
7.366777201000463e-03	-1.584346e-01
7.376777201000463e-03	-1.584394e-01
7.386777201000463e-03	-1.584346e-01
7.396777201000462e-03	-1.584394e-01
7.406777201000463e-03	-1.584346e-01
7.416777201000462e-03	-1.584394e-01
7.426777201000463e-03	-1.584346e-01
7.436777201000462e-03	-1.584394e-01
7.446777201000463e-03	-1.584346e-01
7.456777201000462e-03	-1.584394e-01
7.466777201000463e-03	-1.584346e-01
7.476777201000462e-03	-1.584394e-01
7.486777201000463e-03	-1.584346e-01
7.496777201000462e-03	-1.584394e-01
7.506777201000463e-03	-1.584346e-01
7.516777201000462e-03	-1.584394e-01
7.526777201000463e-03	-1.584346e-01
7.536777201000463e-03	-1.584394e-01
7.546777201000463e-03	-1.584346e-01
7.556777201000463e-03	-1.584394e-01
7.566777201000462e-03	-1.584346e-01
7.576777201000463e-03	-1.584394e-01
7.586777201000462e-03	-1.584346e-01
7.596777201000463e-03	-1.584394e-01
7.606777201000462e-03	-1.584346e-01
7.616777201000463e-03	-1.584394e-01
7.626777201000462e-03	-1.584346e-01
7.636777201000463e-03	-1.584394e-01
7.646777201000462e-03	-1.584346e-01
7.656777201000463e-03	-1.584394e-01
7.666777201000462e-03	-1.584346e-01
7.676777201000463e-03	-1.584394e-01
7.686777201000462e-03	-1.584346e-01
7.696777201000463e-03	-1.584394e-01
7.706777201000463e-03	-1.584346e-01
7.716777201000462e-03	-1.584394e-01
7.726777201000463e-03	-1.584346e-01
7.736777201000462e-03	-1.584394e-01
7.746777201000463e-03	-1.584346e-01
7.756777201000462e-03	-1.584394e-01
7.766777201000463e-03	-1.584346e-01
7.776777201000462e-03	-1.584394e-01
7.786777201000463e-03	-1.584346e-01
7.796777201000462e-03	-1.584394e-01
7.806777201000463e-03	-1.584346e-01
7.816777201000463e-03	-1.584394e-01
7.826777201000463e-03	-1.584346e-01
7.836777201000462e-03	-1.584394e-01
7.846777201000462e-03	-1.584346e-01
7.856777201000463e-03	-1.584394e-01
7.866777201000463e-03	-1.584346e-01
7.876777201000463e-03	-1.584394e-01
7.886777201000462e-03	-1.584346e-01
7.896777201000462e-03	-1.584394e-01
7.906777201000463e-03	-1.584346e-01
7.916777201000463e-03	-1.584394e-01
7.926777201000462e-03	-1.584346e-01
7.936777201000462e-03	-1.584394e-01
7.946777201000463e-03	-1.584346e-01
7.956777201000463e-03	-1.584394e-01
7.966777201000462e-03	-1.584346e-01
7.976777201000462e-03	-1.584394e-01
7.986777201000463e-03	-1.584346e-01
7.996777201000463e-03	-1.584394e-01
8.006777201000462e-03	-1.584346e-01
8.016777201000462e-03	-1.584394e-01
8.026777201000463e-03	-1.584346e-01
8.036777201000463e-03	-1.584394e-01
8.046777201000463e-03	-1.584346e-01
8.056777201000462e-03	-1.584394e-01
8.066777201000462e-03	-1.584346e-01
8.076777201000463e-03	-1.584394e-01
8.086777201000463e-03	-1.584346e-01
8.096777201000462e-03	-1.584394e-01
8.106777201000462e-03	-1.584346e-01
8.116777201000463e-03	-1.584394e-01
8.126777201000463e-03	-1.584346e-01
8.136777201000462e-03	-1.584394e-01
8.146777201000462e-03	-1.584346e-01
8.156777201000463e-03	-1.584394e-01
8.166777201000463e-03	-1.584346e-01
8.176777201000462e-03	-1.584394e-01
8.186777201000462e-03	-1.584346e-01
8.196777201000462e-03	-1.584394e-01
8.206777201000463e-03	-1.584346e-01
8.216777201000463e-03	-1.584394e-01
8.226777201000462e-03	-1.584346e-01
8.236777201000462e-03	-1.584394e-01
8.246777201000463e-03	-1.584346e-01
8.256777201000463e-03	-1.584394e-01
8.266777201000462e-03	-1.584346e-01
8.276777201000462e-03	-1.584394e-01
8.286777201000463e-03	-1.584346e-01
8.296777201000463e-03	-1.584394e-01
8.306777201000462e-03	-1.584346e-01
8.316777201000462e-03	-1.584394e-01
8.326777201000463e-03	-1.584346e-01
8.336777201000463e-03	-1.584394e-01
8.346777201000462e-03	-1.584346e-01
8.356777201000462e-03	-1.584394e-01
8.366777201000462e-03	-1.584346e-01
8.376777201000463e-03	-1.584394e-01
8.386777201000463e-03	-1.584346e-01
8.396777201000462e-03	-1.584394e-01
8.406777201000462e-03	-1.584346e-01
8.416777201000463e-03	-1.584394e-01
8.426777201000463e-03	-1.584346e-01
8.436777201000462e-03	-1.584394e-01
8.446777201000462e-03	-1.584346e-01
8.456777201000463e-03	-1.584394e-01
8.466777201000463e-03	-1.584346e-01
8.476777201000462e-03	-1.584394e-01
8.486777201000462e-03	-1.584346e-01
8.496777201000463e-03	-1.584394e-01
8.506777201000463e-03	-1.584346e-01
8.516777201000462e-03	-1.584394e-01
8.526777201000462e-03	-1.584346e-01
8.536777201000462e-03	-1.584394e-01
8.546777201000463e-03	-1.584346e-01
8.556777201000463e-03	-1.584394e-01
8.566777201000462e-03	-1.584346e-01
8.576777201000462e-03	-1.584394e-01
8.586777201000463e-03	-1.584346e-01
8.596777201000463e-03	-1.584394e-01
8.606777201000462e-03	-1.584346e-01
8.616777201000462e-03	-1.584394e-01
8.626777201000463e-03	-1.584346e-01
8.636777201000463e-03	-1.584394e-01
8.646777201000462e-03	-1.584346e-01
8.656777201000462e-03	-1.584394e-01
8.666777201000463e-03	-1.584346e-01
8.676777201000463e-03	-1.584394e-01
8.686777201000462e-03	-1.584346e-01
8.696777201000462e-03	-1.584394e-01
8.706777201000462e-03	-1.584346e-01
8.716777201000463e-03	-1.584394e-01
8.726777201000463e-03	-1.584346e-01
8.736777201000462e-03	-1.584394e-01
8.746777201000462e-03	-1.584346e-01
8.756777201000463e-03	-1.584394e-01
8.766777201000463e-03	-1.584346e-01
8.776777201000462e-03	-1.584394e-01
8.786777201000462e-03	-1.584346e-01
8.796777201000463e-03	-1.584394e-01
8.806777201000463e-03	-1.584346e-01
8.816777201000462e-03	-1.584394e-01
8.826777201000462e-03	-1.584346e-01
8.836777201000462e-03	-1.584394e-01
8.846777201000463e-03	-1.584346e-01
8.856777201000463e-03	-1.584394e-01
8.866777201000462e-03	-1.584346e-01
8.876777201000462e-03	-1.584394e-01
8.886777201000463e-03	-1.584346e-01
8.896777201000463e-03	-1.584394e-01
8.906777201000462e-03	-1.584346e-01
8.916777201000462e-03	-1.584394e-01
8.926777201000463e-03	-1.584346e-01
8.936777201000463e-03	-1.584394e-01
8.946777201000462e-03	-1.584346e-01
8.956777201000462e-03	-1.584394e-01
8.966777201000463e-03	-1.584346e-01
8.976777201000463e-03	-1.584394e-01
8.986777201000462e-03	-1.584346e-01
8.996777201000462e-03	-1.584394e-01
9.006777201000462e-03	-1.584346e-01
9.016777201000463e-03	-1.584394e-01
9.026777201000463e-03	-1.584346e-01
9.036777201000462e-03	-1.584394e-01
9.046777201000462e-03	-1.584346e-01
9.056777201000463e-03	-1.584394e-01
9.066777201000463e-03	-1.584346e-01
9.076777201000462e-03	-1.584394e-01
9.086777201000462e-03	-1.584346e-01
9.096777201000463e-03	-1.584394e-01
9.106777201000463e-03	-1.584346e-01
9.116777201000462e-03	-1.584394e-01
9.126777201000462e-03	-1.584346e-01
9.136777201000463e-03	-1.584394e-01
9.146777201000463e-03	-1.584346e-01
9.156777201000462e-03	-1.584394e-01
9.166777201000462e-03	-1.584346e-01
9.176777201000462e-03	-1.584394e-01
9.186777201000463e-03	-1.584346e-01
9.196777201000463e-03	-1.584394e-01
9.206777201000462e-03	-1.584346e-01
9.216777201000462e-03	-1.584394e-01
9.226777201000463e-03	-1.584346e-01
9.236777201000463e-03	-1.584394e-01
9.246777201000462e-03	-1.584346e-01
9.256777201000462e-03	-1.584394e-01
9.266777201000463e-03	-1.584346e-01
9.276777201000463e-03	-1.584394e-01
9.286777201000462e-03	-1.584346e-01
9.296777201000462e-03	-1.584394e-01
9.306777201000463e-03	-1.584346e-01
9.316777201000463e-03	-1.584394e-01
9.326777201000462e-03	-1.584346e-01
9.336777201000462e-03	-1.584394e-01
9.346777201000462e-03	-1.584346e-01
9.356777201000463e-03	-1.584394e-01
9.366777201000463e-03	-1.584346e-01
9.376777201000462e-03	-1.584394e-01
9.386777201000462e-03	-1.584346e-01
9.396777201000463e-03	-1.584394e-01
9.406777201000463e-03	-1.584346e-01
9.416777201000462e-03	-1.584394e-01
9.426777201000462e-03	-1.584346e-01
9.436777201000463e-03	-1.584394e-01
9.446777201000463e-03	-1.584346e-01
9.456777201000462e-03	-1.584394e-01
9.466777201000462e-03	-1.584346e-01
9.476777201000462e-03	-1.584394e-01
9.486777201000463e-03	-1.584346e-01
9.496777201000462e-03	-1.584394e-01
9.506777201000462e-03	-1.584346e-01
9.516777201000462e-03	-1.584394e-01
9.526777201000463e-03	-1.584346e-01
9.536777201000463e-03	-1.584394e-01
9.546777201000462e-03	-1.584346e-01
9.556777201000462e-03	-1.584394e-01
9.566777201000463e-03	-1.584346e-01
9.576777201000463e-03	-1.584394e-01
9.586777201000462e-03	-1.584346e-01
9.596777201000462e-03	-1.584394e-01
9.606777201000463e-03	-1.584346e-01
9.616777201000463e-03	-1.584394e-01
9.626777201000462e-03	-1.584346e-01
9.636777201000462e-03	-1.584394e-01
9.646777201000462e-03	-1.584346e-01
9.656777201000463e-03	-1.584394e-01
9.666777201000462e-03	-1.584346e-01
9.676777201000462e-03	-1.584394e-01
9.686777201000462e-03	-1.584346e-01
9.696777201000463e-03	-1.584394e-01
9.706777201000463e-03	-1.584346e-01
9.716777201000462e-03	-1.584394e-01
9.726777201000462e-03	-1.584346e-01
9.736777201000463e-03	-1.584394e-01
9.746777201000463e-03	-1.584346e-01
9.756777201000462e-03	-1.584394e-01
9.766777201000462e-03	-1.584346e-01
9.776777201000463e-03	-1.584394e-01
9.786777201000463e-03	-1.584346e-01
9.796777201000462e-03	-1.584394e-01
9.806777201000462e-03	-1.584346e-01
9.816777201000462e-03	-1.584394e-01
9.826777201000463e-03	-1.584346e-01
9.836777201000462e-03	-1.584394e-01
9.846777201000462e-03	-1.584346e-01
9.856777201000462e-03	-1.584394e-01
9.866777201000463e-03	-1.584346e-01
9.876777201000463e-03	-1.584394e-01
9.886777201000462e-03	-1.584346e-01
9.896777201000462e-03	-1.584394e-01
9.906777201000463e-03	-1.584346e-01
9.916777201000463e-03	-1.584394e-01
9.926777201000462e-03	-1.584346e-01
9.936777201000462e-03	-1.584394e-01
9.946777201000463e-03	-1.584346e-01
9.956777201000463e-03	-1.584394e-01
9.966777201000462e-03	-1.584346e-01
9.976777201000462e-03	-1.584394e-01
9.986777201000462e-03	-1.584346e-01
9.996777201000463e-03	-1.584394e-01
1.000000000000000e-02	-1.584346e-01
1.000000000100000e-02	-1.584391e-01
1.000000000200000e-02	-1.584354e-01
1.000000000440036e-02	-1.584386e-01
1.000000000670974e-02	-1.584355e-01
1.000000001132851e-02	-1.584385e-01
1.000000002056605e-02	-1.584355e-01
1.000000003904114e-02	-1.584384e-01
1.000000007599130e-02	-1.584355e-01
1.000000014989163e-02	-1.584384e-01
1.000000029769228e-02	-1.584356e-01
1.000000059329359e-02	-1.584384e-01
1.000000118449621e-02	-1.584355e-01
1.000000236690145e-02	-1.584384e-01
1.000000473171193e-02	-1.584355e-01
1.000000946133288e-02	-1.584383e-01
1.000001768974454e-02	-1.584353e-01
1.000002963193180e-02	-1.584380e-01
1.000005351630632e-02	-1.584347e-01
1.000010099211722e-02	-1.584283e-01
1.000015399174582e-02	-1.584355e-01
1.000020605492797e-02	-1.584407e-01
1.000026204290267e-02	-1.584402e-01
1.000031701510431e-02	-1.584449e-01
1.000042695950758e-02	-1.584439e-01
1.000045444560840e-02	-1.584455e-01
1.000050941781004e-02	-1.584456e-01
1.000061936221331e-02	-1.584458e-01
1.000083925101986e-02	-1.584462e-01
1.000118355096420e-02	-1.584467e-01
1.000178014341562e-02	-1.584471e-01
1.000250495157268e-02	-1.584466e-01
1.000264196014501e-02	-1.584464e-01
1.000291597728967e-02	-1.584460e-01
1.000346401157899e-02	-1.584450e-01
1.000456008015762e-02	-1.584424e-01
1.000675221731489e-02	-1.583465e-01
1.000947219981346e-02	-1.579196e-01
1.001364843820947e-02	-1.559569e-01
1.001755033682161e-02	-1.411767e-01
1.002032578568205e-02	-1.293870e-01
1.002167795162441e-02	-1.271170e-01
1.002254909615271e-02	-1.267219e-01
1.002341866836992e-02	-1.264110e-01
1.002430851603807e-02	-1.263591e-01
1.002540613343013e-02	-1.262091e-01
1.002662233913987e-02	-1.262365e-01
1.002792091209103e-02	-1.261496e-01
1.003007300108911e-02	-1.262038e-01
1.003211722094055e-02	-1.261346e-01
1.003620566064344e-02	-1.261945e-01
1.004137179308876e-02	-1.261242e-01
1.005137179308876e-02	-1.261758e-01
1.006137179308876e-02	-1.260978e-01
1.007137179308876e-02	-1.261457e-01
1.008137179308876e-02	-1.260640e-01
1.009137179308876e-02	-1.261067e-01
1.010000000000000e-02	-1.260232e-01
1.010000000100000e-02	-1.260276e-01
1.010000001700000e-02	-1.260288e-01
1.010000004900000e-02	-1.260289e-01
1.010000011300000e-02	-1.260298e-01
1.010000024100000e-02	-1.260321e-01
1.010000049700000e-02	-1.260352e-01
1.010000100900000e-02	-1.260390e-01
1.010000203300000e-02	-1.260412e-01
1.010000408100000e-02	-1.260433e-01
1.010000817700000e-02	-1.260460e-01
1.010001636900000e-02	-1.260502e-01
1.010003275300001e-02	-1.260533e-01
1.010006552100002e-02	-1.260548e-01
1.010013105700003e-02	-1.260542e-01
1.010026212900006e-02	-1.260542e-01
1.010052427300013e-02	-1.260533e-01
1.010104856100025e-02	-1.260522e-01
1.010209713700050e-02	-1.260493e-01
1.010419428900100e-02	-1.260440e-01
1.010838859300201e-02	-1.260323e-01
1.011677720100402e-02	-1.260075e-01
1.012677720100402e-02	-1.259736e-01
1.013677720100402e-02	-1.259372e-01
1.014677720100401e-02	-1.260463e-01
1.015277249928206e-02	-1.281141e-01
1.015622030549674e-02	-1.334902e-01
1.015961392045091e-02	-1.411789e-01
1.016248219027752e-02	-1.477337e-01
1.016508546419937e-02	-1.535499e-01
1.017029201204307e-02	-1.651683e-01
1.018029201204307e-02	-1.867960e-01
1.019029201204307e-02	-2.064976e-01
1.020029201204307e-02	-2.127841e-01
1.021029201204307e-02	-2.153236e-01
1.022029201204307e-02	-2.187413e-01
1.023029201204307e-02	-2.293795e-01
1.024029201204307e-02	-2.433844e-01
1.025029201204307e-02	-2.609124e-01
1.026029201204307e-02	-2.807647e-01
1.027029201204307e-02	-3.031259e-01
1.028029201204307e-02	-3.267928e-01
1.029029201204307e-02	-3.518983e-01
1.030029201204307e-02	-3.770776e-01
1.031029201204307e-02	-4.020847e-01
1.032029201204307e-02	-4.244910e-01
1.033029201204307e-02	-4.393870e-01
1.034029201204307e-02	-4.332616e-01
1.035029201204307e-02	-4.257760e-01
1.036029201204307e-02	-4.169997e-01
1.037029201204307e-02	-4.050290e-01
1.038029201204307e-02	-3.579470e-01
1.039029201204307e-02	-2.912572e-01
1.040029201204307e-02	-2.319305e-01
1.041029201204307e-02	-1.397131e-01
1.042029201204307e-02	-5.249340e-02
1.043029201204307e-02	-5.711286e-03
1.044029201204307e-02	-7.326364e-06
1.045029201204307e-02	-1.308210e-05
1.046029201204307e-02	-6.951182e-06
1.047029201204307e-02	-1.248038e-05
1.048029201204307e-02	-6.657824e-06
1.049029201204307e-02	-1.190723e-05
1.050029201204307e-02	-6.407451e-06
1.051029201204307e-02	-1.136243e-05
1.052029201204307e-02	-6.144964e-06
1.053029201204307e-02	-1.093133e-05
1.054029201204307e-02	-5.883117e-06
1.055029201204307e-02	-1.051679e-05
1.056029201204307e-02	-5.649832e-06
1.057029201204307e-02	-1.018742e-05
1.058029201204307e-02	-5.729333e-06
1.059029201204307e-02	-1.053780e-05
1.060029201204307e-02	-6.220263e-06
1.061029201204307e-02	-1.105955e-05
1.062029201204307e-02	-6.755458e-06
1.063029201204307e-02	-1.162133e-05
1.064029201204307e-02	-7.369807e-06
1.065029201204307e-02	-1.225489e-05
1.066029201204307e-02	-7.961183e-06
1.067029201204307e-02	-1.239713e-05
1.068029201204307e-02	-7.858260e-06
1.069029201204307e-02	-1.231978e-05
1.070029201204307e-02	-7.799571e-06
1.071029201204307e-02	-1.226293e-05
1.072029201204307e-02	-7.739890e-06
1.073029201204307e-02	-1.221022e-05
1.074029201204307e-02	-7.676700e-06
1.075029201204307e-02	-1.215998e-05
1.076029201204307e-02	-7.610025e-06
1.077029201204307e-02	-1.211094e-05
1.078029201204307e-02	-7.539292e-06
1.079029201204307e-02	-1.206033e-05
1.080029201204307e-02	-7.461692e-06
1.081029201204307e-02	-1.200049e-05
1.082029201204307e-02	-7.366579e-06
1.083029201204307e-02	-1.190330e-05
1.084029201204307e-02	-7.205599e-06
1.085029201204307e-02	-1.166278e-05
1.086029201204307e-02	-6.884919e-06
1.087029201204307e-02	-1.158846e-05
1.088029201204307e-02	-7.064098e-06
1.089029201204307e-02	-1.144266e-05
1.090029201204307e-02	-6.481009e-06
1.091029201204307e-02	-1.088044e-05
1.092029201204307e-02	-5.951235e-06
1.093029201204307e-02	-1.040792e-05
1.094029201204307e-02	-5.617735e-06
1.095029201204307e-02	-1.021068e-05
1.096029201204307e-02	-5.603368e-06
1.097029201204307e-02	-1.028656e-05
1.098029201204307e-02	-5.681325e-06
1.099029201204307e-02	-1.038923e-05
1.100000000100000e-02	-5.758746e-06
1.100000000200000e-02	-1.733789e-05
1.100000001800000e-02	-4.111040e-05
1.100000005000000e-02	1.345527e-06
1.100000011400000e-02	-2.300108e-05
1.100000024200000e-02	6.203663e-06
1.100000049800000e-02	-2.136703e-05
1.100000101000000e-02	5.902212e-06
1.100000203400000e-02	-2.212631e-05
1.100000408200000e-02	5.156530e-06
1.100000817800000e-02	-2.208242e-05
1.100001637000000e-02	5.366471e-06
1.100003275400001e-02	-2.183491e-05
1.100006552200002e-02	5.561025e-06
1.100013105800003e-02	-2.177125e-05
1.100026213000006e-02	5.562363e-06
1.100052427400013e-02	-2.176366e-05
1.100104856200025e-02	5.567483e-06
1.100209713800050e-02	-2.176428e-05
1.100419429000100e-02	5.556895e-06
1.100838859400201e-02	-2.178669e-05
1.101677720200402e-02	5.515556e-06
1.102677720200402e-02	-2.184076e-05
1.103677720200402e-02	5.464821e-06
1.104677720200402e-02	-2.188379e-05
1.105677720200402e-02	5.428389e-06
1.106677720200402e-02	-2.191456e-05
1.107677720200402e-02	5.402392e-06
1.108677720200402e-02	-2.193649e-05
1.109677720200402e-02	5.383890e-06
1.110677720200402e-02	-2.195207e-05
1.111677720200402e-02	5.370738e-06
1.112677720200402e-02	-2.196314e-05
1.113677720200402e-02	5.361390e-06
1.114677720200402e-02	-2.197101e-05
1.115677720200402e-02	5.354741e-06
1.116677720200402e-02	-2.197660e-05
1.117677720200402e-02	5.350007e-06
1.118677720200402e-02	-2.198058e-05
1.119677720200402e-02	5.346628e-06
1.120677720200402e-02	-2.198342e-05
1.121677720200402e-02	5.344208e-06
1.122677720200402e-02	-2.198546e-05
1.123677720200402e-02	5.342467e-06
1.124677720200402e-02	-2.198692e-05
1.125677720200402e-02	5.341208e-06
1.126677720200402e-02	-2.198797e-05
1.127677720200402e-02	5.340289e-06
1.128677720200402e-02	-2.198874e-05
1.129677720200402e-02	5.339611e-06
1.130677720200402e-02	-2.198931e-05
1.131677720200402e-02	5.339104e-06
1.132677720200402e-02	-2.198973e-05
1.133677720200402e-02	5.338718e-06
1.134677720200402e-02	-2.199005e-05
1.135677720200402e-02	5.338420e-06
1.136677720200402e-02	-2.199030e-05
1.137677720200402e-02	5.338183e-06
1.138677720200402e-02	-2.199050e-05
1.139677720200402e-02	5.337990e-06
1.140677720200402e-02	-2.199065e-05
1.141677720200402e-02	5.337830e-06
1.142677720200402e-02	-2.199078e-05
1.143677720200402e-02	5.337692e-06
1.144677720200402e-02	-2.199089e-05
1.145677720200402e-02	5.337572e-06
1.146677720200402e-02	-2.199099e-05
1.147677720200402e-02	5.337463e-06
1.148677720200402e-02	-2.199108e-05
1.149677720200402e-02	5.337365e-06
1.150677720200402e-02	-2.199115e-05
1.151677720200402e-02	5.337273e-06
1.152677720200402e-02	-2.199123e-05
1.153677720200402e-02	5.337187e-06
1.154677720200402e-02	-2.199129e-05
1.155677720200402e-02	5.337105e-06
1.156677720200402e-02	-2.199135e-05
1.157677720200402e-02	5.337027e-06
1.158677720200402e-02	-2.199141e-05
1.159677720200402e-02	5.336952e-06
1.160677720200402e-02	-2.199147e-05
1.161677720200402e-02	5.336880e-06
1.162677720200402e-02	-2.199152e-05
1.163677720200402e-02	5.336810e-06
1.164677720200402e-02	-2.199158e-05
1.165677720200402e-02	5.336742e-06
1.166677720200402e-02	-2.199163e-05
1.167677720200402e-02	5.336676e-06
1.168677720200402e-02	-2.199167e-05
1.169677720200402e-02	5.336612e-06
1.170677720200402e-02	-2.199172e-05
1.171677720200402e-02	5.336549e-06
1.172677720200402e-02	-2.199177e-05
1.173677720200402e-02	5.336488e-06
1.174677720200402e-02	-2.199181e-05
1.175677720200402e-02	5.336428e-06
1.176677720200402e-02	-2.199185e-05
1.177677720200402e-02	5.336370e-06
1.178677720200402e-02	-2.199190e-05
1.179677720200402e-02	5.336314e-06
1.180677720200402e-02	-2.199194e-05
1.181677720200402e-02	5.336258e-06
1.182677720200402e-02	-2.199197e-05
1.183677720200402e-02	5.336204e-06
1.184677720200402e-02	-2.199201e-05
1.185677720200402e-02	5.336151e-06
1.186677720200402e-02	-2.199205e-05
1.187677720200402e-02	5.336100e-06
1.188677720200402e-02	-2.199209e-05
1.189677720200402e-02	5.336049e-06
1.190677720200402e-02	-2.199212e-05
1.191677720200402e-02	5.336000e-06
1.192677720200402e-02	-2.199215e-05
1.193677720200402e-02	5.335951e-06
1.194677720200402e-02	-2.199219e-05
1.195677720200402e-02	5.335904e-06
1.196677720200402e-02	-2.199222e-05
1.197677720200402e-02	5.335859e-06
1.198677720200402e-02	-2.199225e-05
1.199677720200402e-02	5.335814e-06
1.200677720200402e-02	-2.199228e-05
1.201677720200402e-02	5.335769e-06
1.202677720200402e-02	-2.199231e-05
1.203677720200402e-02	5.335726e-06
1.204677720200402e-02	-2.199233e-05
1.205677720200402e-02	5.335684e-06
1.206677720200402e-02	-2.199236e-05
1.207677720200402e-02	5.335643e-06
1.208677720200402e-02	-2.199239e-05
1.209677720200402e-02	5.335603e-06
1.210677720200402e-02	-2.199241e-05
1.211677720200402e-02	5.335564e-06
1.212677720200402e-02	-2.199243e-05
1.213677720200402e-02	5.335525e-06
1.214677720200402e-02	-2.199246e-05
1.215677720200402e-02	5.335487e-06
1.216677720200402e-02	-2.199248e-05
1.217677720200402e-02	5.335451e-06
1.218677720200402e-02	-2.199250e-05
1.219677720200402e-02	5.335415e-06
1.220677720200402e-02	-2.199253e-05
1.221677720200402e-02	5.335380e-06
1.222677720200402e-02	-2.199255e-05
1.223677720200402e-02	5.335345e-06
1.224677720200402e-02	-2.199257e-05
1.225677720200402e-02	5.335311e-06
1.226677720200402e-02	-2.199259e-05
1.227677720200402e-02	5.335279e-06
1.228677720200402e-02	-2.199260e-05
1.229677720200402e-02	5.335246e-06
1.230677720200402e-02	-2.199262e-05
1.231677720200402e-02	5.335215e-06
1.232677720200402e-02	-2.199264e-05
1.233677720200402e-02	5.335184e-06
1.234677720200402e-02	-2.199266e-05
1.235677720200402e-02	5.335154e-06
1.236677720200402e-02	-2.199267e-05
1.237677720200402e-02	5.335124e-06
1.238677720200402e-02	-2.199269e-05
1.239677720200402e-02	5.335095e-06
1.240677720200402e-02	-2.199270e-05
1.241677720200402e-02	5.335066e-06
1.242677720200402e-02	-2.199272e-05
1.243677720200402e-02	5.335039e-06
1.244677720200402e-02	-2.199273e-05
1.245677720200402e-02	5.335011e-06
1.246677720200402e-02	-2.199275e-05
1.247677720200402e-02	5.334985e-06
1.248677720200402e-02	-2.199276e-05
1.249677720200402e-02	5.334959e-06
1.250677720200402e-02	-2.199277e-05
1.251677720200402e-02	5.334933e-06
1.252677720200402e-02	-2.199278e-05
1.253677720200402e-02	5.334908e-06
1.254677720200402e-02	-2.199280e-05
1.255677720200402e-02	5.334883e-06
1.256677720200402e-02	-2.199281e-05
1.257677720200402e-02	5.334859e-06
1.258677720200402e-02	-2.199282e-05
1.259677720200402e-02	5.334835e-06
1.260677720200402e-02	-2.199283e-05
1.261677720200402e-02	5.334812e-06
1.262677720200402e-02	-2.199284e-05
1.263677720200402e-02	5.334790e-06
1.264677720200402e-02	-2.199285e-05
1.265677720200402e-02	5.334768e-06
1.266677720200402e-02	-2.199286e-05
1.267677720200402e-02	5.334746e-06
1.268677720200402e-02	-2.199287e-05
1.269677720200402e-02	5.334724e-06
1.270677720200402e-02	-2.199288e-05
1.271677720200402e-02	5.334703e-06
1.272677720200402e-02	-2.199288e-05
1.273677720200402e-02	5.334683e-06
1.274677720200402e-02	-2.199289e-05
1.275677720200402e-02	5.334663e-06
1.276677720200402e-02	-2.199290e-05
1.277677720200402e-02	5.334643e-06
1.278677720200402e-02	-2.199291e-05
1.279677720200402e-02	5.334623e-06
1.280677720200402e-02	-2.199291e-05
1.281677720200402e-02	5.334604e-06
1.282677720200402e-02	-2.199292e-05
1.283677720200402e-02	5.334585e-06
1.284677720200402e-02	-2.199293e-05
1.285677720200402e-02	5.334567e-06
1.286677720200402e-02	-2.199293e-05
1.287677720200402e-02	5.334549e-06
1.288677720200402e-02	-2.199294e-05
1.289677720200402e-02	5.334531e-06
1.290677720200402e-02	-2.199294e-05
1.291677720200402e-02	5.334514e-06
1.292677720200402e-02	-2.199295e-05
1.293677720200402e-02	5.334497e-06
1.294677720200402e-02	-2.199295e-05
1.295677720200402e-02	5.334480e-06
1.296677720200402e-02	-2.199296e-05
1.297677720200402e-02	5.334464e-06
1.298677720200402e-02	-2.199296e-05
1.299677720200402e-02	5.334447e-06
1.300677720200402e-02	-2.199297e-05
1.301677720200402e-02	5.334432e-06
1.302677720200402e-02	-2.199297e-05
1.303677720200402e-02	5.334416e-06
1.304677720200402e-02	-2.199298e-05
1.305677720200402e-02	5.334401e-06
1.306677720200402e-02	-2.199298e-05
1.307677720200402e-02	5.334386e-06
1.308677720200402e-02	-2.199298e-05
1.309677720200402e-02	5.334371e-06
1.310677720200402e-02	-2.199298e-05
1.311677720200402e-02	5.334356e-06
1.312677720200402e-02	-2.199299e-05
1.313677720200402e-02	5.334341e-06
1.314677720200402e-02	-2.199299e-05
1.315677720200402e-02	5.334327e-06
1.316677720200402e-02	-2.199299e-05
1.317677720200402e-02	5.334314e-06
1.318677720200402e-02	-2.199299e-05
1.319677720200402e-02	5.334300e-06
1.320677720200402e-02	-2.199300e-05
1.321677720200402e-02	5.334286e-06
1.322677720200402e-02	-2.199300e-05
1.323677720200402e-02	5.334273e-06
1.324677720200402e-02	-2.199300e-05
1.325677720200402e-02	5.334260e-06
1.326677720200402e-02	-2.199300e-05
1.327677720200402e-02	5.334247e-06
1.328677720200402e-02	-2.199300e-05
1.329677720200402e-02	5.334235e-06
1.330677720200402e-02	-2.199300e-05
1.331677720200402e-02	5.334222e-06
1.332677720200402e-02	-2.199300e-05
1.333677720200402e-02	5.334210e-06
1.334677720200402e-02	-2.199301e-05
1.335677720200402e-02	5.334198e-06
1.336677720200402e-02	-2.199301e-05
1.337677720200402e-02	5.334186e-06
1.338677720200402e-02	-2.199301e-05
1.339677720200402e-02	5.334175e-06
1.340677720200402e-02	-2.199301e-05
1.341677720200402e-02	5.334163e-06
1.342677720200402e-02	-2.199301e-05
1.343677720200402e-02	5.334152e-06
1.344677720200402e-02	-2.199301e-05
1.345677720200402e-02	5.334140e-06
1.346677720200402e-02	-2.199301e-05
1.347677720200402e-02	5.334130e-06
1.348677720200402e-02	-2.199301e-05
1.349677720200402e-02	5.334119e-06
1.350677720200402e-02	-2.199301e-05
1.351677720200402e-02	5.334108e-06
1.352677720200402e-02	-2.199301e-05
1.353677720200402e-02	5.334097e-06
1.354677720200402e-02	-2.199301e-05
1.355677720200401e-02	5.334087e-06
1.356677720200402e-02	-2.199301e-05
1.357677720200402e-02	5.334076e-06
1.358677720200402e-02	-2.199300e-05
1.359677720200402e-02	5.334066e-06
1.360677720200402e-02	-2.199300e-05
1.361677720200402e-02	5.334056e-06
1.362677720200402e-02	-2.199300e-05
1.363677720200402e-02	5.334046e-06
1.364677720200402e-02	-2.199300e-05
1.365677720200402e-02	5.334036e-06
1.366677720200402e-02	-2.199300e-05
1.367677720200402e-02	5.334027e-06
1.368677720200402e-02	-2.199300e-05
1.369677720200402e-02	5.334017e-06
1.370677720200402e-02	-2.199300e-05
1.371677720200402e-02	5.334008e-06
1.372677720200401e-02	-2.199300e-05
1.373677720200402e-02	5.333999e-06
1.374677720200402e-02	-2.199300e-05
1.375677720200402e-02	5.333990e-06
1.376677720200402e-02	-2.199299e-05
1.377677720200402e-02	5.333980e-06
1.378677720200402e-02	-2.199299e-05
1.379677720200402e-02	5.333971e-06
1.380677720200402e-02	-2.199299e-05
1.381677720200402e-02	5.333963e-06
1.382677720200402e-02	-2.199299e-05
1.383677720200402e-02	5.333954e-06
1.384677720200402e-02	-2.199299e-05
1.385677720200402e-02	5.333945e-06
1.386677720200402e-02	-2.199298e-05
1.387677720200402e-02	5.333936e-06
1.388677720200402e-02	-2.199298e-05
1.389677720200401e-02	5.333928e-06
1.390677720200402e-02	-2.199298e-05
1.391677720200402e-02	5.333919e-06
1.392677720200402e-02	-2.199298e-05
1.393677720200402e-02	5.333911e-06
1.394677720200402e-02	-2.199298e-05
1.395677720200402e-02	5.333903e-06
1.396677720200402e-02	-2.199297e-05
1.397677720200402e-02	5.333895e-06
1.398677720200402e-02	-2.199297e-05
1.399677720200402e-02	5.333887e-06
1.400677720200402e-02	-2.199297e-05
1.401677720200402e-02	5.333879e-06
1.402677720200402e-02	-2.199297e-05
1.403677720200402e-02	5.333871e-06
1.404677720200402e-02	-2.199296e-05
1.405677720200402e-02	5.333863e-06
1.406677720200402e-02	-2.199296e-05
1.407677720200402e-02	5.333855e-06
1.408677720200402e-02	-2.199296e-05
1.409677720200402e-02	5.333848e-06
1.410677720200402e-02	-2.199296e-05
1.411677720200402e-02	5.333840e-06
1.412677720200402e-02	-2.199295e-05
1.413677720200402e-02	5.333833e-06
1.414677720200402e-02	-2.199295e-05
1.415677720200402e-02	5.333825e-06
1.416677720200402e-02	-2.199295e-05
1.417677720200402e-02	5.333818e-06
1.418677720200402e-02	-2.199294e-05
1.419677720200401e-02	5.333810e-06
1.420677720200402e-02	-2.199294e-05
1.421677720200402e-02	5.333803e-06
1.422677720200402e-02	-2.199294e-05
1.423677720200402e-02	5.333796e-06
1.424677720200402e-02	-2.199293e-05
1.425677720200402e-02	5.333789e-06
1.426677720200402e-02	-2.199293e-05
1.427677720200402e-02	5.333781e-06
1.428677720200402e-02	-2.199293e-05
1.429677720200402e-02	5.333774e-06
1.430677720200402e-02	-2.199292e-05
1.431677720200402e-02	5.333768e-06
1.432677720200402e-02	-2.199292e-05
1.433677720200402e-02	5.333760e-06
1.434677720200402e-02	-2.199292e-05
1.435677720200402e-02	5.333754e-06
1.436677720200401e-02	-2.199291e-05
1.437677720200402e-02	5.333747e-06
1.438677720200402e-02	-2.199291e-05
1.439677720200402e-02	5.333740e-06
1.440677720200402e-02	-2.199291e-05
1.441677720200402e-02	5.333733e-06
1.442677720200402e-02	-2.199290e-05
1.443677720200402e-02	5.333727e-06
1.444677720200402e-02	-2.199290e-05
1.445677720200402e-02	5.333720e-06
1.446677720200402e-02	-2.199290e-05
1.447677720200402e-02	5.333713e-06
1.448677720200402e-02	-2.199289e-05
1.449677720200402e-02	5.333707e-06
1.450677720200402e-02	-2.199289e-05
1.451677720200402e-02	5.333700e-06
1.452677720200402e-02	-2.199289e-05
1.453677720200401e-02	5.333694e-06
1.454677720200402e-02	-2.199288e-05
1.455677720200402e-02	5.333687e-06
1.456677720200402e-02	-2.199288e-05
1.457677720200402e-02	5.333681e-06
1.458677720200402e-02	-2.199288e-05
1.459677720200402e-02	5.333674e-06
1.460677720200402e-02	-2.199287e-05
1.461677720200402e-02	5.333668e-06
1.462677720200402e-02	-2.199287e-05
1.463677720200402e-02	5.333662e-06
1.464677720200402e-02	-2.199286e-05
1.465677720200402e-02	5.333656e-06
1.466677720200402e-02	-2.199286e-05
1.467677720200402e-02	5.333649e-06
1.468677720200402e-02	-2.199286e-05
1.469677720200402e-02	5.333643e-06
1.470677720200401e-02	-2.199285e-05
1.471677720200402e-02	5.333637e-06
1.472677720200402e-02	-2.199285e-05
1.473677720200402e-02	5.333631e-06
1.474677720200402e-02	-2.199284e-05
1.475677720200402e-02	5.333625e-06
1.476677720200402e-02	-2.199284e-05
1.477677720200402e-02	5.333619e-06
1.478677720200402e-02	-2.199284e-05
1.479677720200402e-02	5.333613e-06
1.480677720200402e-02	-2.199283e-05
1.481677720200402e-02	5.333607e-06
1.482677720200402e-02	-2.199283e-05
1.483677720200401e-02	5.333601e-06
1.484677720200402e-02	-2.199282e-05
1.485677720200402e-02	5.333595e-06
1.486677720200402e-02	-2.199282e-05
1.487677720200401e-02	5.333589e-06
1.488677720200402e-02	-2.199282e-05
1.489677720200402e-02	5.333583e-06
1.490677720200402e-02	-2.199281e-05
1.491677720200402e-02	5.333578e-06
1.492677720200402e-02	-2.199281e-05
1.493677720200402e-02	5.333572e-06
1.494677720200402e-02	-2.199280e-05
1.495677720200402e-02	5.333566e-06
1.496677720200402e-02	-2.199280e-05
1.497677720200402e-02	5.333560e-06
1.498677720200402e-02	-2.199279e-05
1.499677720200402e-02	5.333554e-06
1.500677720200401e-02	-2.199279e-05
1.501677720200402e-02	5.333548e-06
1.502677720200402e-02	-2.199279e-05
1.503677720200402e-02	5.333543e-06
1.504677720200401e-02	-2.199278e-05
1.505677720200402e-02	5.333537e-06
1.506677720200402e-02	-2.199278e-05
1.507677720200402e-02	5.333532e-06
1.508677720200402e-02	-2.199277e-05
1.509677720200402e-02	5.333526e-06
1.510677720200402e-02	-2.199277e-05
1.511677720200402e-02	5.333520e-06
1.512677720200402e-02	-2.199276e-05
1.513677720200402e-02	5.333514e-06
1.514677720200402e-02	-2.199276e-05
1.515677720200402e-02	5.333509e-06
1.516677720200402e-02	-2.199276e-05
1.517677720200401e-02	5.333503e-06
1.518677720200402e-02	-2.199275e-05
1.519677720200402e-02	5.333497e-06
1.520677720200402e-02	-2.199275e-05
1.521677720200401e-02	5.333492e-06
1.522677720200402e-02	-2.199274e-05
1.523677720200402e-02	5.333487e-06
1.524677720200402e-02	-2.199274e-05
1.525677720200402e-02	5.333481e-06
1.526677720200402e-02	-2.199273e-05
1.527677720200402e-02	5.333476e-06
1.528677720200402e-02	-2.199273e-05
1.529677720200402e-02	5.333470e-06
1.530677720200402e-02	-2.199272e-05
1.531677720200402e-02	5.333465e-06
1.532677720200402e-02	-2.199272e-05
1.533677720200402e-02	5.333459e-06
1.534677720200401e-02	-2.199272e-05
1.535677720200402e-02	5.333454e-06
1.536677720200402e-02	-2.199271e-05
1.537677720200402e-02	5.333448e-06
1.538677720200401e-02	-2.199271e-05
1.539677720200402e-02	5.333443e-06
1.540677720200402e-02	-2.199270e-05
1.541677720200402e-02	5.333437e-06
1.542677720200402e-02	-2.199270e-05
1.543677720200402e-02	5.333432e-06
1.544677720200402e-02	-2.199269e-05
1.545677720200402e-02	5.333427e-06
1.546677720200402e-02	-2.199269e-05
1.547677720200401e-02	5.333422e-06
1.548677720200402e-02	-2.199268e-05
1.549677720200402e-02	5.333416e-06
1.550677720200402e-02	-2.199268e-05
1.551677720200401e-02	5.333411e-06
1.552677720200402e-02	-2.199268e-05
1.553677720200402e-02	5.333405e-06
1.554677720200402e-02	-2.199267e-05
1.555677720200402e-02	5.333400e-06
1.556677720200402e-02	-2.199267e-05
1.557677720200402e-02	5.333395e-06
1.558677720200402e-02	-2.199266e-05
1.559677720200402e-02	5.333389e-06
1.560677720200402e-02	-2.199266e-05
1.561677720200402e-02	5.333384e-06
1.562677720200402e-02	-2.199265e-05
1.563677720200402e-02	5.333379e-06
1.564677720200401e-02	-2.199265e-05
1.565677720200401e-02	5.333373e-06
1.566677720200401e-02	-2.199264e-05
1.567677720200402e-02	5.333368e-06
1.568677720200402e-02	-2.199264e-05
1.569677720200402e-02	5.333363e-06
1.570677720200402e-02	-2.199263e-05
1.571677720200402e-02	5.333358e-06
1.572677720200402e-02	-2.199263e-05
1.573677720200401e-02	5.333352e-06
1.574677720200401e-02	-2.199262e-05
1.575677720200402e-02	5.333347e-06
1.576677720200402e-02	-2.199262e-05
1.577677720200402e-02	5.333342e-06
1.578677720200402e-02	-2.199262e-05
1.579677720200402e-02	5.333337e-06
1.580677720200402e-02	-2.199261e-05
1.581677720200401e-02	5.333332e-06
1.582677720200401e-02	-2.199261e-05
1.583677720200401e-02	5.333326e-06
1.584677720200402e-02	-2.199260e-05
1.585677720200402e-02	5.333321e-06
1.586677720200402e-02	-2.199260e-05
1.587677720200402e-02	5.333316e-06
1.588677720200402e-02	-2.199259e-05
1.589677720200402e-02	5.333311e-06
1.590677720200401e-02	-2.199259e-05
1.591677720200401e-02	5.333306e-06
1.592677720200402e-02	-2.199258e-05
1.593677720200402e-02	5.333301e-06
1.594677720200402e-02	-2.199258e-05
1.595677720200402e-02	5.333295e-06
1.596677720200402e-02	-2.199257e-05
1.597677720200402e-02	5.333290e-06
1.598677720200401e-02	-2.199257e-05
1.599677720200401e-02	5.333285e-06
1.600677720200401e-02	-2.199256e-05
1.601677720200402e-02	5.333280e-06
1.602677720200402e-02	-2.199256e-05
1.603677720200402e-02	5.333275e-06
1.604677720200402e-02	-2.199255e-05
1.605677720200402e-02	5.333269e-06
1.606677720200402e-02	-2.199255e-05
1.607677720200401e-02	5.333264e-06
1.608677720200401e-02	-2.199254e-05
1.609677720200402e-02	5.333259e-06
1.610677720200402e-02	-2.199254e-05
1.611677720200402e-02	5.333254e-06
1.612677720200402e-02	-2.199254e-05
1.613677720200402e-02	5.333249e-06
1.614677720200402e-02	-2.199253e-05
1.615677720200401e-02	5.333244e-06
1.616677720200401e-02	-2.199252e-05
1.617677720200401e-02	5.333239e-06
1.618677720200402e-02	-2.199252e-05
1.619677720200402e-02	5.333233e-06
1.620677720200402e-02	-2.199252e-05
1.621677720200402e-02	5.333228e-06
1.622677720200402e-02	-2.199251e-05
1.623677720200402e-02	5.333223e-06
1.624677720200401e-02	-2.199251e-05
1.625677720200401e-02	5.333218e-06
1.626677720200402e-02	-2.199250e-05
1.627677720200402e-02	5.333213e-06
1.628677720200402e-02	-2.199250e-05
1.629677720200402e-02	5.333208e-06
1.630677720200402e-02	-2.199249e-05
1.631677720200402e-02	5.333203e-06
1.632677720200401e-02	-2.199249e-05
1.633677720200401e-02	5.333198e-06
1.634677720200401e-02	-2.199248e-05
1.635677720200402e-02	5.333192e-06
1.636677720200402e-02	-2.199248e-05
1.637677720200402e-02	5.333187e-06
1.638677720200402e-02	-2.199247e-05
1.639677720200402e-02	5.333182e-06
1.640677720200402e-02	-2.199247e-05
1.641677720200401e-02	5.333177e-06
1.642677720200401e-02	-2.199246e-05
1.643677720200401e-02	5.333172e-06
1.644677720200402e-02	-2.199246e-05
1.645677720200402e-02	5.333167e-06
1.646677720200402e-02	-2.199245e-05
1.647677720200402e-02	5.333162e-06
1.648677720200402e-02	-2.199245e-05
1.649677720200401e-02	5.333157e-06
1.650677720200401e-02	-2.199244e-05
1.651677720200401e-02	5.333152e-06
1.652677720200402e-02	-2.199244e-05
1.653677720200402e-02	5.333147e-06
1.654677720200402e-02	-2.199243e-05
1.655677720200402e-02	5.333141e-06
1.656677720200402e-02	-2.199243e-05
1.657677720200402e-02	5.333136e-06
1.658677720200401e-02	-2.199242e-05
1.659677720200401e-02	5.333131e-06
1.660677720200401e-02	-2.199242e-05
1.661677720200402e-02	5.333126e-06
1.662677720200402e-02	-2.199241e-05
1.663677720200402e-02	5.333121e-06
1.664677720200402e-02	-2.199241e-05
1.665677720200402e-02	5.333116e-06
1.666677720200401e-02	-2.199240e-05
1.667677720200401e-02	5.333111e-06
1.668677720200401e-02	-2.199240e-05
1.669677720200402e-02	5.333106e-06
1.670677720200402e-02	-2.199239e-05
1.671677720200402e-02	5.333101e-06
1.672677720200402e-02	-2.199239e-05
1.673677720200402e-02	5.333096e-06
1.674677720200402e-02	-2.199238e-05
1.675677720200401e-02	5.333091e-06
1.676677720200401e-02	-2.199238e-05
1.677677720200401e-02	5.333086e-06
1.678677720200402e-02	-2.199237e-05
1.679677720200402e-02	5.333080e-06
1.680677720200402e-02	-2.199237e-05
1.681677720200402e-02	5.333075e-06
1.682677720200402e-02	-2.199236e-05
1.683677720200401e-02	5.333070e-06
1.684677720200401e-02	-2.199236e-05
1.685677720200401e-02	5.333065e-06
1.686677720200402e-02	-2.199235e-05
1.687677720200402e-02	5.333060e-06
1.688677720200402e-02	-2.199235e-05
1.689677720200402e-02	5.333055e-06
1.690677720200402e-02	-2.199234e-05
1.691677720200402e-02	5.333050e-06
1.692677720200401e-02	-2.199234e-05
1.693677720200401e-02	5.333045e-06
1.694677720200401e-02	-2.199233e-05
1.695677720200402e-02	5.333040e-06
1.696677720200402e-02	-2.199233e-05
1.697677720200402e-02	5.333035e-06
1.698677720200402e-02	-2.199232e-05
1.699677720200402e-02	5.333030e-06
1.700677720200401e-02	-2.199232e-05
1.701677720200401e-02	5.333025e-06
1.702677720200401e-02	-2.199231e-05
1.703677720200402e-02	5.333020e-06
1.704677720200402e-02	-2.199231e-05
1.705677720200402e-02	5.333015e-06
1.706677720200402e-02	-2.199230e-05
1.707677720200402e-02	5.333010e-06
1.708677720200402e-02	-2.199230e-05
1.709677720200401e-02	5.333005e-06
1.710677720200401e-02	-2.199229e-05
1.711677720200401e-02	5.333000e-06
1.712677720200402e-02	-2.199229e-05
1.713677720200402e-02	5.332994e-06
1.714677720200402e-02	-2.199228e-05
1.715677720200402e-02	5.332989e-06
1.716677720200402e-02	-2.199228e-05
1.717677720200401e-02	5.332984e-06
1.718677720200401e-02	-2.199227e-05
1.719677720200401e-02	5.332979e-06
1.720677720200402e-02	-2.199227e-05
1.721677720200402e-02	5.332974e-06
1.722677720200402e-02	-2.199226e-05
1.723677720200402e-02	5.332969e-06
1.724677720200402e-02	-2.199226e-05
1.725677720200402e-02	5.332964e-06
1.726677720200401e-02	-2.199225e-05
1.727677720200401e-02	5.332959e-06
1.728677720200401e-02	-2.199225e-05
1.729677720200402e-02	5.332954e-06
1.730677720200402e-02	-2.199224e-05
1.731677720200402e-02	5.332949e-06
1.732677720200402e-02	-2.199224e-05
1.733677720200402e-02	5.332943e-06
1.734677720200401e-02	-2.199223e-05
1.735677720200401e-02	5.332938e-06
1.736677720200401e-02	-2.199223e-05
1.737677720200402e-02	5.332933e-06
1.738677720200402e-02	-2.199222e-05
1.739677720200402e-02	5.332928e-06
1.740677720200402e-02	-2.199222e-05
1.741677720200402e-02	5.332923e-06
1.742677720200402e-02	-2.199221e-05
1.743677720200401e-02	5.332918e-06
1.744677720200401e-02	-2.199221e-05
1.745677720200401e-02	5.332913e-06
1.746677720200402e-02	-2.199220e-05
1.747677720200402e-02	5.332908e-06
1.748677720200402e-02	-2.199220e-05
1.749677720200402e-02	5.332903e-06
1.750677720200402e-02	-2.199219e-05
1.751677720200401e-02	5.332897e-06
1.752677720200401e-02	-2.199219e-05
1.753677720200401e-02	5.332892e-06
1.754677720200402e-02	-2.199218e-05
1.755677720200402e-02	5.332887e-06
1.756677720200402e-02	-2.199218e-05
1.757677720200402e-02	5.332882e-06
1.758677720200402e-02	-2.199217e-05
1.759677720200402e-02	5.332877e-06
1.760677720200401e-02	-2.199217e-05
1.761677720200401e-02	5.332872e-06
1.762677720200401e-02	-2.199216e-05
1.763677720200402e-02	5.332867e-06
1.764677720200402e-02	-2.199216e-05
1.765677720200402e-02	5.332861e-06
1.766677720200402e-02	-2.199215e-05
1.767677720200402e-02	5.332856e-06
1.768677720200401e-02	-2.199215e-05
1.769677720200401e-02	5.332851e-06
1.770677720200401e-02	-2.199214e-05
1.771677720200401e-02	5.332846e-06
1.772677720200402e-02	-2.199214e-05
1.773677720200402e-02	5.332841e-06
1.774677720200402e-02	-2.199213e-05
1.775677720200402e-02	5.332836e-06
1.776677720200402e-02	-2.199213e-05
1.777677720200401e-02	5.332831e-06
1.778677720200401e-02	-2.199212e-05
1.779677720200401e-02	5.332825e-06
1.780677720200402e-02	-2.199212e-05
1.781677720200402e-02	5.332820e-06
1.782677720200402e-02	-2.199211e-05
1.783677720200402e-02	5.332815e-06
1.784677720200402e-02	-2.199211e-05
1.785677720200401e-02	5.332810e-06
1.786677720200401e-02	-2.199210e-05
1.787677720200401e-02	5.332805e-06
1.788677720200401e-02	-2.199210e-05
1.789677720200402e-02	5.332800e-06
1.790677720200402e-02	-2.199209e-05
1.791677720200402e-02	5.332795e-06
1.792677720200402e-02	-2.199209e-05
1.793677720200402e-02	5.332789e-06
1.794677720200401e-02	-2.199208e-05
1.795677720200401e-02	5.332784e-06
1.796677720200401e-02	-2.199208e-05
1.797677720200402e-02	5.332779e-06
1.798677720200402e-02	-2.199207e-05
1.799677720200402e-02	5.332774e-06
1.800677720200402e-02	-2.199207e-05
1.801677720200402e-02	5.332769e-06
1.802677720200401e-02	-2.199206e-05
1.803677720200401e-02	5.332764e-06
1.804677720200401e-02	-2.199206e-05
1.805677720200401e-02	5.332759e-06
1.806677720200402e-02	-2.199205e-05
1.807677720200402e-02	5.332754e-06
1.808677720200402e-02	-2.199205e-05
1.809677720200402e-02	5.332748e-06
1.810677720200402e-02	-2.199204e-05
1.811677720200401e-02	5.332743e-06
1.812677720200401e-02	-2.199204e-05
1.813677720200401e-02	5.332738e-06
1.814677720200402e-02	-2.199203e-05
1.815677720200402e-02	5.332733e-06
1.816677720200402e-02	-2.199203e-05
1.817677720200402e-02	5.332728e-06
1.818677720200402e-02	-2.199202e-05
1.819677720200401e-02	5.332722e-06
1.820677720200401e-02	-2.199201e-05
1.821677720200401e-02	5.332717e-06
1.822677720200401e-02	-2.199201e-05
1.823677720200402e-02	5.332712e-06
1.824677720200402e-02	-2.199201e-05
1.825677720200402e-02	5.332707e-06
1.826677720200402e-02	-2.199200e-05
1.827677720200402e-02	5.332702e-06
1.828677720200401e-02	-2.199199e-05
1.829677720200401e-02	5.332696e-06
1.830677720200401e-02	-2.199199e-05
1.831677720200402e-02	5.332691e-06
1.832677720200402e-02	-2.199198e-05
1.833677720200402e-02	5.332686e-06
1.834677720200402e-02	-2.199198e-05
1.835677720200402e-02	5.332681e-06
1.836677720200402e-02	-2.199197e-05
1.837677720200401e-02	5.332675e-06
1.838677720200401e-02	-2.199197e-05
1.839677720200401e-02	5.332670e-06
1.840677720200402e-02	-2.199196e-05
1.841677720200402e-02	5.332665e-06
1.842677720200402e-02	-2.199196e-05
1.843677720200402e-02	5.332660e-06
1.844677720200402e-02	-2.199195e-05
1.845677720200401e-02	5.332655e-06
1.846677720200401e-02	-2.199195e-05
1.847677720200401e-02	5.332649e-06
1.848677720200402e-02	-2.199194e-05
1.849677720200402e-02	5.332644e-06
1.850677720200402e-02	-2.199194e-05
1.851677720200402e-02	5.332639e-06
1.852677720200402e-02	-2.199193e-05
1.853677720200402e-02	5.332634e-06
1.854677720200401e-02	-2.199193e-05
1.855677720200401e-02	5.332628e-06
1.856677720200401e-02	-2.199192e-05
1.857677720200402e-02	5.332623e-06
1.858677720200402e-02	-2.199192e-05
1.859677720200402e-02	5.332618e-06
1.860677720200402e-02	-2.199191e-05
1.861677720200402e-02	5.332613e-06
1.862677720200401e-02	-2.199191e-05
1.863677720200401e-02	5.332608e-06
1.864677720200401e-02	-2.199190e-05
1.865677720200402e-02	5.332603e-06
1.866677720200402e-02	-2.199190e-05
1.867677720200402e-02	5.332597e-06
1.868677720200402e-02	-2.199189e-05
1.869677720200402e-02	5.332592e-06
1.870677720200402e-02	-2.199189e-05
1.871677720200401e-02	5.332587e-06
1.872677720200401e-02	-2.199188e-05
1.873677720200401e-02	5.332581e-06
1.874677720200402e-02	-2.199187e-05
1.875677720200402e-02	5.332576e-06
1.876677720200402e-02	-2.199187e-05
1.877677720200402e-02	5.332571e-06
1.878677720200402e-02	-2.199186e-05
1.879677720200401e-02	5.332566e-06
1.880677720200401e-02	-2.199186e-05
1.881677720200401e-02	5.332560e-06
1.882677720200402e-02	-2.199185e-05
1.883677720200402e-02	5.332555e-06
1.884677720200402e-02	-2.199185e-05
1.885677720200402e-02	5.332550e-06
1.886677720200402e-02	-2.199184e-05
1.887677720200402e-02	5.332544e-06
1.888677720200401e-02	-2.199184e-05
1.889677720200401e-02	5.332539e-06
1.890677720200401e-02	-2.199183e-05
1.891677720200402e-02	5.332534e-06
1.892677720200402e-02	-2.199183e-05
1.893677720200402e-02	5.332528e-06
1.894677720200402e-02	-2.199182e-05
1.895677720200402e-02	5.332523e-06
1.896677720200401e-02	-2.199182e-05
1.897677720200401e-02	5.332518e-06
1.898677720200401e-02	-2.199181e-05
1.899677720200401e-02	5.332513e-06
1.900677720200402e-02	-2.199181e-05
1.901677720200402e-02	5.332507e-06
1.902677720200402e-02	-2.199180e-05
1.903677720200402e-02	5.332502e-06
1.904677720200402e-02	-2.199180e-05
1.905677720200401e-02	5.332497e-06
1.906677720200401e-02	-2.199179e-05
1.907677720200401e-02	5.332492e-06
1.908677720200402e-02	-2.199179e-05
1.909677720200402e-02	5.332486e-06
1.910677720200402e-02	-2.199178e-05
1.911677720200402e-02	5.332481e-06
1.912677720200402e-02	-2.199177e-05
1.913677720200401e-02	5.332476e-06
1.914677720200401e-02	-2.199177e-05
1.915677720200401e-02	5.332470e-06
1.916677720200401e-02	-2.199176e-05
1.917677720200402e-02	5.332465e-06
1.918677720200402e-02	-2.199176e-05
1.919677720200402e-02	5.332460e-06
1.920677720200402e-02	-2.199175e-05
1.921677720200402e-02	5.332454e-06
1.922677720200401e-02	-2.199175e-05
1.923677720200401e-02	5.332449e-06
1.924677720200401e-02	-2.199174e-05
1.925677720200402e-02	5.332444e-06
1.926677720200402e-02	-2.199174e-05
1.927677720200402e-02	5.332438e-06
1.928677720200402e-02	-2.199173e-05
1.929677720200402e-02	5.332433e-06
1.930677720200401e-02	-2.199173e-05
1.931677720200401e-02	5.332427e-06
1.932677720200401e-02	-2.199172e-05
1.933677720200401e-02	5.332422e-06
1.934677720200402e-02	-2.199172e-05
1.935677720200402e-02	5.332417e-06
1.936677720200402e-02	-2.199171e-05
1.937677720200402e-02	5.332412e-06
1.938677720200402e-02	-2.199171e-05
1.939677720200401e-02	5.332406e-06
1.940677720200401e-02	-2.199170e-05
1.941677720200401e-02	5.332401e-06
1.942677720200402e-02	-2.199169e-05
1.943677720200402e-02	5.332396e-06
1.944677720200402e-02	-2.199169e-05
1.945677720200402e-02	5.332390e-06
1.946677720200402e-02	-2.199168e-05
1.947677720200401e-02	5.332385e-06
1.948677720200401e-02	-2.199168e-05
1.949677720200401e-02	5.332380e-06
1.950677720200401e-02	-2.199167e-05
1.951677720200402e-02	5.332374e-06
1.952677720200402e-02	-2.199167e-05
1.953677720200402e-02	5.332369e-06
1.954677720200402e-02	-2.199166e-05
1.955677720200402e-02	5.332363e-06
1.956677720200401e-02	-2.199166e-05
1.957677720200401e-02	5.332358e-06
1.958677720200401e-02	-2.199165e-05
1.959677720200402e-02	5.332352e-06
1.960677720200402e-02	-2.199165e-05
1.961677720200402e-02	5.332347e-06
1.962677720200402e-02	-2.199164e-05
1.963677720200402e-02	5.332342e-06
1.964677720200401e-02	-2.199163e-05
1.965677720200401e-02	5.332337e-06
1.966677720200401e-02	-2.199163e-05
1.967677720200401e-02	5.332331e-06
1.968677720200402e-02	-2.199163e-05
1.969677720200402e-02	5.332326e-06
1.970677720200402e-02	-2.199162e-05
1.971677720200402e-02	5.332320e-06
1.972677720200402e-02	-2.199161e-05
1.973677720200401e-02	5.332315e-06
1.974677720200401e-02	-2.199161e-05
1.975677720200401e-02	5.332310e-06
1.976677720200402e-02	-2.199160e-05
1.977677720200402e-02	5.332304e-06
1.978677720200402e-02	-2.199160e-05
1.979677720200402e-02	5.332299e-06
1.980677720200402e-02	-2.199159e-05
1.981677720200401e-02	5.332293e-06
1.982677720200401e-02	-2.199159e-05
1.983677720200401e-02	5.332288e-06
1.984677720200401e-02	-2.199158e-05
1.985677720200402e-02	5.332282e-06
1.986677720200402e-02	-2.199158e-05
1.987677720200402e-02	5.332277e-06
1.988677720200402e-02	-2.199157e-05
1.989677720200402e-02	5.332271e-06
1.990677720200401e-02	-2.199157e-05
1.991677720200401e-02	5.332266e-06
1.992677720200401e-02	-2.199156e-05
1.993677720200402e-02	5.332261e-06
1.994677720200402e-02	-2.199155e-05
1.995677720200402e-02	5.332256e-06
1.996677720200402e-02	-2.199155e-05
1.997677720200402e-02	5.332250e-06
1.998677720200401e-02	-2.199154e-05
1.999677720200401e-02	5.332245e-06
2.000000000000000e-02	-2.199153e-05
