time	I(Vcell25)
0.000000000000000e+00	-2.647137e-07
9.999999439624929e-11	-2.645915e-07
1.999999887924986e-10	-2.644522e-07
3.999999775849972e-10	-2.641404e-07
7.999999551699943e-10	-2.633493e-07
1.599999910339989e-09	-2.613045e-07
3.199999820679977e-09	-2.563031e-07
6.399999641359955e-09	-2.456905e-07
1.279999928271991e-08	-2.267696e-07
2.559999856543982e-08	-1.965877e-07
5.119999713087964e-08	-1.500107e-07
9.248630664979748e-08	-9.376345e-08
1.509759026644180e-07	-2.192532e-07
2.056786036796262e-07	-5.149143e-07
2.711470554082648e-07	-7.974963e-07
3.307589917392930e-07	-9.512551e-07
4.499828644013495e-07	-9.596616e-07
4.722951375678552e-07	-9.370539e-07
5.169196839008667e-07	-8.907734e-07
6.061687765668897e-07	-8.027147e-07
7.846669618989356e-07	-6.507053e-07
1.141663332563027e-06	-4.378660e-07
1.717850044023306e-06	-2.834838e-07
2.438243087911455e-06	-2.584337e-07
3.466266525716984e-06	-3.111727e-07
5.224207515102728e-06	-4.260748e-07
8.740089493874218e-06	-6.263770e-07
1.577185345141720e-05	-6.156732e-06
2.577185345141720e-05	-2.061459e-05
3.577185345141720e-05	-2.873440e-05
4.577185345141720e-05	-3.087649e-05
5.577185345141720e-05	-2.762247e-05
6.577185345141719e-05	-2.350339e-05
7.577185345141719e-05	-1.994790e-05
8.577185345141719e-05	-1.722930e-05
9.577185345141719e-05	-1.472580e-05
1.000000009999994e-04	-1.396244e-05
1.000000019999994e-04	-1.396328e-05
1.000000179999994e-04	-1.396263e-05
1.000000499999994e-04	-1.396368e-05
1.000001139999994e-04	-1.396331e-05
1.000002419999994e-04	-1.396368e-05
1.000004979999994e-04	-1.396269e-05
1.000010099999994e-04	-1.396078e-05
1.000020339999994e-04	-1.395497e-05
1.000040819999994e-04	-1.394454e-05
1.000081779999994e-04	-1.392807e-05
1.000163699999994e-04	-1.390956e-05
1.000327539999994e-04	-1.389375e-05
1.000655219999995e-04	-1.388537e-05
1.001310579999995e-04	-1.387250e-05
1.002621299999997e-04	-1.384540e-05
1.005242740000000e-04	-1.379195e-05
1.010485620000006e-04	-1.368673e-05
1.020971380000018e-04	-1.347850e-05
1.041942900000042e-04	-1.307284e-05
1.083885940000089e-04	-1.230050e-05
1.167772020000184e-04	-1.090013e-05
1.267772020000184e-04	-9.455539e-06
1.367772020000184e-04	-8.217469e-06
1.467772020000184e-04	-4.910777e-05
1.567772020000184e-04	-1.165658e-04
1.637399388752004e-04	-5.853014e-03
1.704888489359943e-04	-1.757227e-02
1.739243607918198e-04	-2.141850e-02
1.773201076481437e-04	-2.408766e-02
1.818188852255194e-04	-2.698753e-02
1.859811516968270e-04	-2.966813e-02
1.943056846394420e-04	-3.459177e-02
2.043056846394420e-04	-4.054137e-02
2.143056846394420e-04	-4.624942e-02
2.243056846394420e-04	-5.208167e-02
2.343056846394420e-04	-5.771924e-02
2.443056846394420e-04	-6.350234e-02
2.543056846394420e-04	-6.910156e-02
2.643056846394420e-04	-7.485258e-02
2.743056846394420e-04	-8.042348e-02
2.843056846394420e-04	-8.614842e-02
2.943056846394420e-04	-9.167555e-02
3.043056846394420e-04	-9.741783e-02
3.143056846394420e-04	-1.040779e-01
3.241275325582053e-04	-1.189514e-01
3.331953639616870e-04	-1.420010e-01
3.425530178579571e-04	-1.655897e-01
3.515208552939228e-04	-1.875968e-01
3.615208552939228e-04	-2.071377e-01
3.715208552939228e-04	-2.144970e-01
3.815208552939228e-04	-2.207602e-01
3.915208552939228e-04	-2.263470e-01
4.015208552939228e-04	-2.320725e-01
4.115208552939228e-04	-2.373883e-01
4.215208552939228e-04	-2.429491e-01
4.315208552939228e-04	-2.481509e-01
4.415208552939228e-04	-2.536277e-01
4.515208552939228e-04	-2.587625e-01
4.615208552939228e-04	-2.641850e-01
4.715208552939228e-04	-2.692729e-01
4.815208552939228e-04	-2.746550e-01
4.915208552939228e-04	-2.797063e-01
5.015208552939228e-04	-2.850558e-01
5.115208552939228e-04	-2.900763e-01
5.215208552939227e-04	-2.953978e-01
5.315208552939228e-04	-3.003914e-01
5.415208552939228e-04	-3.056880e-01
5.515208552939228e-04	-3.106572e-01
5.615208552939227e-04	-3.154587e-01
5.715208552939228e-04	-3.165615e-01
5.815208552939228e-04	-3.173293e-01
5.915208552939228e-04	-3.174773e-01
6.015208552939227e-04	-3.179078e-01
6.115208552939228e-04	-3.178824e-01
6.215208552939228e-04	-3.182097e-01
6.315208552939228e-04	-3.181167e-01
6.415208552939227e-04	-3.183970e-01
6.515208552939228e-04	-3.182701e-01
6.615208552939228e-04	-3.185249e-01
6.715208552939228e-04	-3.183782e-01
6.815208552939227e-04	-3.186174e-01
6.915208552939228e-04	-3.184583e-01
7.015208552939228e-04	-3.186873e-01
7.115208552939228e-04	-3.185198e-01
7.215208552939227e-04	-3.187417e-01
7.315208552939228e-04	-3.185683e-01
7.415208552939228e-04	-3.187851e-01
7.515208552939228e-04	-3.186073e-01
7.615208552939227e-04	-3.188203e-01
7.715208552939227e-04	-3.186392e-01
7.815208552939228e-04	-3.188493e-01
7.915208552939228e-04	-3.186657e-01
8.015208552939227e-04	-3.188734e-01
8.115208552939227e-04	-3.186879e-01
8.215208552939228e-04	-3.188938e-01
8.315208552939228e-04	-3.187067e-01
8.415208552939227e-04	-3.189111e-01
8.515208552939227e-04	-3.187228e-01
8.615208552939228e-04	-3.189259e-01
8.715208552939228e-04	-3.187365e-01
8.815208552939227e-04	-3.189386e-01
8.915208552939227e-04	-3.187484e-01
9.015208552939228e-04	-3.189496e-01
9.115208552939228e-04	-3.187587e-01
9.215208552939227e-04	-3.189592e-01
9.315208552939227e-04	-3.187677e-01
9.415208552939228e-04	-3.189676e-01
9.515208552939228e-04	-3.187756e-01
9.615208552939227e-04	-3.189749e-01
9.715208552939227e-04	-3.187825e-01
9.815208552939228e-04	-3.189814e-01
9.915208552939228e-04	-3.187886e-01
1.000000000000000e-03	-3.189867e-01
1.000000001000000e-03	-3.189710e-01
1.000000017000000e-03	-3.189699e-01
1.000000049000000e-03	-3.189559e-01
1.000000113000000e-03	-3.189525e-01
1.000000241000000e-03	-3.189280e-01
1.000000497000000e-03	-3.189150e-01
1.000001009000000e-03	-3.188900e-01
1.000002033000000e-03	-3.188927e-01
1.000004081000000e-03	-3.188853e-01
1.000008177000000e-03	-3.188927e-01
1.000016369000001e-03	-3.188850e-01
1.000032753000001e-03	-3.188927e-01
1.000065521000002e-03	-3.188850e-01
1.000131057000004e-03	-3.188928e-01
1.000262129000007e-03	-3.188850e-01
1.000524273000015e-03	-3.188929e-01
1.001048561000029e-03	-3.188852e-01
1.002097137000058e-03	-3.188933e-01
1.004194289000116e-03	-3.188861e-01
1.008388593000232e-03	-3.188950e-01
1.016777201000463e-03	-3.188893e-01
1.026777201000463e-03	-3.188994e-01
1.036777201000463e-03	-3.188939e-01
1.046777201000463e-03	-3.189038e-01
1.056777201000463e-03	-3.188980e-01
1.066777201000463e-03	-3.189076e-01
1.076777201000463e-03	-3.189016e-01
1.086777201000463e-03	-3.189111e-01
1.096777201000463e-03	-3.189049e-01
1.106777201000463e-03	-3.189141e-01
1.116777201000463e-03	-3.189078e-01
1.126777201000463e-03	-3.189169e-01
1.136777201000463e-03	-3.189104e-01
1.146777201000463e-03	-3.189194e-01
1.156777201000463e-03	-3.189127e-01
1.166777201000463e-03	-3.189215e-01
1.176777201000463e-03	-3.189148e-01
1.186777201000463e-03	-3.189235e-01
1.196777201000463e-03	-3.189166e-01
1.206777201000463e-03	-3.189253e-01
1.216777201000463e-03	-3.189183e-01
1.226777201000463e-03	-3.189269e-01
1.236777201000463e-03	-3.189198e-01
1.246777201000463e-03	-3.189283e-01
1.256777201000463e-03	-3.189212e-01
1.266777201000463e-03	-3.189296e-01
1.276777201000463e-03	-3.189224e-01
1.286777201000463e-03	-3.189307e-01
1.296777201000463e-03	-3.189235e-01
1.306777201000463e-03	-3.189318e-01
1.316777201000463e-03	-3.189245e-01
1.326777201000463e-03	-3.189327e-01
1.336777201000463e-03	-3.189254e-01
1.346777201000463e-03	-3.189336e-01
1.356777201000463e-03	-3.189262e-01
1.366777201000463e-03	-3.189343e-01
1.376777201000463e-03	-3.189269e-01
1.386777201000463e-03	-3.189350e-01
1.396777201000463e-03	-3.189276e-01
1.406777201000463e-03	-3.189356e-01
1.416777201000463e-03	-3.189282e-01
1.426777201000463e-03	-3.189362e-01
1.436777201000463e-03	-3.189287e-01
1.446777201000463e-03	-3.189367e-01
1.456777201000463e-03	-3.189292e-01
1.466777201000463e-03	-3.189372e-01
1.476777201000463e-03	-3.189296e-01
1.486777201000463e-03	-3.189376e-01
1.496777201000463e-03	-3.189300e-01
1.506777201000463e-03	-3.189380e-01
1.516777201000463e-03	-3.189303e-01
1.526777201000463e-03	-3.189383e-01
1.536777201000463e-03	-3.189307e-01
1.546777201000463e-03	-3.189386e-01
1.556777201000463e-03	-3.189310e-01
1.566777201000463e-03	-3.189389e-01
1.576777201000463e-03	-3.189312e-01
1.586777201000463e-03	-3.189391e-01
1.596777201000463e-03	-3.189315e-01
1.606777201000463e-03	-3.189394e-01
1.616777201000463e-03	-3.189317e-01
1.626777201000463e-03	-3.189396e-01
1.636777201000463e-03	-3.189319e-01
1.646777201000463e-03	-3.189397e-01
1.656777201000463e-03	-3.189320e-01
1.666777201000463e-03	-3.189399e-01
1.676777201000463e-03	-3.189322e-01
1.686777201000463e-03	-3.189401e-01
1.696777201000463e-03	-3.189324e-01
1.706777201000463e-03	-3.189402e-01
1.716777201000463e-03	-3.189325e-01
1.726777201000463e-03	-3.189403e-01
1.736777201000463e-03	-3.189326e-01
1.746777201000463e-03	-3.189404e-01
1.756777201000463e-03	-3.189327e-01
1.766777201000463e-03	-3.189406e-01
1.776777201000463e-03	-3.189328e-01
1.786777201000463e-03	-3.189406e-01
1.796777201000463e-03	-3.189329e-01
1.806777201000463e-03	-3.189407e-01
1.816777201000463e-03	-3.189330e-01
1.826777201000463e-03	-3.189408e-01
1.836777201000463e-03	-3.189330e-01
1.846777201000463e-03	-3.189408e-01
1.856777201000463e-03	-3.189331e-01
1.866777201000463e-03	-3.189409e-01
1.876777201000463e-03	-3.189332e-01
1.886777201000463e-03	-3.189410e-01
1.896777201000463e-03	-3.189332e-01
1.906777201000463e-03	-3.189410e-01
1.916777201000463e-03	-3.189333e-01
1.926777201000463e-03	-3.189411e-01
1.936777201000463e-03	-3.189333e-01
1.946777201000463e-03	-3.189411e-01
1.956777201000463e-03	-3.189333e-01
1.966777201000463e-03	-3.189411e-01
1.976777201000463e-03	-3.189334e-01
1.986777201000463e-03	-3.189412e-01
1.996777201000463e-03	-3.189334e-01
2.006777201000463e-03	-3.189412e-01
2.016777201000463e-03	-3.189335e-01
2.026777201000463e-03	-3.189412e-01
2.036777201000463e-03	-3.189335e-01
2.046777201000463e-03	-3.189413e-01
2.056777201000463e-03	-3.189335e-01
2.066777201000463e-03	-3.189413e-01
2.076777201000463e-03	-3.189335e-01
2.086777201000463e-03	-3.189413e-01
2.096777201000463e-03	-3.189335e-01
2.106777201000463e-03	-3.189413e-01
2.116777201000463e-03	-3.189335e-01
2.126777201000463e-03	-3.189414e-01
2.136777201000463e-03	-3.189336e-01
2.146777201000463e-03	-3.189414e-01
2.156777201000463e-03	-3.189336e-01
2.166777201000463e-03	-3.189414e-01
2.176777201000463e-03	-3.189336e-01
2.186777201000463e-03	-3.189414e-01
2.196777201000463e-03	-3.189336e-01
2.206777201000463e-03	-3.189414e-01
2.216777201000463e-03	-3.189336e-01
2.226777201000463e-03	-3.189414e-01
2.236777201000463e-03	-3.189336e-01
2.246777201000463e-03	-3.189414e-01
2.256777201000463e-03	-3.189336e-01
2.266777201000463e-03	-3.189414e-01
2.276777201000463e-03	-3.189337e-01
2.286777201000463e-03	-3.189414e-01
2.296777201000463e-03	-3.189337e-01
2.306777201000463e-03	-3.189414e-01
2.316777201000463e-03	-3.189337e-01
2.326777201000463e-03	-3.189414e-01
2.336777201000463e-03	-3.189337e-01
2.346777201000463e-03	-3.189415e-01
2.356777201000463e-03	-3.189337e-01
2.366777201000463e-03	-3.189415e-01
2.376777201000463e-03	-3.189337e-01
2.386777201000463e-03	-3.189415e-01
2.396777201000463e-03	-3.189337e-01
2.406777201000463e-03	-3.189415e-01
2.416777201000463e-03	-3.189337e-01
2.426777201000463e-03	-3.189415e-01
2.436777201000463e-03	-3.189337e-01
2.446777201000463e-03	-3.189415e-01
2.456777201000463e-03	-3.189337e-01
2.466777201000463e-03	-3.189415e-01
2.476777201000463e-03	-3.189337e-01
2.486777201000463e-03	-3.189415e-01
2.496777201000463e-03	-3.189337e-01
2.506777201000463e-03	-3.189415e-01
2.516777201000463e-03	-3.189337e-01
2.526777201000463e-03	-3.189415e-01
2.536777201000463e-03	-3.189337e-01
2.546777201000463e-03	-3.189415e-01
2.556777201000463e-03	-3.189337e-01
2.566777201000463e-03	-3.189415e-01
2.576777201000463e-03	-3.189337e-01
2.586777201000463e-03	-3.189415e-01
2.596777201000463e-03	-3.189337e-01
2.606777201000463e-03	-3.189415e-01
2.616777201000463e-03	-3.189337e-01
2.626777201000463e-03	-3.189415e-01
2.636777201000463e-03	-3.189337e-01
2.646777201000463e-03	-3.189415e-01
2.656777201000463e-03	-3.189337e-01
2.666777201000463e-03	-3.189415e-01
2.676777201000463e-03	-3.189337e-01
2.686777201000463e-03	-3.189415e-01
2.696777201000463e-03	-3.189337e-01
2.706777201000463e-03	-3.189415e-01
2.716777201000463e-03	-3.189337e-01
2.726777201000463e-03	-3.189415e-01
2.736777201000463e-03	-3.189337e-01
2.746777201000463e-03	-3.189415e-01
2.756777201000463e-03	-3.189337e-01
2.766777201000463e-03	-3.189415e-01
2.776777201000463e-03	-3.189337e-01
2.786777201000463e-03	-3.189415e-01
2.796777201000463e-03	-3.189337e-01
2.806777201000463e-03	-3.189415e-01
2.816777201000463e-03	-3.189337e-01
2.826777201000463e-03	-3.189415e-01
2.836777201000463e-03	-3.189337e-01
2.846777201000463e-03	-3.189415e-01
2.856777201000463e-03	-3.189337e-01
2.866777201000463e-03	-3.189415e-01
2.876777201000463e-03	-3.189337e-01
2.886777201000463e-03	-3.189415e-01
2.896777201000463e-03	-3.189337e-01
2.906777201000463e-03	-3.189415e-01
2.916777201000463e-03	-3.189337e-01
2.926777201000463e-03	-3.189415e-01
2.936777201000463e-03	-3.189337e-01
2.946777201000463e-03	-3.189415e-01
2.956777201000463e-03	-3.189337e-01
2.966777201000463e-03	-3.189415e-01
2.976777201000463e-03	-3.189337e-01
2.986777201000463e-03	-3.189415e-01
2.996777201000463e-03	-3.189337e-01
3.006777201000463e-03	-3.189415e-01
3.016777201000463e-03	-3.189337e-01
3.026777201000463e-03	-3.189415e-01
3.036777201000463e-03	-3.189337e-01
3.046777201000463e-03	-3.189415e-01
3.056777201000463e-03	-3.189337e-01
3.066777201000463e-03	-3.189415e-01
3.076777201000463e-03	-3.189337e-01
3.086777201000463e-03	-3.189415e-01
3.096777201000463e-03	-3.189337e-01
3.106777201000463e-03	-3.189415e-01
3.116777201000463e-03	-3.189337e-01
3.126777201000463e-03	-3.189415e-01
3.136777201000463e-03	-3.189337e-01
3.146777201000463e-03	-3.189415e-01
3.156777201000463e-03	-3.189337e-01
3.166777201000463e-03	-3.189415e-01
3.176777201000463e-03	-3.189337e-01
3.186777201000463e-03	-3.189415e-01
3.196777201000463e-03	-3.189337e-01
3.206777201000463e-03	-3.189415e-01
3.216777201000463e-03	-3.189337e-01
3.226777201000463e-03	-3.189415e-01
3.236777201000463e-03	-3.189337e-01
3.246777201000463e-03	-3.189415e-01
3.256777201000463e-03	-3.189337e-01
3.266777201000463e-03	-3.189415e-01
3.276777201000463e-03	-3.189337e-01
3.286777201000463e-03	-3.189415e-01
3.296777201000463e-03	-3.189337e-01
3.306777201000463e-03	-3.189415e-01
3.316777201000463e-03	-3.189337e-01
3.326777201000463e-03	-3.189415e-01
3.336777201000463e-03	-3.189337e-01
3.346777201000463e-03	-3.189415e-01
3.356777201000463e-03	-3.189337e-01
3.366777201000463e-03	-3.189415e-01
3.376777201000463e-03	-3.189337e-01
3.386777201000463e-03	-3.189415e-01
3.396777201000463e-03	-3.189337e-01
3.406777201000463e-03	-3.189415e-01
3.416777201000463e-03	-3.189337e-01
3.426777201000463e-03	-3.189415e-01
3.436777201000463e-03	-3.189337e-01
3.446777201000463e-03	-3.189415e-01
3.456777201000463e-03	-3.189337e-01
3.466777201000463e-03	-3.189415e-01
3.476777201000463e-03	-3.189337e-01
3.486777201000463e-03	-3.189415e-01
3.496777201000463e-03	-3.189337e-01
3.506777201000463e-03	-3.189415e-01
3.516777201000463e-03	-3.189337e-01
3.526777201000463e-03	-3.189415e-01
3.536777201000463e-03	-3.189337e-01
3.546777201000463e-03	-3.189415e-01
3.556777201000463e-03	-3.189337e-01
3.566777201000463e-03	-3.189415e-01
3.576777201000463e-03	-3.189337e-01
3.586777201000463e-03	-3.189415e-01
3.596777201000463e-03	-3.189337e-01
3.606777201000463e-03	-3.189415e-01
3.616777201000463e-03	-3.189337e-01
3.626777201000463e-03	-3.189415e-01
3.636777201000463e-03	-3.189337e-01
3.646777201000463e-03	-3.189415e-01
3.656777201000463e-03	-3.189337e-01
3.666777201000463e-03	-3.189415e-01
3.676777201000463e-03	-3.189337e-01
3.686777201000463e-03	-3.189415e-01
3.696777201000463e-03	-3.189337e-01
3.706777201000463e-03	-3.189415e-01
3.716777201000463e-03	-3.189337e-01
3.726777201000463e-03	-3.189415e-01
3.736777201000463e-03	-3.189337e-01
3.746777201000463e-03	-3.189415e-01
3.756777201000463e-03	-3.189337e-01
3.766777201000463e-03	-3.189415e-01
3.776777201000463e-03	-3.189337e-01
3.786777201000463e-03	-3.189415e-01
3.796777201000463e-03	-3.189337e-01
3.806777201000463e-03	-3.189415e-01
3.816777201000463e-03	-3.189337e-01
3.826777201000463e-03	-3.189415e-01
3.836777201000463e-03	-3.189337e-01
3.846777201000463e-03	-3.189415e-01
3.856777201000463e-03	-3.189337e-01
3.866777201000463e-03	-3.189415e-01
3.876777201000463e-03	-3.189337e-01
3.886777201000463e-03	-3.189415e-01
3.896777201000463e-03	-3.189337e-01
3.906777201000463e-03	-3.189415e-01
3.916777201000463e-03	-3.189337e-01
3.926777201000463e-03	-3.189415e-01
3.936777201000463e-03	-3.189337e-01
3.946777201000463e-03	-3.189415e-01
3.956777201000463e-03	-3.189337e-01
3.966777201000463e-03	-3.189415e-01
3.976777201000463e-03	-3.189337e-01
3.986777201000463e-03	-3.189415e-01
3.996777201000463e-03	-3.189337e-01
4.006777201000463e-03	-3.189415e-01
4.016777201000463e-03	-3.189337e-01
4.026777201000463e-03	-3.189415e-01
4.036777201000463e-03	-3.189337e-01
4.046777201000462e-03	-3.189415e-01
4.056777201000463e-03	-3.189337e-01
4.066777201000463e-03	-3.189415e-01
4.076777201000463e-03	-3.189337e-01
4.086777201000463e-03	-3.189415e-01
4.096777201000463e-03	-3.189337e-01
4.106777201000463e-03	-3.189415e-01
4.116777201000463e-03	-3.189337e-01
4.126777201000463e-03	-3.189415e-01
4.136777201000463e-03	-3.189337e-01
4.146777201000463e-03	-3.189415e-01
4.156777201000463e-03	-3.189337e-01
4.166777201000463e-03	-3.189415e-01
4.176777201000463e-03	-3.189337e-01
4.186777201000463e-03	-3.189415e-01
4.196777201000462e-03	-3.189337e-01
4.206777201000463e-03	-3.189415e-01
4.216777201000462e-03	-3.189337e-01
4.226777201000463e-03	-3.189415e-01
4.236777201000463e-03	-3.189337e-01
4.246777201000463e-03	-3.189415e-01
4.256777201000463e-03	-3.189337e-01
4.266777201000463e-03	-3.189415e-01
4.276777201000463e-03	-3.189337e-01
4.286777201000463e-03	-3.189415e-01
4.296777201000463e-03	-3.189337e-01
4.306777201000463e-03	-3.189415e-01
4.316777201000463e-03	-3.189337e-01
4.326777201000463e-03	-3.189415e-01
4.336777201000463e-03	-3.189337e-01
4.346777201000463e-03	-3.189415e-01
4.356777201000463e-03	-3.189337e-01
4.366777201000462e-03	-3.189415e-01
4.376777201000463e-03	-3.189337e-01
4.386777201000462e-03	-3.189415e-01
4.396777201000463e-03	-3.189337e-01
4.406777201000463e-03	-3.189415e-01
4.416777201000463e-03	-3.189337e-01
4.426777201000463e-03	-3.189415e-01
4.436777201000463e-03	-3.189337e-01
4.446777201000463e-03	-3.189415e-01
4.456777201000463e-03	-3.189337e-01
4.466777201000463e-03	-3.189415e-01
4.476777201000463e-03	-3.189337e-01
4.486777201000463e-03	-3.189415e-01
4.496777201000463e-03	-3.189337e-01
4.506777201000463e-03	-3.189415e-01
4.516777201000462e-03	-3.189337e-01
4.526777201000463e-03	-3.189415e-01
4.536777201000462e-03	-3.189337e-01
4.546777201000463e-03	-3.189415e-01
4.556777201000463e-03	-3.189337e-01
4.566777201000463e-03	-3.189415e-01
4.576777201000463e-03	-3.189337e-01
4.586777201000463e-03	-3.189415e-01
4.596777201000463e-03	-3.189337e-01
4.606777201000463e-03	-3.189415e-01
4.616777201000463e-03	-3.189337e-01
4.626777201000463e-03	-3.189415e-01
4.636777201000463e-03	-3.189337e-01
4.646777201000463e-03	-3.189415e-01
4.656777201000463e-03	-3.189337e-01
4.666777201000463e-03	-3.189415e-01
4.676777201000463e-03	-3.189337e-01
4.686777201000462e-03	-3.189415e-01
4.696777201000463e-03	-3.189337e-01
4.706777201000462e-03	-3.189415e-01
4.716777201000463e-03	-3.189337e-01
4.726777201000463e-03	-3.189415e-01
4.736777201000463e-03	-3.189337e-01
4.746777201000463e-03	-3.189415e-01
4.756777201000463e-03	-3.189337e-01
4.766777201000463e-03	-3.189415e-01
4.776777201000463e-03	-3.189337e-01
4.786777201000463e-03	-3.189415e-01
4.796777201000463e-03	-3.189337e-01
4.806777201000463e-03	-3.189415e-01
4.816777201000463e-03	-3.189337e-01
4.826777201000463e-03	-3.189415e-01
4.836777201000462e-03	-3.189337e-01
4.846777201000463e-03	-3.189415e-01
4.856777201000462e-03	-3.189337e-01
4.866777201000463e-03	-3.189415e-01
4.876777201000462e-03	-3.189337e-01
4.886777201000463e-03	-3.189415e-01
4.896777201000463e-03	-3.189337e-01
4.906777201000463e-03	-3.189415e-01
4.916777201000463e-03	-3.189337e-01
4.926777201000463e-03	-3.189415e-01
4.936777201000463e-03	-3.189337e-01
4.946777201000463e-03	-3.189415e-01
4.956777201000463e-03	-3.189337e-01
4.966777201000463e-03	-3.189415e-01
4.976777201000463e-03	-3.189337e-01
4.986777201000463e-03	-3.189415e-01
4.996777201000463e-03	-3.189337e-01
5.006777201000462e-03	-3.189415e-01
5.016777201000463e-03	-3.189337e-01
5.026777201000462e-03	-3.189415e-01
5.036777201000463e-03	-3.189337e-01
5.046777201000462e-03	-3.189415e-01
5.056777201000463e-03	-3.189337e-01
5.066777201000463e-03	-3.189415e-01
5.076777201000463e-03	-3.189337e-01
5.086777201000463e-03	-3.189415e-01
5.096777201000463e-03	-3.189337e-01
5.106777201000463e-03	-3.189415e-01
5.116777201000463e-03	-3.189337e-01
5.126777201000463e-03	-3.189415e-01
5.136777201000463e-03	-3.189337e-01
5.146777201000463e-03	-3.189415e-01
5.156777201000462e-03	-3.189337e-01
5.166777201000463e-03	-3.189415e-01
5.176777201000462e-03	-3.189337e-01
5.186777201000463e-03	-3.189415e-01
5.196777201000462e-03	-3.189337e-01
5.206777201000463e-03	-3.189415e-01
5.216777201000463e-03	-3.189337e-01
5.226777201000463e-03	-3.189415e-01
5.236777201000463e-03	-3.189337e-01
5.246777201000463e-03	-3.189415e-01
5.256777201000463e-03	-3.189337e-01
5.266777201000463e-03	-3.189415e-01
5.276777201000463e-03	-3.189337e-01
5.286777201000463e-03	-3.189415e-01
5.296777201000463e-03	-3.189337e-01
5.306777201000463e-03	-3.189415e-01
5.316777201000463e-03	-3.189337e-01
5.326777201000462e-03	-3.189415e-01
5.336777201000463e-03	-3.189337e-01
5.346777201000462e-03	-3.189415e-01
5.356777201000463e-03	-3.189337e-01
5.366777201000462e-03	-3.189415e-01
5.376777201000463e-03	-3.189337e-01
5.386777201000463e-03	-3.189415e-01
5.396777201000463e-03	-3.189337e-01
5.406777201000463e-03	-3.189415e-01
5.416777201000463e-03	-3.189337e-01
5.426777201000463e-03	-3.189415e-01
5.436777201000463e-03	-3.189337e-01
5.446777201000463e-03	-3.189415e-01
5.456777201000463e-03	-3.189337e-01
5.466777201000463e-03	-3.189415e-01
5.476777201000462e-03	-3.189337e-01
5.486777201000463e-03	-3.189415e-01
5.496777201000462e-03	-3.189337e-01
5.506777201000463e-03	-3.189415e-01
5.516777201000462e-03	-3.189337e-01
5.526777201000463e-03	-3.189415e-01
5.536777201000462e-03	-3.189337e-01
5.546777201000463e-03	-3.189415e-01
5.556777201000463e-03	-3.189337e-01
5.566777201000463e-03	-3.189415e-01
5.576777201000463e-03	-3.189337e-01
5.586777201000463e-03	-3.189415e-01
5.596777201000463e-03	-3.189337e-01
5.606777201000463e-03	-3.189415e-01
5.616777201000463e-03	-3.189337e-01
5.626777201000463e-03	-3.189415e-01
5.636777201000463e-03	-3.189337e-01
5.646777201000462e-03	-3.189415e-01
5.656777201000463e-03	-3.189337e-01
5.666777201000462e-03	-3.189415e-01
5.676777201000463e-03	-3.189337e-01
5.686777201000462e-03	-3.189415e-01
5.696777201000463e-03	-3.189337e-01
5.706777201000462e-03	-3.189415e-01
5.716777201000463e-03	-3.189337e-01
5.726777201000463e-03	-3.189415e-01
5.736777201000463e-03	-3.189337e-01
5.746777201000463e-03	-3.189415e-01
5.756777201000463e-03	-3.189337e-01
5.766777201000463e-03	-3.189415e-01
5.776777201000463e-03	-3.189337e-01
5.786777201000463e-03	-3.189415e-01
5.796777201000462e-03	-3.189337e-01
5.806777201000463e-03	-3.189415e-01
5.816777201000462e-03	-3.189337e-01
5.826777201000463e-03	-3.189415e-01
5.836777201000462e-03	-3.189337e-01
5.846777201000463e-03	-3.189415e-01
5.856777201000462e-03	-3.189337e-01
5.866777201000463e-03	-3.189415e-01
5.876777201000462e-03	-3.189337e-01
5.886777201000463e-03	-3.189415e-01
5.896777201000463e-03	-3.189337e-01
5.906777201000463e-03	-3.189415e-01
5.916777201000463e-03	-3.189337e-01
5.926777201000463e-03	-3.189415e-01
5.936777201000463e-03	-3.189337e-01
5.946777201000463e-03	-3.189415e-01
5.956777201000463e-03	-3.189337e-01
5.966777201000462e-03	-3.189415e-01
5.976777201000463e-03	-3.189337e-01
5.986777201000462e-03	-3.189415e-01
5.996777201000463e-03	-3.189337e-01
6.006777201000462e-03	-3.189415e-01
6.016777201000463e-03	-3.189337e-01
6.026777201000462e-03	-3.189415e-01
6.036777201000463e-03	-3.189337e-01
6.046777201000463e-03	-3.189415e-01
6.056777201000463e-03	-3.189337e-01
6.066777201000463e-03	-3.189415e-01
6.076777201000463e-03	-3.189337e-01
6.086777201000463e-03	-3.189415e-01
6.096777201000463e-03	-3.189337e-01
6.106777201000463e-03	-3.189415e-01
6.116777201000462e-03	-3.189337e-01
6.126777201000463e-03	-3.189415e-01
6.136777201000462e-03	-3.189337e-01
6.146777201000463e-03	-3.189415e-01
6.156777201000462e-03	-3.189337e-01
6.166777201000463e-03	-3.189415e-01
6.176777201000462e-03	-3.189337e-01
6.186777201000463e-03	-3.189415e-01
6.196777201000462e-03	-3.189337e-01
6.206777201000463e-03	-3.189415e-01
6.216777201000463e-03	-3.189337e-01
6.226777201000463e-03	-3.189415e-01
6.236777201000463e-03	-3.189337e-01
6.246777201000463e-03	-3.189415e-01
6.256777201000463e-03	-3.189337e-01
6.266777201000463e-03	-3.189415e-01
6.276777201000463e-03	-3.189337e-01
6.286777201000462e-03	-3.189415e-01
6.296777201000463e-03	-3.189337e-01
6.306777201000462e-03	-3.189415e-01
6.316777201000463e-03	-3.189337e-01
6.326777201000462e-03	-3.189415e-01
6.336777201000463e-03	-3.189337e-01
6.346777201000462e-03	-3.189415e-01
6.356777201000463e-03	-3.189337e-01
6.366777201000462e-03	-3.189415e-01
6.376777201000463e-03	-3.189337e-01
6.386777201000463e-03	-3.189415e-01
6.396777201000463e-03	-3.189337e-01
6.406777201000463e-03	-3.189415e-01
6.416777201000463e-03	-3.189337e-01
6.426777201000463e-03	-3.189415e-01
6.436777201000462e-03	-3.189337e-01
6.446777201000463e-03	-3.189415e-01
6.456777201000462e-03	-3.189337e-01
6.466777201000463e-03	-3.189415e-01
6.476777201000462e-03	-3.189337e-01
6.486777201000463e-03	-3.189415e-01
6.496777201000462e-03	-3.189337e-01
6.506777201000463e-03	-3.189415e-01
6.516777201000462e-03	-3.189337e-01
6.526777201000463e-03	-3.189415e-01
6.536777201000462e-03	-3.189337e-01
6.546777201000463e-03	-3.189415e-01
6.556777201000463e-03	-3.189337e-01
6.566777201000463e-03	-3.189415e-01
6.576777201000463e-03	-3.189337e-01
6.586777201000463e-03	-3.189415e-01
6.596777201000463e-03	-3.189337e-01
6.606777201000462e-03	-3.189415e-01
6.616777201000463e-03	-3.189337e-01
6.626777201000462e-03	-3.189415e-01
6.636777201000463e-03	-3.189337e-01
6.646777201000462e-03	-3.189415e-01
6.656777201000463e-03	-3.189337e-01
6.666777201000462e-03	-3.189415e-01
6.676777201000463e-03	-3.189337e-01
6.686777201000462e-03	-3.189415e-01
6.696777201000463e-03	-3.189337e-01
6.706777201000463e-03	-3.189415e-01
6.716777201000463e-03	-3.189337e-01
6.726777201000463e-03	-3.189415e-01
6.736777201000463e-03	-3.189337e-01
6.746777201000463e-03	-3.189415e-01
6.756777201000462e-03	-3.189337e-01
6.766777201000463e-03	-3.189415e-01
6.776777201000462e-03	-3.189337e-01
6.786777201000463e-03	-3.189415e-01
6.796777201000462e-03	-3.189337e-01
6.806777201000463e-03	-3.189415e-01
6.816777201000462e-03	-3.189337e-01
6.826777201000463e-03	-3.189415e-01
6.836777201000462e-03	-3.189337e-01
6.846777201000463e-03	-3.189415e-01
6.856777201000462e-03	-3.189337e-01
6.866777201000463e-03	-3.189415e-01
6.876777201000463e-03	-3.189337e-01
6.886777201000463e-03	-3.189415e-01
6.896777201000463e-03	-3.189337e-01
6.906777201000463e-03	-3.189415e-01
6.916777201000463e-03	-3.189337e-01
6.926777201000462e-03	-3.189415e-01
6.936777201000463e-03	-3.189337e-01
6.946777201000462e-03	-3.189415e-01
6.956777201000463e-03	-3.189337e-01
6.966777201000462e-03	-3.189415e-01
6.976777201000463e-03	-3.189337e-01
6.986777201000462e-03	-3.189415e-01
6.996777201000463e-03	-3.189337e-01
7.006777201000462e-03	-3.189415e-01
7.016777201000463e-03	-3.189337e-01
7.026777201000462e-03	-3.189415e-01
7.036777201000463e-03	-3.189337e-01
7.046777201000463e-03	-3.189415e-01
7.056777201000463e-03	-3.189337e-01
7.066777201000463e-03	-3.189415e-01
7.076777201000462e-03	-3.189337e-01
7.086777201000463e-03	-3.189415e-01
7.096777201000462e-03	-3.189337e-01
7.106777201000463e-03	-3.189415e-01
7.116777201000462e-03	-3.189337e-01
7.126777201000463e-03	-3.189415e-01
7.136777201000462e-03	-3.189337e-01
7.146777201000463e-03	-3.189415e-01
7.156777201000462e-03	-3.189337e-01
7.166777201000463e-03	-3.189415e-01
7.176777201000462e-03	-3.189337e-01
7.186777201000463e-03	-3.189415e-01
7.196777201000462e-03	-3.189337e-01
7.206777201000463e-03	-3.189415e-01
7.216777201000463e-03	-3.189337e-01
7.226777201000463e-03	-3.189415e-01
7.236777201000463e-03	-3.189337e-01
7.246777201000462e-03	-3.189415e-01
7.256777201000463e-03	-3.189337e-01
7.266777201000462e-03	-3.189415e-01
7.276777201000463e-03	-3.189337e-01
7.286777201000462e-03	-3.189415e-01
7.296777201000463e-03	-3.189337e-01
7.306777201000462e-03	-3.189415e-01
7.316777201000463e-03	-3.189337e-01
7.326777201000462e-03	-3.189415e-01
7.336777201000463e-03	-3.189337e-01
7.346777201000462e-03	-3.189415e-01
7.356777201000463e-03	-3.189337e-01
7.366777201000463e-03	-3.189415e-01
7.376777201000463e-03	-3.189337e-01
7.386777201000463e-03	-3.189415e-01
7.396777201000462e-03	-3.189337e-01
7.406777201000463e-03	-3.189415e-01
7.416777201000462e-03	-3.189337e-01
7.426777201000463e-03	-3.189415e-01
7.436777201000462e-03	-3.189337e-01
7.446777201000463e-03	-3.189415e-01
7.456777201000462e-03	-3.189337e-01
7.466777201000463e-03	-3.189415e-01
7.476777201000462e-03	-3.189337e-01
7.486777201000463e-03	-3.189415e-01
7.496777201000462e-03	-3.189337e-01
7.506777201000463e-03	-3.189415e-01
7.516777201000462e-03	-3.189337e-01
7.526777201000463e-03	-3.189415e-01
7.536777201000463e-03	-3.189337e-01
7.546777201000463e-03	-3.189415e-01
7.556777201000463e-03	-3.189337e-01
7.566777201000462e-03	-3.189415e-01
7.576777201000463e-03	-3.189337e-01
7.586777201000462e-03	-3.189415e-01
7.596777201000463e-03	-3.189337e-01
7.606777201000462e-03	-3.189415e-01
7.616777201000463e-03	-3.189337e-01
7.626777201000462e-03	-3.189415e-01
7.636777201000463e-03	-3.189337e-01
7.646777201000462e-03	-3.189415e-01
7.656777201000463e-03	-3.189337e-01
7.666777201000462e-03	-3.189415e-01
7.676777201000463e-03	-3.189337e-01
7.686777201000462e-03	-3.189415e-01
7.696777201000463e-03	-3.189337e-01
7.706777201000463e-03	-3.189415e-01
7.716777201000462e-03	-3.189337e-01
7.726777201000463e-03	-3.189415e-01
7.736777201000462e-03	-3.189337e-01
7.746777201000463e-03	-3.189415e-01
7.756777201000462e-03	-3.189337e-01
7.766777201000463e-03	-3.189415e-01
7.776777201000462e-03	-3.189337e-01
7.786777201000463e-03	-3.189415e-01
7.796777201000462e-03	-3.189337e-01
7.806777201000463e-03	-3.189415e-01
7.816777201000463e-03	-3.189337e-01
7.826777201000463e-03	-3.189415e-01
7.836777201000462e-03	-3.189337e-01
7.846777201000462e-03	-3.189415e-01
7.856777201000463e-03	-3.189337e-01
7.866777201000463e-03	-3.189415e-01
7.876777201000463e-03	-3.189337e-01
7.886777201000462e-03	-3.189415e-01
7.896777201000462e-03	-3.189337e-01
7.906777201000463e-03	-3.189415e-01
7.916777201000463e-03	-3.189337e-01
7.926777201000462e-03	-3.189415e-01
7.936777201000462e-03	-3.189337e-01
7.946777201000463e-03	-3.189415e-01
7.956777201000463e-03	-3.189337e-01
7.966777201000462e-03	-3.189415e-01
7.976777201000462e-03	-3.189337e-01
7.986777201000463e-03	-3.189415e-01
7.996777201000463e-03	-3.189337e-01
8.006777201000462e-03	-3.189415e-01
8.016777201000462e-03	-3.189337e-01
8.026777201000463e-03	-3.189415e-01
8.036777201000463e-03	-3.189337e-01
8.046777201000463e-03	-3.189415e-01
8.056777201000462e-03	-3.189337e-01
8.066777201000462e-03	-3.189415e-01
8.076777201000463e-03	-3.189337e-01
8.086777201000463e-03	-3.189415e-01
8.096777201000462e-03	-3.189337e-01
8.106777201000462e-03	-3.189415e-01
8.116777201000463e-03	-3.189337e-01
8.126777201000463e-03	-3.189415e-01
8.136777201000462e-03	-3.189337e-01
8.146777201000462e-03	-3.189415e-01
8.156777201000463e-03	-3.189337e-01
8.166777201000463e-03	-3.189415e-01
8.176777201000462e-03	-3.189337e-01
8.186777201000462e-03	-3.189415e-01
8.196777201000462e-03	-3.189337e-01
8.206777201000463e-03	-3.189415e-01
8.216777201000463e-03	-3.189337e-01
8.226777201000462e-03	-3.189415e-01
8.236777201000462e-03	-3.189337e-01
8.246777201000463e-03	-3.189415e-01
8.256777201000463e-03	-3.189337e-01
8.266777201000462e-03	-3.189415e-01
8.276777201000462e-03	-3.189337e-01
8.286777201000463e-03	-3.189415e-01
8.296777201000463e-03	-3.189337e-01
8.306777201000462e-03	-3.189415e-01
8.316777201000462e-03	-3.189337e-01
8.326777201000463e-03	-3.189415e-01
8.336777201000463e-03	-3.189337e-01
8.346777201000462e-03	-3.189415e-01
8.356777201000462e-03	-3.189337e-01
8.366777201000462e-03	-3.189415e-01
8.376777201000463e-03	-3.189337e-01
8.386777201000463e-03	-3.189415e-01
8.396777201000462e-03	-3.189337e-01
8.406777201000462e-03	-3.189415e-01
8.416777201000463e-03	-3.189337e-01
8.426777201000463e-03	-3.189415e-01
8.436777201000462e-03	-3.189337e-01
8.446777201000462e-03	-3.189415e-01
8.456777201000463e-03	-3.189337e-01
8.466777201000463e-03	-3.189415e-01
8.476777201000462e-03	-3.189337e-01
8.486777201000462e-03	-3.189415e-01
8.496777201000463e-03	-3.189337e-01
8.506777201000463e-03	-3.189415e-01
8.516777201000462e-03	-3.189337e-01
8.526777201000462e-03	-3.189415e-01
8.536777201000462e-03	-3.189337e-01
8.546777201000463e-03	-3.189415e-01
8.556777201000463e-03	-3.189337e-01
8.566777201000462e-03	-3.189415e-01
8.576777201000462e-03	-3.189337e-01
8.586777201000463e-03	-3.189415e-01
8.596777201000463e-03	-3.189337e-01
8.606777201000462e-03	-3.189415e-01
8.616777201000462e-03	-3.189337e-01
8.626777201000463e-03	-3.189415e-01
8.636777201000463e-03	-3.189337e-01
8.646777201000462e-03	-3.189415e-01
8.656777201000462e-03	-3.189337e-01
8.666777201000463e-03	-3.189415e-01
8.676777201000463e-03	-3.189337e-01
8.686777201000462e-03	-3.189415e-01
8.696777201000462e-03	-3.189337e-01
8.706777201000462e-03	-3.189415e-01
8.716777201000463e-03	-3.189337e-01
8.726777201000463e-03	-3.189415e-01
8.736777201000462e-03	-3.189337e-01
8.746777201000462e-03	-3.189415e-01
8.756777201000463e-03	-3.189337e-01
8.766777201000463e-03	-3.189415e-01
8.776777201000462e-03	-3.189337e-01
8.786777201000462e-03	-3.189415e-01
8.796777201000463e-03	-3.189337e-01
8.806777201000463e-03	-3.189415e-01
8.816777201000462e-03	-3.189337e-01
8.826777201000462e-03	-3.189415e-01
8.836777201000462e-03	-3.189337e-01
8.846777201000463e-03	-3.189415e-01
8.856777201000463e-03	-3.189337e-01
8.866777201000462e-03	-3.189415e-01
8.876777201000462e-03	-3.189337e-01
8.886777201000463e-03	-3.189415e-01
8.896777201000463e-03	-3.189337e-01
8.906777201000462e-03	-3.189415e-01
8.916777201000462e-03	-3.189337e-01
8.926777201000463e-03	-3.189415e-01
8.936777201000463e-03	-3.189337e-01
8.946777201000462e-03	-3.189415e-01
8.956777201000462e-03	-3.189337e-01
8.966777201000463e-03	-3.189415e-01
8.976777201000463e-03	-3.189337e-01
8.986777201000462e-03	-3.189415e-01
8.996777201000462e-03	-3.189337e-01
9.006777201000462e-03	-3.189415e-01
9.016777201000463e-03	-3.189337e-01
9.026777201000463e-03	-3.189415e-01
9.036777201000462e-03	-3.189337e-01
9.046777201000462e-03	-3.189415e-01
9.056777201000463e-03	-3.189337e-01
9.066777201000463e-03	-3.189415e-01
9.076777201000462e-03	-3.189337e-01
9.086777201000462e-03	-3.189415e-01
9.096777201000463e-03	-3.189337e-01
9.106777201000463e-03	-3.189415e-01
9.116777201000462e-03	-3.189337e-01
9.126777201000462e-03	-3.189415e-01
9.136777201000463e-03	-3.189337e-01
9.146777201000463e-03	-3.189415e-01
9.156777201000462e-03	-3.189337e-01
9.166777201000462e-03	-3.189415e-01
9.176777201000462e-03	-3.189337e-01
9.186777201000463e-03	-3.189415e-01
9.196777201000463e-03	-3.189337e-01
9.206777201000462e-03	-3.189415e-01
9.216777201000462e-03	-3.189337e-01
9.226777201000463e-03	-3.189415e-01
9.236777201000463e-03	-3.189337e-01
9.246777201000462e-03	-3.189415e-01
9.256777201000462e-03	-3.189337e-01
9.266777201000463e-03	-3.189415e-01
9.276777201000463e-03	-3.189337e-01
9.286777201000462e-03	-3.189415e-01
9.296777201000462e-03	-3.189337e-01
9.306777201000463e-03	-3.189415e-01
9.316777201000463e-03	-3.189337e-01
9.326777201000462e-03	-3.189415e-01
9.336777201000462e-03	-3.189337e-01
9.346777201000462e-03	-3.189415e-01
9.356777201000463e-03	-3.189337e-01
9.366777201000463e-03	-3.189415e-01
9.376777201000462e-03	-3.189337e-01
9.386777201000462e-03	-3.189415e-01
9.396777201000463e-03	-3.189337e-01
9.406777201000463e-03	-3.189415e-01
9.416777201000462e-03	-3.189337e-01
9.426777201000462e-03	-3.189415e-01
9.436777201000463e-03	-3.189337e-01
9.446777201000463e-03	-3.189415e-01
9.456777201000462e-03	-3.189337e-01
9.466777201000462e-03	-3.189415e-01
9.476777201000462e-03	-3.189337e-01
9.486777201000463e-03	-3.189415e-01
9.496777201000462e-03	-3.189337e-01
9.506777201000462e-03	-3.189415e-01
9.516777201000462e-03	-3.189337e-01
9.526777201000463e-03	-3.189415e-01
9.536777201000463e-03	-3.189337e-01
9.546777201000462e-03	-3.189415e-01
9.556777201000462e-03	-3.189337e-01
9.566777201000463e-03	-3.189415e-01
9.576777201000463e-03	-3.189337e-01
9.586777201000462e-03	-3.189415e-01
9.596777201000462e-03	-3.189337e-01
9.606777201000463e-03	-3.189415e-01
9.616777201000463e-03	-3.189337e-01
9.626777201000462e-03	-3.189415e-01
9.636777201000462e-03	-3.189337e-01
9.646777201000462e-03	-3.189415e-01
9.656777201000463e-03	-3.189337e-01
9.666777201000462e-03	-3.189415e-01
9.676777201000462e-03	-3.189337e-01
9.686777201000462e-03	-3.189415e-01
9.696777201000463e-03	-3.189337e-01
9.706777201000463e-03	-3.189415e-01
9.716777201000462e-03	-3.189337e-01
9.726777201000462e-03	-3.189415e-01
9.736777201000463e-03	-3.189337e-01
9.746777201000463e-03	-3.189415e-01
9.756777201000462e-03	-3.189337e-01
9.766777201000462e-03	-3.189415e-01
9.776777201000463e-03	-3.189337e-01
9.786777201000463e-03	-3.189415e-01
9.796777201000462e-03	-3.189337e-01
9.806777201000462e-03	-3.189415e-01
9.816777201000462e-03	-3.189337e-01
9.826777201000463e-03	-3.189415e-01
9.836777201000462e-03	-3.189337e-01
9.846777201000462e-03	-3.189415e-01
9.856777201000462e-03	-3.189337e-01
9.866777201000463e-03	-3.189415e-01
9.876777201000463e-03	-3.189337e-01
9.886777201000462e-03	-3.189415e-01
9.896777201000462e-03	-3.189337e-01
9.906777201000463e-03	-3.189415e-01
9.916777201000463e-03	-3.189337e-01
9.926777201000462e-03	-3.189415e-01
9.936777201000462e-03	-3.189337e-01
9.946777201000463e-03	-3.189415e-01
9.956777201000463e-03	-3.189337e-01
9.966777201000462e-03	-3.189415e-01
9.976777201000462e-03	-3.189337e-01
9.986777201000462e-03	-3.189415e-01
9.996777201000463e-03	-3.189337e-01
1.000000000000000e-02	-3.189415e-01
1.000000000100000e-02	-3.189326e-01
1.000000000200000e-02	-3.189410e-01
1.000000000440036e-02	-3.189341e-01
1.000000000670974e-02	-3.189407e-01
1.000000001132851e-02	-3.189344e-01
1.000000002056606e-02	-3.189406e-01
1.000000003904114e-02	-3.189345e-01
1.000000007599130e-02	-3.189406e-01
1.000000014989163e-02	-3.189346e-01
1.000000029769228e-02	-3.189406e-01
1.000000059329359e-02	-3.189346e-01
1.000000118449621e-02	-3.189406e-01
1.000000236690145e-02	-3.189346e-01
1.000000473171193e-02	-3.189406e-01
1.000000946133289e-02	-3.189345e-01
1.000001768512010e-02	-3.189404e-01
1.000002962941878e-02	-3.189344e-01
1.000005351801612e-02	-3.189400e-01
1.000010129521082e-02	-3.189264e-01
1.000017107512869e-02	-3.189413e-01
1.000023641157347e-02	-3.189378e-01
1.000031640405217e-02	-3.189462e-01
1.000039247140620e-02	-3.189425e-01
1.000054460611425e-02	-3.189510e-01
1.000056509206225e-02	-3.189482e-01
1.000060606395824e-02	-3.189483e-01
1.000068800775022e-02	-3.189484e-01
1.000085189533419e-02	-3.189484e-01
1.000117967050211e-02	-3.189479e-01
1.000175612799625e-02	-3.189453e-01
1.000242101866322e-02	-3.189400e-01
1.000253900729438e-02	-3.189389e-01
1.000277498455669e-02	-3.189365e-01
1.000324693908132e-02	-3.189313e-01
1.000336492771248e-02	-3.189299e-01
1.000360090497479e-02	-3.189271e-01
1.000407285949942e-02	-3.189216e-01
1.000501676854867e-02	-3.189102e-01
1.000690458664719e-02	-3.188867e-01
1.001068022284421e-02	-3.188365e-01
1.001823149523826e-02	-3.187201e-01
1.002823149523826e-02	-3.185104e-01
1.003823149523826e-02	-3.181671e-01
1.004823149523826e-02	-3.174430e-01
1.005823149523826e-02	-3.140698e-01
1.006823149523826e-02	-3.041047e-01
1.007823149523826e-02	-2.942316e-01
1.008823149523826e-02	-2.850940e-01
1.009823149523826e-02	-2.803077e-01
1.010000000000000e-02	-2.821041e-01
1.010000000100000e-02	-2.821048e-01
1.010000001700000e-02	-2.821063e-01
1.010000004900000e-02	-2.821074e-01
1.010000011300000e-02	-2.821089e-01
1.010000024100000e-02	-2.821106e-01
1.010000049700000e-02	-2.821146e-01
1.010000100900000e-02	-2.821203e-01
1.010000203300000e-02	-2.821303e-01
1.010000408100000e-02	-2.821424e-01
1.010000817700000e-02	-2.821559e-01
1.010001636900000e-02	-2.821691e-01
1.010003275300001e-02	-2.821916e-01
1.010006552100002e-02	-2.822362e-01
1.010013105700003e-02	-2.823270e-01
1.010026212900006e-02	-2.825106e-01
1.010052427300013e-02	-2.828912e-01
1.010104856100025e-02	-2.836993e-01
1.010209713700050e-02	-2.855043e-01
1.010419428900100e-02	-2.898265e-01
1.010838859300201e-02	-3.010348e-01
1.011677720100402e-02	-3.314809e-01
1.012677720100402e-02	-3.758810e-01
1.013677720100402e-02	-4.185838e-01
1.014677720100401e-02	-4.248208e-01
1.015677720100402e-02	-4.186465e-01
1.016677720100402e-02	-4.015134e-01
1.017677720100402e-02	-3.008229e-01
1.018677720100401e-02	-2.160790e-01
1.019677720100402e-02	-4.642935e-02
1.020628398381632e-02	7.544048e-06
1.021628398381632e-02	4.472673e-06
1.022628398381632e-02	7.249340e-06
1.023628398381632e-02	4.196369e-06
1.024628398381632e-02	6.966869e-06
1.025628398381632e-02	3.934102e-06
1.026628398381632e-02	6.699937e-06
1.027628398381632e-02	3.683808e-06
1.028628398381632e-02	6.446598e-06
1.029628398381632e-02	3.444630e-06
1.030628398381632e-02	6.205154e-06
1.031628398381632e-02	3.215124e-06
1.032628398381632e-02	5.972642e-06
1.033628398381632e-02	2.986297e-06
1.034628398381632e-02	5.729594e-06
1.035628398381632e-02	2.781189e-06
1.036628398381632e-02	5.525729e-06
1.037628398381632e-02	2.597653e-06
1.038628398381632e-02	5.452152e-06
1.039628398381632e-02	2.515950e-06
1.040628398381632e-02	5.263427e-06
1.041628398381632e-02	2.265304e-06
1.042484825472342e-02	4.841902e-06
1.043294702288162e-02	2.061450e-06
1.044082408526116e-02	4.551305e-06
1.045082408526116e-02	1.574678e-06
1.046082408526116e-02	4.099245e-06
1.047082408526116e-02	1.380894e-06
1.048082408526116e-02	3.960114e-06
1.049082408526116e-02	1.249970e-06
1.050082408526116e-02	3.820749e-06
1.051082408526116e-02	1.125243e-06
1.052082408526116e-02	3.687285e-06
1.053082408526116e-02	1.006019e-06
1.054082408526116e-02	3.559722e-06
1.055082408526116e-02	8.921387e-07
1.056082408526116e-02	3.437805e-06
1.057082408526116e-02	7.834071e-07
1.058082408526116e-02	3.321288e-06
1.059082408526116e-02	6.796293e-07
1.060082408526116e-02	3.209934e-06
1.061082408526116e-02	5.806114e-07
1.062082408526116e-02	3.103513e-06
1.063082408526116e-02	4.861630e-07
1.064082408526116e-02	3.001819e-06
1.065082408526116e-02	3.961466e-07
1.066082408526116e-02	2.904711e-06
1.067082408526116e-02	3.104111e-07
1.068082408526116e-02	2.811956e-06
1.069082408526116e-02	2.287352e-07
1.070082408526116e-02	2.723324e-06
1.071082408526116e-02	1.509208e-07
1.072082408526116e-02	2.638609e-06
1.073082408526116e-02	7.678469e-08
1.074082408526116e-02	2.557619e-06
1.075082408526116e-02	6.152704e-09
1.076082408526116e-02	2.480169e-06
1.077082408526116e-02	-6.114333e-08
1.078082408526116e-02	2.406083e-06
1.079082408526116e-02	-1.252674e-07
1.080082408526116e-02	2.335189e-06
1.081082408526116e-02	-1.863804e-07
1.082082408526116e-02	2.267318e-06
1.083082408526116e-02	-2.446413e-07
1.084082408526116e-02	2.202305e-06
1.085082408526116e-02	-3.002075e-07
1.086082408526116e-02	2.139986e-06
1.087082408526116e-02	-3.532350e-07
1.088082408526116e-02	2.080199e-06
1.089082408526116e-02	-4.038786e-07
1.090082408526116e-02	2.022784e-06
1.091082408526116e-02	-4.522915e-07
1.092082408526116e-02	1.967587e-06
1.093082408526116e-02	-4.986249e-07
1.094082408526116e-02	1.914451e-06
1.095082408526116e-02	-5.430267e-07
1.096082408526116e-02	1.863227e-06
1.097082408526116e-02	-5.856406e-07
1.098082408526116e-02	1.813772e-06
1.099082408526116e-02	-6.266043e-07
1.100000000100000e-02	1.767558e-06
1.100000000200000e-02	1.200930e-06
1.100000001800000e-02	1.684950e-06
1.100000005000000e-02	1.138266e-06
1.100000011400000e-02	1.362850e-06
1.100000024200000e-02	8.316796e-07
1.100000049800000e-02	1.408474e-06
1.100000101000000e-02	1.586934e-06
1.100000203400000e-02	2.024437e-06
1.100000370787554e-02	9.904943e-07
1.100000583297908e-02	9.090146e-07
1.100000876274640e-02	3.936992e-07
1.100001325727741e-02	7.463821e-07
1.100002206904093e-02	3.758471e-07
1.100003969256798e-02	7.471551e-07
1.100007493962206e-02	3.755707e-07
1.100014543373024e-02	7.469651e-07
1.100028642194659e-02	3.751000e-07
1.100056839837930e-02	7.460546e-07
1.100113235124470e-02	3.732683e-07
1.100226025697551e-02	7.424011e-07
1.100451606843714e-02	3.659765e-07
1.100902769136039e-02	7.278883e-07
1.101805093720690e-02	3.372228e-07
1.102805093720690e-02	6.879537e-07
1.103805093720690e-02	2.958793e-07
1.104805093720690e-02	6.472603e-07
1.105805093720690e-02	2.558114e-07
1.106805093720690e-02	6.077957e-07
1.107805093720690e-02	2.169295e-07
1.108805093720690e-02	5.694786e-07
1.109805093720690e-02	1.791609e-07
1.110805093720690e-02	5.322450e-07
1.111805093720690e-02	1.424509e-07
1.112805093720690e-02	4.960501e-07
1.113805093720690e-02	1.067645e-07
1.114805093720690e-02	4.608684e-07
1.115805093720690e-02	7.208592e-08
1.116805093720690e-02	4.266940e-07
1.117805093720690e-02	3.841852e-08
1.118805093720690e-02	3.935390e-07
1.119805093720690e-02	5.782965e-09
1.120805093720690e-02	3.614321e-07
1.121805093720690e-02	-2.578509e-08
1.122805093720690e-02	3.304150e-07
1.123805093720690e-02	-5.623830e-08
1.124805093720690e-02	3.005397e-07
1.125805093720690e-02	-8.552152e-08
1.126805093720690e-02	2.718635e-07
1.127805093720690e-02	-1.135761e-07
1.128805093720690e-02	2.444452e-07
1.129805093720690e-02	-1.403443e-07
1.130805093720690e-02	2.183405e-07
1.131805093720690e-02	-1.657735e-07
1.132805093720690e-02	1.935981e-07
1.133805093720690e-02	-1.898196e-07
1.134805093720690e-02	1.702566e-07
1.135805093720690e-02	-2.124503e-07
1.136805093720690e-02	1.483415e-07
1.137805093720690e-02	-2.336470e-07
1.138805093720690e-02	1.278642e-07
1.139805093720690e-02	-2.534059e-07
1.140805093720690e-02	1.088210e-07
1.141805093720690e-02	-2.717382e-07
1.142805093720690e-02	9.119335e-08
1.143805093720690e-02	-2.886695e-07
1.144805093720690e-02	7.494887e-08
1.145805093720690e-02	-3.042385e-07
1.146805093720690e-02	6.004291e-08
1.147805093720690e-02	-3.184954e-07
1.148805093720690e-02	4.642042e-08
1.149805093720690e-02	-3.314995e-07
1.150805093720690e-02	3.401804e-08
1.151805093720690e-02	-3.433176e-07
1.152805093720690e-02	2.276634e-08
1.153805093720690e-02	-3.540214e-07
1.154805093720690e-02	1.259183e-08
1.155805093720690e-02	-3.636857e-07
1.156805093720690e-02	3.418944e-09
1.157805093720690e-02	-3.723864e-07
1.158805093720690e-02	-4.828345e-09
1.159805093720690e-02	-3.801992e-07
1.160805093720690e-02	-1.222507e-08
1.161805093720690e-02	-3.871982e-07
1.162805093720690e-02	-1.884414e-08
1.163805093720690e-02	-3.934549e-07
1.164805093720690e-02	-2.475547e-08
1.165805093720690e-02	-3.990375e-07
1.166805093720690e-02	-3.002533e-08
1.167805093720690e-02	-4.040103e-07
1.168805093720690e-02	-3.471594e-08
1.169805093720690e-02	-4.084333e-07
1.170805093720690e-02	-3.888518e-08
1.171805093720690e-02	-4.123623e-07
1.172805093720690e-02	-4.258656e-08
1.173805093720690e-02	-4.158484e-07
1.174805093720690e-02	-4.586918e-08
1.175805093720690e-02	-4.189388e-07
1.176805093720690e-02	-4.877786e-08
1.177805093720690e-02	-4.216760e-07
1.178805093720690e-02	-5.135329e-08
1.179805093720690e-02	-4.240989e-07
1.180805093720690e-02	-5.363228e-08
1.181805093720690e-02	-4.262424e-07
1.182805093720690e-02	-5.564800e-08
1.183805093720690e-02	-4.281379e-07
1.184805093720690e-02	-5.743020e-08
1.185805093720690e-02	-4.298136e-07
1.186805093720690e-02	-5.900553e-08
1.187805093720690e-02	-4.312946e-07
1.188805093720690e-02	-6.039776e-08
1.189805093720690e-02	-4.326034e-07
1.190805093720690e-02	-6.162806e-08
1.191805093720690e-02	-4.337599e-07
1.192805093720690e-02	-6.271523e-08
1.193805093720690e-02	-4.347820e-07
1.194805093720690e-02	-6.367596e-08
1.195805093720690e-02	-4.356851e-07
1.196805093720690e-02	-6.452496e-08
1.197805093720690e-02	-4.364833e-07
1.198805093720690e-02	-6.527528e-08
1.199805093720690e-02	-4.371887e-07
1.200805093720690e-02	-6.593838e-08
1.201805093720690e-02	-4.378121e-07
1.202805093720690e-02	-6.652433e-08
1.203805093720690e-02	-4.383629e-07
1.204805093720690e-02	-6.704200e-08
1.205805093720690e-02	-4.388494e-07
1.206805093720690e-02	-6.749914e-08
1.207805093720690e-02	-4.392789e-07
1.208805093720690e-02	-6.790257e-08
1.209805093720690e-02	-4.396578e-07
1.210805093720690e-02	-6.825825e-08
1.211805093720690e-02	-4.399917e-07
1.212805093720690e-02	-6.857149e-08
1.213805093720690e-02	-4.402855e-07
1.214805093720690e-02	-6.884702e-08
1.215805093720690e-02	-4.405439e-07
1.216805093720690e-02	-6.908923e-08
1.217805093720690e-02	-4.407711e-07
1.218805093720690e-02	-6.930234e-08
1.219805093720690e-02	-4.409712e-07
1.220805093720690e-02	-6.949060e-08
1.221805093720690e-02	-4.411487e-07
1.222805093720690e-02	-6.965845e-08
1.223805093720690e-02	-4.413081e-07
1.224805093720690e-02	-6.981065e-08
1.225805093720690e-02	-4.414544e-07
1.226805093720690e-02	-6.995213e-08
1.227805093720690e-02	-4.415923e-07
1.228805093720690e-02	-7.008765e-08
1.229805093720690e-02	-4.417265e-07
1.230805093720690e-02	-7.022130e-08
1.231805093720690e-02	-4.418604e-07
1.232805093720690e-02	-7.035604e-08
1.233805093720690e-02	-4.419964e-07
1.234805093720690e-02	-7.049336e-08
1.235805093720690e-02	-4.421351e-07
1.236805093720690e-02	-7.063345e-08
1.237805093720690e-02	-4.422764e-07
1.238805093720690e-02	-7.077551e-08
1.239805093720690e-02	-4.424190e-07
1.240805093720690e-02	-7.091825e-08
1.241805093720690e-02	-4.425615e-07
1.242805093720690e-02	-7.106030e-08
1.243805093720690e-02	-4.427027e-07
1.244805093720690e-02	-7.120041e-08
1.245805093720690e-02	-4.428415e-07
1.246805093720690e-02	-7.133763e-08
1.247805093720690e-02	-4.429770e-07
1.248805093720690e-02	-7.147130e-08
1.249805093720690e-02	-4.431088e-07
1.250805093720690e-02	-7.160102e-08
1.251805093720690e-02	-4.432364e-07
1.252805093720690e-02	-7.172660e-08
1.253805093720690e-02	-4.433599e-07
1.254805093720690e-02	-7.184799e-08
1.255805093720690e-02	-4.434793e-07
1.256805093720690e-02	-7.196522e-08
1.257805093720690e-02	-4.435944e-07
1.258805093720690e-02	-7.207841e-08
1.259805093720690e-02	-4.437056e-07
1.260805093720690e-02	-7.218767e-08
1.261805093720690e-02	-4.438130e-07
1.262805093720690e-02	-7.229313e-08
1.263805093720690e-02	-4.439166e-07
1.264805093720690e-02	-7.239492e-08
1.265805093720690e-02	-4.440166e-07
1.266805093720690e-02	-7.249317e-08
1.267805093720690e-02	-4.441131e-07
1.268805093720690e-02	-7.258795e-08
1.269805093720690e-02	-4.442062e-07
1.270805093720690e-02	-7.267936e-08
1.271805093720690e-02	-4.442959e-07
1.272805093720690e-02	-7.276746e-08
1.273805093720690e-02	-4.443824e-07
1.274805093720690e-02	-7.285229e-08
1.275805093720690e-02	-4.444656e-07
1.276805093720690e-02	-7.293389e-08
1.277805093720690e-02	-4.445456e-07
1.278805093720690e-02	-7.301228e-08
1.279805093720690e-02	-4.446223e-07
1.280805093720690e-02	-7.308748e-08
1.281805093720690e-02	-4.446960e-07
1.282805093720690e-02	-7.315952e-08
1.283805093720690e-02	-4.447664e-07
1.284805093720690e-02	-7.322840e-08
1.285805093720690e-02	-4.448337e-07
1.286805093720690e-02	-7.329415e-08
1.287805093720690e-02	-4.448979e-07
1.288805093720690e-02	-7.335677e-08
1.289805093720690e-02	-4.449589e-07
1.290805093720690e-02	-7.341630e-08
1.291805093720690e-02	-4.450169e-07
1.292805093720690e-02	-7.347277e-08
1.293805093720690e-02	-4.450719e-07
1.294805093720690e-02	-7.352622e-08
1.295805093720690e-02	-4.451238e-07
1.296805093720690e-02	-7.357671e-08
1.297805093720690e-02	-4.451728e-07
1.298805093720690e-02	-7.362429e-08
1.299805093720690e-02	-4.452189e-07
1.300805093720690e-02	-7.366902e-08
1.301805093720690e-02	-4.452623e-07
1.302805093720690e-02	-7.371099e-08
1.303805093720690e-02	-4.453029e-07
1.304805093720690e-02	-7.375027e-08
1.305805093720690e-02	-4.453408e-07
1.306805093720690e-02	-7.378696e-08
1.307805093720690e-02	-4.453762e-07
1.308805093720690e-02	-7.382115e-08
1.309805093720690e-02	-4.454092e-07
1.310805093720690e-02	-7.385294e-08
1.311805093720690e-02	-4.454398e-07
1.312805093720690e-02	-7.388244e-08
1.313805093720690e-02	-4.454681e-07
1.314805093720690e-02	-7.390975e-08
1.315805093720690e-02	-4.454944e-07
1.316805093720690e-02	-7.393499e-08
1.317805093720690e-02	-4.455186e-07
1.318805093720690e-02	-7.395826e-08
1.319805093720690e-02	-4.455409e-07
1.320805093720690e-02	-7.397968e-08
1.321805093720690e-02	-4.455614e-07
1.322805093720690e-02	-7.399936e-08
1.323805093720690e-02	-4.455802e-07
1.324805093720690e-02	-7.401740e-08
1.325805093720690e-02	-4.455975e-07
1.326805093720690e-02	-7.403392e-08
1.327805093720690e-02	-4.456132e-07
1.328805093720690e-02	-7.404901e-08
1.329805093720690e-02	-4.456276e-07
1.330805093720690e-02	-7.406278e-08
1.331805093720690e-02	-4.456408e-07
1.332805093720690e-02	-7.407532e-08
1.333805093720690e-02	-4.456527e-07
1.334805093720690e-02	-7.408672e-08
1.335805093720690e-02	-4.456635e-07
1.336805093720690e-02	-7.409707e-08
1.337805093720690e-02	-4.456733e-07
1.338805093720690e-02	-7.410647e-08
1.339805093720690e-02	-4.456822e-07
1.340805093720690e-02	-7.411497e-08
1.341805093720690e-02	-4.456903e-07
1.342805093720690e-02	-7.412267e-08
1.343805093720690e-02	-4.456976e-07
1.344805093720690e-02	-7.412962e-08
1.345805093720690e-02	-4.457041e-07
1.346805093720690e-02	-7.413590e-08
1.347805093720690e-02	-4.457101e-07
1.348805093720690e-02	-7.414156e-08
1.349805093720690e-02	-4.457154e-07
1.350805093720690e-02	-7.414666e-08
1.351805093720690e-02	-4.457202e-07
1.352805093720690e-02	-7.415126e-08
1.353805093720690e-02	-4.457245e-07
1.354805093720690e-02	-7.415539e-08
1.355805093720690e-02	-4.457284e-07
1.356805093720690e-02	-7.415911e-08
1.357805093720690e-02	-4.457319e-07
1.358805093720690e-02	-7.416245e-08
1.359805093720690e-02	-4.457350e-07
1.360805093720690e-02	-7.416546e-08
1.361805093720690e-02	-4.457378e-07
1.362805093720690e-02	-7.416816e-08
1.363805093720690e-02	-4.457403e-07
1.364805093720690e-02	-7.417058e-08
1.365805093720690e-02	-4.457426e-07
1.366805093720690e-02	-7.417276e-08
1.367805093720690e-02	-4.457446e-07
1.368805093720690e-02	-7.417472e-08
1.369805093720690e-02	-4.457464e-07
1.370805093720690e-02	-7.417648e-08
1.371805093720690e-02	-4.457480e-07
1.372805093720690e-02	-7.417808e-08
1.373805093720690e-02	-4.457495e-07
1.374805093720690e-02	-7.417951e-08
1.375805093720690e-02	-4.457508e-07
1.376805093720690e-02	-7.418080e-08
1.377805093720690e-02	-4.457520e-07
1.378805093720690e-02	-7.418197e-08
1.379805093720690e-02	-4.457531e-07
1.380805093720690e-02	-7.418303e-08
1.381805093720690e-02	-4.457540e-07
1.382805093720690e-02	-7.418399e-08
1.383805093720690e-02	-4.457549e-07
1.384805093720690e-02	-7.418486e-08
1.385805093720690e-02	-4.457557e-07
1.386805093720690e-02	-7.418566e-08
1.387805093720690e-02	-4.457564e-07
1.388805093720690e-02	-7.418638e-08
1.389805093720690e-02	-4.457570e-07
1.390805093720690e-02	-7.418705e-08
1.391805093720690e-02	-4.457576e-07
1.392805093720690e-02	-7.418766e-08
1.393805093720690e-02	-4.457581e-07
1.394805093720690e-02	-7.418822e-08
1.395805093720690e-02	-4.457586e-07
1.396805093720690e-02	-7.418875e-08
1.397805093720690e-02	-4.457590e-07
1.398805093720690e-02	-7.418923e-08
1.399805093720690e-02	-4.457595e-07
1.400805093720690e-02	-7.418968e-08
1.401805093720690e-02	-4.457598e-07
1.402805093720690e-02	-7.419010e-08
1.403805093720690e-02	-4.457602e-07
1.404805093720690e-02	-7.419050e-08
1.405805093720690e-02	-4.457605e-07
1.406805093720690e-02	-7.419088e-08
1.407805093720690e-02	-4.457608e-07
1.408805093720690e-02	-7.419123e-08
1.409805093720690e-02	-4.457611e-07
1.410805093720690e-02	-7.419157e-08
1.411805093720690e-02	-4.457614e-07
1.412805093720690e-02	-7.419189e-08
1.413805093720690e-02	-4.457616e-07
1.414805093720690e-02	-7.419219e-08
1.415805093720690e-02	-4.457619e-07
1.416805093720690e-02	-7.419249e-08
1.417805093720690e-02	-4.457621e-07
1.418805093720690e-02	-7.419278e-08
1.419805093720690e-02	-4.457623e-07
1.420805093720690e-02	-7.419305e-08
1.421805093720690e-02	-4.457625e-07
1.422805093720690e-02	-7.419331e-08
1.423805093720690e-02	-4.457627e-07
1.424805093720690e-02	-7.419357e-08
1.425805093720690e-02	-4.457629e-07
1.426805093720690e-02	-7.419381e-08
1.427805093720690e-02	-4.457630e-07
1.428805093720690e-02	-7.419406e-08
1.429805093720690e-02	-4.457632e-07
1.430805093720690e-02	-7.419430e-08
1.431805093720690e-02	-4.457634e-07
1.432805093720690e-02	-7.419452e-08
1.433805093720690e-02	-4.457635e-07
1.434805093720690e-02	-7.419475e-08
1.435805093720690e-02	-4.457637e-07
1.436805093720690e-02	-7.419497e-08
1.437805093720690e-02	-4.457638e-07
1.438805093720690e-02	-7.419519e-08
1.439805093720690e-02	-4.457640e-07
1.440805093720690e-02	-7.419540e-08
1.441805093720690e-02	-4.457641e-07
1.442805093720690e-02	-7.419560e-08
1.443805093720690e-02	-4.457642e-07
1.444805093720690e-02	-7.419581e-08
1.445805093720690e-02	-4.457644e-07
1.446805093720690e-02	-7.419601e-08
1.447805093720690e-02	-4.457645e-07
1.448805093720690e-02	-7.419621e-08
1.449805093720690e-02	-4.457646e-07
1.450805093720690e-02	-7.419640e-08
1.451805093720690e-02	-4.457647e-07
1.452805093720690e-02	-7.419659e-08
1.453805093720690e-02	-4.457648e-07
1.454805093720690e-02	-7.419678e-08
1.455805093720690e-02	-4.457649e-07
1.456805093720690e-02	-7.419697e-08
1.457805093720690e-02	-4.457650e-07
1.458805093720690e-02	-7.419715e-08
1.459805093720690e-02	-4.457651e-07
1.460805093720690e-02	-7.419733e-08
1.461805093720690e-02	-4.457652e-07
1.462805093720690e-02	-7.419751e-08
1.463805093720690e-02	-4.457653e-07
1.464805093720690e-02	-7.419768e-08
1.465805093720690e-02	-4.457654e-07
1.466805093720690e-02	-7.419786e-08
1.467805093720690e-02	-4.457655e-07
1.468805093720690e-02	-7.419803e-08
1.469805093720690e-02	-4.457656e-07
1.470805093720690e-02	-7.419819e-08
1.471805093720690e-02	-4.457657e-07
1.472805093720690e-02	-7.419835e-08
1.473805093720690e-02	-4.457657e-07
1.474805093720690e-02	-7.419852e-08
1.475805093720690e-02	-4.457658e-07
1.476805093720690e-02	-7.419868e-08
1.477805093720690e-02	-4.457659e-07
1.478805093720690e-02	-7.419884e-08
1.479805093720690e-02	-4.457659e-07
1.480805093720690e-02	-7.419899e-08
1.481805093720690e-02	-4.457660e-07
1.482805093720690e-02	-7.419914e-08
1.483805093720690e-02	-4.457661e-07
1.484805093720690e-02	-7.419930e-08
1.485805093720690e-02	-4.457661e-07
1.486805093720690e-02	-7.419945e-08
1.487805093720690e-02	-4.457662e-07
1.488805093720690e-02	-7.419959e-08
1.489805093720690e-02	-4.457662e-07
1.490805093720690e-02	-7.419974e-08
1.491805093720690e-02	-4.457663e-07
1.492805093720690e-02	-7.419988e-08
1.493805093720690e-02	-4.457663e-07
1.494805093720690e-02	-7.420002e-08
1.495805093720690e-02	-4.457664e-07
1.496805093720690e-02	-7.420017e-08
1.497805093720690e-02	-4.457664e-07
1.498805093720690e-02	-7.420030e-08
1.499805093720690e-02	-4.457665e-07
1.500805093720690e-02	-7.420044e-08
1.501805093720690e-02	-4.457665e-07
1.502805093720690e-02	-7.420057e-08
1.503805093720690e-02	-4.457665e-07
1.504805093720690e-02	-7.420071e-08
1.505805093720690e-02	-4.457666e-07
1.506805093720690e-02	-7.420083e-08
1.507805093720690e-02	-4.457666e-07
1.508805093720690e-02	-7.420096e-08
1.509805093720690e-02	-4.457666e-07
1.510805093720690e-02	-7.420109e-08
1.511805093720690e-02	-4.457667e-07
1.512805093720690e-02	-7.420122e-08
1.513805093720690e-02	-4.457667e-07
1.514805093720690e-02	-7.420134e-08
1.515805093720690e-02	-4.457667e-07
1.516805093720690e-02	-7.420146e-08
1.517805093720690e-02	-4.457667e-07
1.518805093720690e-02	-7.420158e-08
1.519805093720690e-02	-4.457667e-07
1.520805093720690e-02	-7.420170e-08
1.521805093720690e-02	-4.457667e-07
1.522805093720690e-02	-7.420182e-08
1.523805093720690e-02	-4.457668e-07
1.524805093720690e-02	-7.420194e-08
1.525805093720690e-02	-4.457668e-07
1.526805093720690e-02	-7.420206e-08
1.527805093720690e-02	-4.457668e-07
1.528805093720690e-02	-7.420217e-08
1.529805093720690e-02	-4.457668e-07
1.530805093720690e-02	-7.420228e-08
1.531805093720690e-02	-4.457668e-07
1.532805093720690e-02	-7.420239e-08
1.533805093720690e-02	-4.457668e-07
1.534805093720690e-02	-7.420250e-08
1.535805093720690e-02	-4.457668e-07
1.536805093720690e-02	-7.420261e-08
1.537805093720690e-02	-4.457668e-07
1.538805093720690e-02	-7.420272e-08
1.539805093720690e-02	-4.457668e-07
1.540805093720690e-02	-7.420283e-08
1.541805093720690e-02	-4.457668e-07
1.542805093720690e-02	-7.420294e-08
1.543805093720690e-02	-4.457668e-07
1.544805093720690e-02	-7.420304e-08
1.545805093720690e-02	-4.457668e-07
1.546805093720690e-02	-7.420314e-08
1.547805093720690e-02	-4.457668e-07
1.548805093720690e-02	-7.420325e-08
1.549805093720690e-02	-4.457667e-07
1.550805093720690e-02	-7.420335e-08
1.551805093720690e-02	-4.457667e-07
1.552805093720690e-02	-7.420345e-08
1.553805093720690e-02	-4.457667e-07
1.554805093720690e-02	-7.420356e-08
1.555805093720690e-02	-4.457667e-07
1.556805093720690e-02	-7.420365e-08
1.557805093720690e-02	-4.457667e-07
1.558805093720690e-02	-7.420375e-08
1.559805093720690e-02	-4.457667e-07
1.560805093720690e-02	-7.420385e-08
1.561805093720690e-02	-4.457667e-07
1.562805093720690e-02	-7.420395e-08
1.563805093720690e-02	-4.457666e-07
1.564805093720690e-02	-7.420405e-08
1.565805093720690e-02	-4.457666e-07
1.566805093720689e-02	-7.420414e-08
1.567805093720689e-02	-4.457666e-07
1.568805093720690e-02	-7.420424e-08
1.569805093720690e-02	-4.457665e-07
1.570805093720690e-02	-7.420433e-08
1.571805093720690e-02	-4.457665e-07
1.572805093720690e-02	-7.420442e-08
1.573805093720690e-02	-4.457665e-07
1.574805093720689e-02	-7.420452e-08
1.575805093720689e-02	-4.457665e-07
1.576805093720690e-02	-7.420461e-08
1.577805093720690e-02	-4.457664e-07
1.578805093720690e-02	-7.420471e-08
1.579805093720690e-02	-4.457664e-07
1.580805093720690e-02	-7.420480e-08
1.581805093720690e-02	-4.457664e-07
1.582805093720690e-02	-7.420489e-08
1.583805093720689e-02	-4.457663e-07
1.584805093720689e-02	-7.420498e-08
1.585805093720690e-02	-4.457663e-07
1.586805093720690e-02	-7.420507e-08
1.587805093720690e-02	-4.457663e-07
1.588805093720690e-02	-7.420516e-08
1.589805093720690e-02	-4.457662e-07
1.590805093720690e-02	-7.420525e-08
1.591805093720689e-02	-4.457662e-07
1.592805093720689e-02	-7.420534e-08
1.593805093720690e-02	-4.457661e-07
1.594805093720690e-02	-7.420543e-08
1.595805093720690e-02	-4.457661e-07
1.596805093720690e-02	-7.420552e-08
1.597805093720690e-02	-4.457661e-07
1.598805093720690e-02	-7.420561e-08
1.599805093720690e-02	-4.457660e-07
1.600805093720689e-02	-7.420569e-08
1.601805093720689e-02	-4.457660e-07
1.602805093720690e-02	-7.420578e-08
1.603805093720690e-02	-4.457659e-07
1.604805093720690e-02	-7.420587e-08
1.605805093720690e-02	-4.457659e-07
1.606805093720690e-02	-7.420596e-08
1.607805093720690e-02	-4.457658e-07
1.608805093720689e-02	-7.420604e-08
1.609805093720689e-02	-4.457658e-07
1.610805093720690e-02	-7.420613e-08
1.611805093720690e-02	-4.457657e-07
1.612805093720690e-02	-7.420622e-08
1.613805093720690e-02	-4.457657e-07
1.614805093720690e-02	-7.420631e-08
1.615805093720690e-02	-4.457656e-07
1.616805093720690e-02	-7.420639e-08
1.617805093720689e-02	-4.457656e-07
1.618805093720689e-02	-7.420648e-08
1.619805093720690e-02	-4.457656e-07
1.620805093720690e-02	-7.420656e-08
1.621805093720690e-02	-4.457655e-07
1.622805093720690e-02	-7.420665e-08
1.623805093720690e-02	-4.457654e-07
1.624805093720690e-02	-7.420673e-08
1.625805093720690e-02	-4.457654e-07
1.626805093720689e-02	-7.420682e-08
1.627805093720690e-02	-4.457653e-07
1.628805093720690e-02	-7.420690e-08
1.629805093720690e-02	-4.457653e-07
1.630805093720690e-02	-7.420699e-08
1.631805093720690e-02	-4.457652e-07
1.632805093720690e-02	-7.420707e-08
1.633805093720690e-02	-4.457652e-07
1.634805093720689e-02	-7.420716e-08
1.635805093720689e-02	-4.457651e-07
1.636805093720690e-02	-7.420724e-08
1.637805093720690e-02	-4.457650e-07
1.638805093720690e-02	-7.420733e-08
1.639805093720690e-02	-4.457650e-07
1.640805093720690e-02	-7.420741e-08
1.641805093720690e-02	-4.457649e-07
1.642805093720690e-02	-7.420750e-08
1.643805093720689e-02	-4.457649e-07
1.644805093720690e-02	-7.420758e-08
1.645805093720690e-02	-4.457648e-07
1.646805093720690e-02	-7.420767e-08
1.647805093720690e-02	-4.457647e-07
1.648805093720690e-02	-7.420775e-08
1.649805093720690e-02	-4.457647e-07
1.650805093720690e-02	-7.420784e-08
1.651805093720689e-02	-4.457646e-07
1.652805093720689e-02	-7.420793e-08
1.653805093720690e-02	-4.457646e-07
1.654805093720690e-02	-7.420801e-08
1.655805093720690e-02	-4.457645e-07
1.656805093720690e-02	-7.420810e-08
1.657805093720690e-02	-4.457644e-07
1.658805093720690e-02	-7.420818e-08
1.659805093720690e-02	-4.457644e-07
1.660805093720689e-02	-7.420827e-08
1.661805093720690e-02	-4.457643e-07
1.662805093720690e-02	-7.420835e-08
1.663805093720690e-02	-4.457642e-07
1.664805093720690e-02	-7.420844e-08
1.665805093720690e-02	-4.457642e-07
1.666805093720690e-02	-7.420852e-08
1.667805093720690e-02	-4.457641e-07
1.668805093720689e-02	-7.420861e-08
1.669805093720689e-02	-4.457640e-07
1.670805093720690e-02	-7.420869e-08
1.671805093720690e-02	-4.457639e-07
1.672805093720690e-02	-7.420878e-08
1.673805093720690e-02	-4.457639e-07
1.674805093720690e-02	-7.420886e-08
1.675805093720690e-02	-4.457638e-07
1.676805093720690e-02	-7.420895e-08
1.677805093720689e-02	-4.457637e-07
1.678805093720690e-02	-7.420903e-08
1.679805093720690e-02	-4.457636e-07
1.680805093720690e-02	-7.420912e-08
1.681805093720690e-02	-4.457636e-07
1.682805093720690e-02	-7.420920e-08
1.683805093720690e-02	-4.457635e-07
1.684805093720690e-02	-7.420929e-08
1.685805093720689e-02	-4.457634e-07
1.686805093720689e-02	-7.420937e-08
1.687805093720690e-02	-4.457634e-07
1.688805093720690e-02	-7.420947e-08
1.689805093720690e-02	-4.457633e-07
1.690805093720690e-02	-7.420955e-08
1.691805093720690e-02	-4.457632e-07
1.692805093720690e-02	-7.420964e-08
1.693805093720690e-02	-4.457631e-07
1.694805093720689e-02	-7.420972e-08
1.695805093720689e-02	-4.457631e-07
1.696805093720690e-02	-7.420981e-08
1.697805093720690e-02	-4.457630e-07
1.698805093720690e-02	-7.420990e-08
1.699805093720690e-02	-4.457629e-07
1.700805093720690e-02	-7.420999e-08
1.701805093720690e-02	-4.457629e-07
1.702805093720689e-02	-7.421007e-08
1.703805093720689e-02	-4.457628e-07
1.704805093720690e-02	-7.421016e-08
1.705805093720690e-02	-4.457627e-07
1.706805093720690e-02	-7.421025e-08
1.707805093720690e-02	-4.457626e-07
1.708805093720690e-02	-7.421033e-08
1.709805093720690e-02	-4.457625e-07
1.710805093720690e-02	-7.421043e-08
1.711805093720689e-02	-4.457625e-07
1.712805093720689e-02	-7.421051e-08
1.713805093720690e-02	-4.457624e-07
1.714805093720690e-02	-7.421060e-08
1.715805093720690e-02	-4.457623e-07
1.716805093720690e-02	-7.421069e-08
1.717805093720690e-02	-4.457622e-07
1.718805093720690e-02	-7.421078e-08
1.719805093720689e-02	-4.457621e-07
1.720805093720689e-02	-7.421087e-08
1.721805093720690e-02	-4.457621e-07
1.722805093720690e-02	-7.421096e-08
1.723805093720690e-02	-4.457620e-07
1.724805093720690e-02	-7.421104e-08
1.725805093720690e-02	-4.457619e-07
1.726805093720690e-02	-7.421114e-08
1.727805093720690e-02	-4.457618e-07
1.728805093720689e-02	-7.421123e-08
1.729805093720689e-02	-4.457617e-07
1.730805093720690e-02	-7.421131e-08
1.731805093720690e-02	-4.457616e-07
1.732805093720690e-02	-7.421141e-08
1.733805093720690e-02	-4.457615e-07
1.734805093720690e-02	-7.421150e-08
1.735805093720690e-02	-4.457615e-07
1.736805093720689e-02	-7.421158e-08
1.737805093720689e-02	-4.457614e-07
1.738805093720690e-02	-7.421168e-08
1.739805093720690e-02	-4.457613e-07
1.740805093720690e-02	-7.421177e-08
1.741805093720690e-02	-4.457612e-07
1.742805093720690e-02	-7.421186e-08
1.743805093720690e-02	-4.457611e-07
1.744805093720690e-02	-7.421195e-08
1.745805093720689e-02	-4.457610e-07
1.746805093720689e-02	-7.421205e-08
1.747805093720690e-02	-4.457609e-07
1.748805093720690e-02	-7.421214e-08
1.749805093720690e-02	-4.457609e-07
1.750805093720690e-02	-7.421223e-08
1.751805093720690e-02	-4.457608e-07
1.752805093720690e-02	-7.421232e-08
1.753805093720689e-02	-4.457607e-07
1.754805093720689e-02	-7.421242e-08
1.755805093720690e-02	-4.457606e-07
1.756805093720690e-02	-7.421251e-08
1.757805093720690e-02	-4.457605e-07
1.758805093720690e-02	-7.421260e-08
1.759805093720690e-02	-4.457604e-07
1.760805093720690e-02	-7.421269e-08
1.761805093720690e-02	-4.457603e-07
1.762805093720689e-02	-7.421279e-08
1.763805093720689e-02	-4.457602e-07
1.764805093720690e-02	-7.421288e-08
1.765805093720690e-02	-4.457602e-07
1.766805093720690e-02	-7.421298e-08
1.767805093720690e-02	-4.457601e-07
1.768805093720690e-02	-7.421307e-08
1.769805093720690e-02	-4.457600e-07
1.770805093720689e-02	-7.421316e-08
1.771805093720689e-02	-4.457599e-07
1.772805093720690e-02	-7.421326e-08
1.773805093720690e-02	-4.457598e-07
1.774805093720690e-02	-7.421335e-08
1.775805093720690e-02	-4.457597e-07
1.776805093720690e-02	-7.421345e-08
1.777805093720690e-02	-4.457596e-07
1.778805093720690e-02	-7.421355e-08
1.779805093720689e-02	-4.457595e-07
1.780805093720689e-02	-7.421364e-08
1.781805093720690e-02	-4.457594e-07
1.782805093720690e-02	-7.421374e-08
1.783805093720690e-02	-4.457593e-07
1.784805093720690e-02	-7.421383e-08
1.785805093720690e-02	-4.457592e-07
1.786805093720690e-02	-7.421393e-08
1.787805093720689e-02	-4.457591e-07
1.788805093720689e-02	-7.421403e-08
1.789805093720690e-02	-4.457590e-07
1.790805093720690e-02	-7.421412e-08
1.791805093720690e-02	-4.457590e-07
1.792805093720690e-02	-7.421422e-08
1.793805093720690e-02	-4.457588e-07
1.794805093720690e-02	-7.421432e-08
1.795805093720690e-02	-4.457588e-07
1.796805093720689e-02	-7.421441e-08
1.797805093720689e-02	-4.457587e-07
1.798805093720690e-02	-7.421451e-08
1.799805093720690e-02	-4.457586e-07
1.800805093720690e-02	-7.421461e-08
1.801805093720690e-02	-4.457585e-07
1.802805093720690e-02	-7.421471e-08
1.803805093720690e-02	-4.457584e-07
1.804805093720689e-02	-7.421481e-08
1.805805093720689e-02	-4.457583e-07
1.806805093720690e-02	-7.421491e-08
1.807805093720690e-02	-4.457582e-07
1.808805093720690e-02	-7.421501e-08
1.809805093720690e-02	-4.457581e-07
1.810805093720690e-02	-7.421511e-08
1.811805093720690e-02	-4.457580e-07
1.812805093720690e-02	-7.421521e-08
1.813805093720689e-02	-4.457579e-07
1.814805093720689e-02	-7.421531e-08
1.815805093720690e-02	-4.457578e-07
1.816805093720690e-02	-7.421541e-08
1.817805093720690e-02	-4.457577e-07
1.818805093720690e-02	-7.421551e-08
1.819805093720690e-02	-4.457576e-07
1.820805093720690e-02	-7.421561e-08
1.821805093720689e-02	-4.457575e-07
1.822805093720689e-02	-7.421571e-08
1.823805093720689e-02	-4.457574e-07
1.824805093720690e-02	-7.421581e-08
1.825805093720690e-02	-4.457573e-07
1.826805093720690e-02	-7.421591e-08
1.827805093720690e-02	-4.457572e-07
1.828805093720690e-02	-7.421602e-08
1.829805093720690e-02	-4.457571e-07
1.830805093720689e-02	-7.421612e-08
1.831805093720689e-02	-4.457570e-07
1.832805093720690e-02	-7.421622e-08
1.833805093720690e-02	-4.457569e-07
1.834805093720690e-02	-7.421632e-08
1.835805093720690e-02	-4.457568e-07
1.836805093720690e-02	-7.421642e-08
1.837805093720690e-02	-4.457567e-07
1.838805093720689e-02	-7.421653e-08
1.839805093720689e-02	-4.457566e-07
1.840805093720689e-02	-7.421663e-08
1.841805093720690e-02	-4.457565e-07
1.842805093720690e-02	-7.421674e-08
1.843805093720690e-02	-4.457564e-07
1.844805093720690e-02	-7.421684e-08
1.845805093720690e-02	-4.457563e-07
1.846805093720690e-02	-7.421694e-08
1.847805093720689e-02	-4.457562e-07
1.848805093720689e-02	-7.421705e-08
1.849805093720690e-02	-4.457561e-07
1.850805093720690e-02	-7.421716e-08
1.851805093720690e-02	-4.457560e-07
1.852805093720690e-02	-7.421726e-08
1.853805093720690e-02	-4.457559e-07
1.854805093720690e-02	-7.421736e-08
1.855805093720689e-02	-4.457558e-07
1.856805093720689e-02	-7.421747e-08
1.857805093720689e-02	-4.457557e-07
1.858805093720690e-02	-7.421757e-08
1.859805093720690e-02	-4.457555e-07
1.860805093720690e-02	-7.421768e-08
1.861805093720690e-02	-4.457554e-07
1.862805093720690e-02	-7.421779e-08
1.863805093720690e-02	-4.457553e-07
1.864805093720689e-02	-7.421789e-08
1.865805093720689e-02	-4.457552e-07
1.866805093720690e-02	-7.421800e-08
1.867805093720690e-02	-4.457551e-07
1.868805093720690e-02	-7.421811e-08
1.869805093720690e-02	-4.457550e-07
1.870805093720690e-02	-7.421821e-08
1.871805093720690e-02	-4.457549e-07
1.872805093720689e-02	-7.421832e-08
1.873805093720689e-02	-4.457548e-07
1.874805093720689e-02	-7.421843e-08
1.875805093720690e-02	-4.457547e-07
1.876805093720690e-02	-7.421854e-08
1.877805093720690e-02	-4.457546e-07
1.878805093720690e-02	-7.421865e-08
1.879805093720690e-02	-4.457545e-07
1.880805093720690e-02	-7.421875e-08
1.881805093720689e-02	-4.457544e-07
1.882805093720689e-02	-7.421887e-08
1.883805093720690e-02	-4.457543e-07
1.884805093720690e-02	-7.421897e-08
1.885805093720690e-02	-4.457542e-07
1.886805093720690e-02	-7.421908e-08
1.887805093720690e-02	-4.457540e-07
1.888805093720690e-02	-7.421919e-08
1.889805093720689e-02	-4.457540e-07
1.890805093720689e-02	-7.421930e-08
1.891805093720689e-02	-4.457538e-07
1.892805093720690e-02	-7.421941e-08
1.893805093720690e-02	-4.457537e-07
1.894805093720690e-02	-7.421953e-08
1.895805093720690e-02	-4.457536e-07
1.896805093720690e-02	-7.421963e-08
1.897805093720690e-02	-4.457535e-07
1.898805093720689e-02	-7.421975e-08
1.899805093720689e-02	-4.457534e-07
1.900805093720690e-02	-7.421986e-08
1.901805093720690e-02	-4.457533e-07
1.902805093720690e-02	-7.421997e-08
1.903805093720690e-02	-4.457532e-07
1.904805093720690e-02	-7.422008e-08
1.905805093720690e-02	-4.457530e-07
1.906805093720690e-02	-7.422020e-08
1.907805093720689e-02	-4.457530e-07
1.908805093720689e-02	-7.422030e-08
1.909805093720690e-02	-4.457528e-07
1.910805093720690e-02	-7.422042e-08
1.911805093720690e-02	-4.457527e-07
1.912805093720690e-02	-7.422053e-08
1.913805093720690e-02	-4.457526e-07
1.914805093720690e-02	-7.422064e-08
1.915805093720689e-02	-4.457525e-07
1.916805093720689e-02	-7.422076e-08
1.917805093720690e-02	-4.457524e-07
1.918805093720690e-02	-7.422087e-08
1.919805093720690e-02	-4.457523e-07
1.920805093720690e-02	-7.422098e-08
1.921805093720690e-02	-4.457522e-07
1.922805093720690e-02	-7.422110e-08
1.923805093720690e-02	-4.457521e-07
1.924805093720689e-02	-7.422121e-08
1.925805093720689e-02	-4.457519e-07
1.926805093720690e-02	-7.422133e-08
1.927805093720690e-02	-4.457518e-07
1.928805093720690e-02	-7.422145e-08
1.929805093720690e-02	-4.457517e-07
1.930805093720690e-02	-7.422156e-08
1.931805093720690e-02	-4.457516e-07
1.932805093720689e-02	-7.422167e-08
1.933805093720689e-02	-4.457515e-07
1.934805093720690e-02	-7.422179e-08
1.935805093720690e-02	-4.457513e-07
1.936805093720690e-02	-7.422191e-08
1.937805093720690e-02	-4.457512e-07
1.938805093720690e-02	-7.422202e-08
1.939805093720690e-02	-4.457511e-07
1.940805093720690e-02	-7.422214e-08
1.941805093720689e-02	-4.457510e-07
1.942805093720689e-02	-7.422226e-08
1.943805093720690e-02	-4.457509e-07
1.944805093720690e-02	-7.422237e-08
1.945805093720690e-02	-4.457508e-07
1.946805093720690e-02	-7.422249e-08
1.947805093720690e-02	-4.457507e-07
1.948805093720690e-02	-7.422260e-08
1.949805093720689e-02	-4.457505e-07
1.950805093720689e-02	-7.422273e-08
1.951805093720689e-02	-4.457504e-07
1.952805093720690e-02	-7.422284e-08
1.953805093720690e-02	-4.457503e-07
1.954805093720690e-02	-7.422296e-08
1.955805093720690e-02	-4.457502e-07
1.956805093720690e-02	-7.422308e-08
1.957805093720690e-02	-4.457501e-07
1.958805093720689e-02	-7.422320e-08
1.959805093720689e-02	-4.457499e-07
1.960805093720690e-02	-7.422332e-08
1.961805093720690e-02	-4.457498e-07
1.962805093720690e-02	-7.422344e-08
1.963805093720690e-02	-4.457497e-07
1.964805093720690e-02	-7.422356e-08
1.965805093720690e-02	-4.457496e-07
1.966805093720689e-02	-7.422368e-08
1.967805093720689e-02	-4.457495e-07
1.968805093720689e-02	-7.422380e-08
1.969805093720690e-02	-4.457494e-07
1.970805093720690e-02	-7.422392e-08
1.971805093720690e-02	-4.457492e-07
1.972805093720690e-02	-7.422404e-08
1.973805093720690e-02	-4.457491e-07
1.974805093720690e-02	-7.422416e-08
1.975805093720689e-02	-4.457490e-07
1.976805093720689e-02	-7.422428e-08
1.977805093720690e-02	-4.457489e-07
1.978805093720690e-02	-7.422440e-08
1.979805093720690e-02	-4.457488e-07
1.980805093720690e-02	-7.422452e-08
1.981805093720690e-02	-4.457486e-07
1.982805093720690e-02	-7.422464e-08
1.983805093720689e-02	-4.457485e-07
1.984805093720689e-02	-7.422477e-08
1.985805093720689e-02	-4.457484e-07
1.986805093720690e-02	-7.422489e-08
1.987805093720690e-02	-4.457483e-07
1.988805093720690e-02	-7.422501e-08
1.989805093720690e-02	-4.457481e-07
1.990805093720690e-02	-7.422513e-08
1.991805093720690e-02	-4.457480e-07
1.992805093720689e-02	-7.422526e-08
1.993805093720689e-02	-4.457479e-07
1.994805093720690e-02	-7.422538e-08
1.995805093720690e-02	-4.457478e-07
1.996805093720690e-02	-7.422550e-08
1.997805093720690e-02	-4.457476e-07
1.998805093720690e-02	-7.422562e-08
1.999805093720690e-02	-4.457475e-07
2.000000000000000e-02	-7.422601e-08
