time	Ix(M3:S)
0.000000000000000e+00	-2.013670e-07
9.999999439624929e-11	-2.009080e-07
1.999999887924986e-10	-2.004328e-07
3.999999775849972e-10	-1.994216e-07
7.999999551699943e-10	-1.972042e-07
1.599999910339989e-09	-1.922540e-07
3.199999820679977e-09	-1.812408e-07
6.399999641359955e-09	-1.570758e-07
1.279999928271991e-08	-1.053436e-07
2.559999856543982e-08	-8.106302e-11
5.119999713087964e-08	1.969543e-07
9.252085555450540e-08	2.696601e-07
1.510336381077248e-07	-4.109763e-07
2.057411795961891e-07	-1.670325e-06
2.712256136408146e-07	-3.237526e-06
3.308487844021954e-07	-4.169051e-06
4.500951259249572e-07	-5.073061e-06
4.715237994946577e-07	-5.141522e-06
5.143811466340588e-07	-5.186231e-06
6.000958409128609e-07	-5.269610e-06
7.715252294704652e-07	-5.425210e-06
1.114384006585674e-06	-5.658887e-06
1.680508233312252e-06	-5.834701e-06
2.394953908581658e-06	-5.808603e-06
3.411350232638382e-06	-5.583645e-06
5.126386043420963e-06	-5.165244e-06
8.556457664986125e-06	-5.035665e-06
1.541660090811645e-05	-7.839009e-06
2.541660090811645e-05	-1.483929e-05
3.541660090811645e-05	-2.052207e-05
4.541660090811645e-05	-2.306201e-05
5.541660090811645e-05	-2.310647e-05
6.541660090811645e-05	-2.177239e-05
7.541660090811645e-05	-2.010950e-05
8.541660090811645e-05	-1.860109e-05
9.541660090811645e-05	-1.729373e-05
1.000000009999994e-04	-1.677467e-05
1.000000019999994e-04	-1.677467e-05
1.000000179999994e-04	-1.677479e-05
1.000000499999994e-04	-1.677529e-05
1.000001139999994e-04	-1.677681e-05
1.000002419999994e-04	-1.678010e-05
1.000004979999994e-04	-1.678457e-05
1.000010099999994e-04	-1.678702e-05
1.000020339999994e-04	-1.678425e-05
1.000040819999994e-04	-1.677748e-05
1.000081779999994e-04	-1.676967e-05
1.000163699999994e-04	-1.676146e-05
1.000327539999994e-04	-1.675407e-05
1.000655219999995e-04	-1.674851e-05
1.001310579999995e-04	-1.674149e-05
1.002621299999997e-04	-1.672711e-05
1.005242740000000e-04	-1.669774e-05
1.010485620000006e-04	-1.663893e-05
1.020971380000018e-04	-1.652114e-05
1.041942900000042e-04	-1.628498e-05
1.083885940000089e-04	-1.581159e-05
1.167772020000184e-04	-1.487131e-05
1.267772020000184e-04	-1.378610e-05
1.367772020000184e-04	-1.311164e-05
1.467772020000184e-04	-1.451343e-05
1.567772020000184e-04	-1.473376e-05
1.648370761366138e-04	-1.224722e-05
1.732074283844796e-04	-1.029346e-05
1.774363064504269e-04	-9.832083e-06
1.812906573433853e-04	-9.508342e-06
1.876738121864834e-04	-9.093689e-06
1.938106783459822e-04	-8.728440e-06
2.038106783459822e-04	-8.190370e-06
2.138106783459822e-04	-7.689317e-06
2.238106783459822e-04	-8.511108e-06
2.338106783459822e-04	-1.158307e-05
2.438106783459822e-04	-1.387314e-05
2.538106783459821e-04	-1.435210e-05
2.638106783459822e-04	-1.479039e-05
2.738106783459821e-04	-1.521836e-05
2.838106783459822e-04	-1.562683e-05
2.938106783459821e-04	-1.603290e-05
3.038106783459821e-04	-1.643244e-05
3.138106783459821e-04	-1.682688e-05
3.238106783459821e-04	-1.721714e-05
3.338106783459821e-04	-1.760561e-05
3.438106783459821e-04	-1.799063e-05
3.538106783459821e-04	-1.834230e-05
3.638106783459821e-04	-1.862807e-05
3.738106783459821e-04	-1.888868e-05
3.838106783459821e-04	-1.705973e-05
3.938106783459821e-04	-1.437561e-05
4.038106783459821e-04	-1.216182e-05
4.105337762675420e-04	-1.028832e-05
4.169968904000507e-04	-9.434611e-06
4.247054831186082e-04	-9.375470e-06
4.320268563133381e-04	-9.319756e-06
4.420268563133381e-04	-9.099225e-06
4.520268563133381e-04	-8.841826e-06
4.620268563133381e-04	-8.762468e-06
4.720268563133381e-04	-8.749831e-06
4.820268563133381e-04	-8.743630e-06
4.920268563133382e-04	-8.738356e-06
5.020268563133381e-04	-8.734799e-06
5.120268563133381e-04	-8.731144e-06
5.220268563133381e-04	-8.728343e-06
5.320268563133382e-04	-8.725256e-06
5.420268563133381e-04	-8.722874e-06
5.520268563133381e-04	-8.720150e-06
5.620268563133381e-04	-8.718041e-06
5.720268563133382e-04	-8.715573e-06
5.820268563133381e-04	-8.713663e-06
5.920268563133381e-04	-8.711393e-06
6.020268563133381e-04	-8.709639e-06
6.120268563133382e-04	-8.707530e-06
6.220268563133381e-04	-8.705903e-06
6.320268563133381e-04	-8.703930e-06
6.420268563133381e-04	-9.626374e-06
6.520268563133382e-04	-1.118166e-05
6.620268563133381e-04	-1.186422e-05
6.720268563133381e-04	-1.188043e-05
6.820268563133381e-04	-1.179721e-05
6.920268563133382e-04	-1.168279e-05
7.020268563133381e-04	-1.155749e-05
7.120268563133381e-04	-1.142836e-05
7.220268563133381e-04	-1.130029e-05
7.320268563133382e-04	-1.117488e-05
7.420268563133381e-04	-1.105349e-05
7.520268563133381e-04	-1.093635e-05
7.620268563133381e-04	-1.082400e-05
7.720268563133381e-04	-1.071626e-05
7.820268563133381e-04	-1.061334e-05
7.920268563133381e-04	-1.051495e-05
8.020268563133381e-04	-1.042117e-05
8.120268563133381e-04	-1.033166e-05
8.220268563133381e-04	-1.024644e-05
8.320268563133381e-04	-1.016518e-05
8.420268563133381e-04	-1.008787e-05
8.520268563133381e-04	-1.001420e-05
8.620268563133381e-04	-9.944135e-06
8.720268563133381e-04	-9.877386e-06
8.820268563133381e-04	-9.813932e-06
8.920268563133381e-04	-9.753487e-06
9.020268563133381e-04	-9.696038e-06
9.120268563133381e-04	-9.641317e-06
9.220268563133381e-04	-9.589316e-06
9.320268563133381e-04	-9.539785e-06
9.420268563133381e-04	-9.492722e-06
9.520268563133381e-04	-9.447893e-06
9.620268563133381e-04	-9.405302e-06
9.720268563133381e-04	-9.364730e-06
9.820268563133382e-04	-9.326186e-06
9.920268563133382e-04	-9.290265e-06
1.000000000000000e-03	-7.882566e-06
1.000000001000000e-03	-7.882521e-06
1.000000017000000e-03	-7.883250e-06
1.000000049000000e-03	-7.891096e-06
1.000000113000000e-03	-7.912849e-06
1.000000241000000e-03	-7.958054e-06
1.000000497000000e-03	-8.034538e-06
1.000001009000000e-03	-8.145793e-06
1.000002033000000e-03	-8.287231e-06
1.000004081000000e-03	-8.448598e-06
1.000008177000000e-03	-8.631579e-06
1.000016369000001e-03	-8.848505e-06
1.000032753000001e-03	-9.069618e-06
1.000065521000002e-03	-9.215679e-06
1.000131057000004e-03	-9.260035e-06
1.000262129000007e-03	-9.260288e-06
1.000524273000015e-03	-9.259247e-06
1.001048561000029e-03	-9.257503e-06
1.002097137000058e-03	-9.253915e-06
1.004194289000116e-03	-9.246858e-06
1.008388593000232e-03	-9.232993e-06
1.016777201000463e-03	-9.206105e-06
1.026777201000463e-03	-9.175315e-06
1.036777201000463e-03	-9.145963e-06
1.046777201000463e-03	-9.118039e-06
1.056777201000463e-03	-9.091472e-06
1.066777201000463e-03	-9.066196e-06
1.076777201000463e-03	-9.042149e-06
1.086777201000463e-03	-9.019270e-06
1.096777201000463e-03	-8.997502e-06
1.106777201000463e-03	-8.976792e-06
1.116777201000463e-03	-8.957087e-06
1.126777201000463e-03	-8.938337e-06
1.136777201000463e-03	-8.920498e-06
1.146777201000463e-03	-8.903524e-06
1.156777201000463e-03	-8.887373e-06
1.166777201000463e-03	-8.872005e-06
1.176777201000463e-03	-8.857382e-06
1.186777201000463e-03	-8.843467e-06
1.196777201000463e-03	-8.830227e-06
1.206777201000463e-03	-8.817628e-06
1.216777201000463e-03	-8.805639e-06
1.226777201000463e-03	-8.794230e-06
1.236777201000463e-03	-8.783374e-06
1.246777201000463e-03	-8.773043e-06
1.256777201000463e-03	-8.763212e-06
1.266777201000463e-03	-8.753856e-06
1.276777201000463e-03	-8.744953e-06
1.286777201000463e-03	-8.736482e-06
1.296777201000463e-03	-8.728419e-06
1.306777201000463e-03	-8.720746e-06
1.316777201000463e-03	-8.713444e-06
1.326777201000463e-03	-8.706495e-06
1.336777201000463e-03	-8.699883e-06
1.346777201000463e-03	-8.693589e-06
1.356777201000463e-03	-8.687599e-06
1.366777201000463e-03	-8.681898e-06
1.376777201000463e-03	-8.676474e-06
1.386777201000463e-03	-8.671311e-06
1.396777201000463e-03	-8.666397e-06
1.406777201000463e-03	-8.661721e-06
1.416777201000463e-03	-8.657271e-06
1.426777201000463e-03	-8.653034e-06
1.436777201000463e-03	-8.649004e-06
1.446777201000463e-03	-8.645167e-06
1.456777201000463e-03	-8.641516e-06
1.466777201000463e-03	-8.638041e-06
1.476777201000463e-03	-8.634733e-06
1.486777201000463e-03	-8.631585e-06
1.496777201000463e-03	-8.628589e-06
1.506777201000463e-03	-8.625739e-06
1.516777201000463e-03	-8.623025e-06
1.526777201000463e-03	-8.620442e-06
1.536777201000463e-03	-8.617983e-06
1.546777201000463e-03	-8.615643e-06
1.556777201000463e-03	-8.613417e-06
1.566777201000463e-03	-8.611298e-06
1.576777201000463e-03	-8.609280e-06
1.586777201000463e-03	-8.607360e-06
1.596777201000463e-03	-8.605532e-06
1.606777201000463e-03	-8.603794e-06
1.616777201000463e-03	-8.602138e-06
1.626777201000463e-03	-8.600562e-06
1.636777201000463e-03	-8.599063e-06
1.646777201000463e-03	-8.597635e-06
1.656777201000463e-03	-8.596277e-06
1.666777201000463e-03	-8.594984e-06
1.676777201000463e-03	-8.593754e-06
1.686777201000463e-03	-8.592583e-06
1.696777201000463e-03	-8.591468e-06
1.706777201000463e-03	-8.590407e-06
1.716777201000463e-03	-8.589397e-06
1.726777201000463e-03	-8.588436e-06
1.736777201000463e-03	-8.587521e-06
1.746777201000463e-03	-8.586650e-06
1.756777201000463e-03	-8.585822e-06
1.766777201000463e-03	-8.585032e-06
1.776777201000463e-03	-8.584282e-06
1.786777201000463e-03	-8.583567e-06
1.796777201000463e-03	-8.582887e-06
1.806777201000463e-03	-8.582239e-06
1.816777201000463e-03	-8.581624e-06
1.826777201000463e-03	-8.581037e-06
1.836777201000463e-03	-8.580479e-06
1.846777201000463e-03	-8.579947e-06
1.856777201000463e-03	-8.579442e-06
1.866777201000463e-03	-8.578961e-06
1.876777201000463e-03	-8.578502e-06
1.886777201000463e-03	-8.578067e-06
1.896777201000463e-03	-8.577652e-06
1.906777201000463e-03	-8.577256e-06
1.916777201000463e-03	-8.576881e-06
1.926777201000463e-03	-8.576522e-06
1.936777201000463e-03	-8.576182e-06
1.946777201000463e-03	-8.575857e-06
1.956777201000463e-03	-8.575549e-06
1.966777201000463e-03	-8.575255e-06
1.976777201000463e-03	-8.574976e-06
1.986777201000463e-03	-8.574710e-06
1.996777201000463e-03	-8.574456e-06
2.006777201000463e-03	-8.574216e-06
2.016777201000463e-03	-8.573987e-06
2.026777201000463e-03	-8.573768e-06
2.036777201000463e-03	-8.573560e-06
2.046777201000463e-03	-8.573362e-06
2.056777201000463e-03	-8.573174e-06
2.066777201000463e-03	-8.572994e-06
2.076777201000463e-03	-8.572824e-06
2.086777201000463e-03	-8.572661e-06
2.096777201000463e-03	-8.572507e-06
2.106777201000463e-03	-8.572360e-06
2.116777201000463e-03	-8.572220e-06
2.126777201000463e-03	-8.572087e-06
2.136777201000463e-03	-8.571960e-06
2.146777201000463e-03	-8.571839e-06
2.156777201000463e-03	-8.571724e-06
2.166777201000463e-03	-8.571615e-06
2.176777201000463e-03	-8.571511e-06
2.186777201000463e-03	-8.571411e-06
2.196777201000463e-03	-8.571317e-06
2.206777201000463e-03	-8.571227e-06
2.216777201000463e-03	-8.571142e-06
2.226777201000463e-03	-8.571061e-06
2.236777201000463e-03	-8.570983e-06
2.246777201000463e-03	-8.570910e-06
2.256777201000463e-03	-8.570840e-06
2.266777201000463e-03	-8.570773e-06
2.276777201000463e-03	-8.570710e-06
2.286777201000463e-03	-8.570649e-06
2.296777201000463e-03	-8.570591e-06
2.306777201000463e-03	-8.570537e-06
2.316777201000463e-03	-8.570484e-06
2.326777201000463e-03	-8.570434e-06
2.336777201000463e-03	-8.570388e-06
2.346777201000463e-03	-8.570343e-06
2.356777201000463e-03	-8.570300e-06
2.366777201000463e-03	-8.570260e-06
2.376777201000463e-03	-8.570220e-06
2.386777201000463e-03	-8.570183e-06
2.396777201000463e-03	-8.570149e-06
2.406777201000463e-03	-8.570115e-06
2.416777201000463e-03	-8.570083e-06
2.426777201000463e-03	-8.570053e-06
2.436777201000463e-03	-8.570024e-06
2.446777201000463e-03	-8.569997e-06
2.456777201000463e-03	-8.569970e-06
2.466777201000463e-03	-8.569946e-06
2.476777201000463e-03	-8.569922e-06
2.486777201000463e-03	-8.569899e-06
2.496777201000463e-03	-8.569878e-06
2.506777201000463e-03	-8.569858e-06
2.516777201000463e-03	-8.569838e-06
2.526777201000463e-03	-8.569820e-06
2.536777201000463e-03	-8.569803e-06
2.546777201000463e-03	-8.569786e-06
2.556777201000463e-03	-8.569770e-06
2.566777201000463e-03	-8.569755e-06
2.576777201000463e-03	-8.569740e-06
2.586777201000463e-03	-8.569727e-06
2.596777201000463e-03	-8.569713e-06
2.606777201000463e-03	-8.569700e-06
2.616777201000463e-03	-8.569688e-06
2.626777201000463e-03	-8.569677e-06
2.636777201000463e-03	-8.569667e-06
2.646777201000463e-03	-8.569657e-06
2.656777201000463e-03	-8.569647e-06
2.666777201000463e-03	-8.569637e-06
2.676777201000463e-03	-8.569628e-06
2.686777201000463e-03	-8.569620e-06
2.696777201000463e-03	-8.569612e-06
2.706777201000463e-03	-8.569605e-06
2.716777201000463e-03	-8.569597e-06
2.726777201000463e-03	-8.569591e-06
2.736777201000463e-03	-8.569585e-06
2.746777201000463e-03	-8.569577e-06
2.756777201000463e-03	-8.569572e-06
2.766777201000463e-03	-8.569566e-06
2.776777201000463e-03	-8.569561e-06
2.786777201000463e-03	-8.569556e-06
2.796777201000463e-03	-8.569551e-06
2.806777201000463e-03	-8.569546e-06
2.816777201000463e-03	-8.569542e-06
2.826777201000463e-03	-8.569537e-06
2.836777201000463e-03	-8.569534e-06
2.846777201000463e-03	-8.569530e-06
2.856777201000463e-03	-8.569526e-06
2.866777201000463e-03	-8.569523e-06
2.876777201000463e-03	-8.569519e-06
2.886777201000463e-03	-8.569516e-06
2.896777201000463e-03	-8.569514e-06
2.906777201000463e-03	-8.569510e-06
2.916777201000463e-03	-8.569508e-06
2.926777201000463e-03	-8.569506e-06
2.936777201000463e-03	-8.569503e-06
2.946777201000463e-03	-8.569501e-06
2.956777201000463e-03	-8.569498e-06
2.966777201000463e-03	-8.569496e-06
2.976777201000463e-03	-8.569494e-06
2.986777201000463e-03	-8.569492e-06
2.996777201000463e-03	-8.569491e-06
3.006777201000463e-03	-8.569489e-06
3.016777201000463e-03	-8.569487e-06
3.026777201000463e-03	-8.569486e-06
3.036777201000463e-03	-8.569485e-06
3.046777201000463e-03	-8.569483e-06
3.056777201000463e-03	-8.569481e-06
3.066777201000463e-03	-8.569480e-06
3.076777201000463e-03	-8.569479e-06
3.086777201000463e-03	-8.569477e-06
3.096777201000463e-03	-8.569477e-06
3.106777201000463e-03	-8.569476e-06
3.116777201000463e-03	-8.569475e-06
3.126777201000463e-03	-8.569474e-06
3.136777201000463e-03	-8.569473e-06
3.146777201000463e-03	-8.569472e-06
3.156777201000463e-03	-8.569471e-06
3.166777201000463e-03	-8.569470e-06
3.176777201000463e-03	-8.569469e-06
3.186777201000463e-03	-8.569468e-06
3.196777201000463e-03	-8.569468e-06
3.206777201000463e-03	-8.569467e-06
3.216777201000463e-03	-8.569466e-06
3.226777201000463e-03	-8.569466e-06
3.236777201000463e-03	-8.569466e-06
3.246777201000463e-03	-8.569465e-06
3.256777201000463e-03	-8.569465e-06
3.266777201000463e-03	-8.569465e-06
3.276777201000463e-03	-8.569464e-06
3.286777201000463e-03	-8.569463e-06
3.296777201000463e-03	-8.569463e-06
3.306777201000463e-03	-8.569463e-06
3.316777201000463e-03	-8.569463e-06
3.326777201000463e-03	-8.569462e-06
3.336777201000463e-03	-8.569462e-06
3.346777201000463e-03	-8.569461e-06
3.356777201000463e-03	-8.569461e-06
3.366777201000463e-03	-8.569460e-06
3.376777201000463e-03	-8.569460e-06
3.386777201000463e-03	-8.569460e-06
3.396777201000463e-03	-8.569459e-06
3.406777201000463e-03	-8.569459e-06
3.416777201000463e-03	-8.569459e-06
3.426777201000463e-03	-8.569459e-06
3.436777201000463e-03	-8.569459e-06
3.446777201000463e-03	-8.569458e-06
3.456777201000463e-03	-8.569458e-06
3.466777201000463e-03	-8.569458e-06
3.476777201000463e-03	-8.569458e-06
3.486777201000463e-03	-8.569458e-06
3.496777201000463e-03	-8.569457e-06
3.506777201000463e-03	-8.569457e-06
3.516777201000463e-03	-8.569457e-06
3.526777201000463e-03	-8.569457e-06
3.536777201000463e-03	-8.569457e-06
3.546777201000463e-03	-8.569457e-06
3.556777201000463e-03	-8.569457e-06
3.566777201000463e-03	-8.569456e-06
3.576777201000463e-03	-8.569456e-06
3.586777201000463e-03	-8.569457e-06
3.596777201000463e-03	-8.569457e-06
3.606777201000463e-03	-8.569456e-06
3.616777201000463e-03	-8.569456e-06
3.626777201000463e-03	-8.569456e-06
3.636777201000463e-03	-8.569456e-06
3.646777201000463e-03	-8.569456e-06
3.656777201000463e-03	-8.569456e-06
3.666777201000463e-03	-8.569456e-06
3.676777201000463e-03	-8.569456e-06
3.686777201000463e-03	-8.569456e-06
3.696777201000463e-03	-8.569456e-06
3.706777201000463e-03	-8.569456e-06
3.716777201000463e-03	-8.569456e-06
3.726777201000463e-03	-8.569456e-06
3.736777201000463e-03	-8.569456e-06
3.746777201000463e-03	-8.569456e-06
3.756777201000463e-03	-8.569456e-06
3.766777201000463e-03	-8.569456e-06
3.776777201000463e-03	-8.569456e-06
3.786777201000463e-03	-8.569456e-06
3.796777201000463e-03	-8.569456e-06
3.806777201000463e-03	-8.569456e-06
3.816777201000463e-03	-8.569456e-06
3.826777201000463e-03	-8.569456e-06
3.836777201000463e-03	-8.569456e-06
3.846777201000463e-03	-8.569456e-06
3.856777201000463e-03	-8.569456e-06
3.866777201000463e-03	-8.569456e-06
3.876777201000463e-03	-8.569456e-06
3.886777201000463e-03	-8.569456e-06
3.896777201000463e-03	-8.569456e-06
3.906777201000463e-03	-8.569455e-06
3.916777201000463e-03	-8.569455e-06
3.926777201000463e-03	-8.569456e-06
3.936777201000463e-03	-8.569456e-06
3.946777201000463e-03	-8.569456e-06
3.956777201000463e-03	-8.569456e-06
3.966777201000463e-03	-8.569456e-06
3.976777201000463e-03	-8.569456e-06
3.986777201000463e-03	-8.569456e-06
3.996777201000463e-03	-8.569456e-06
4.006777201000463e-03	-8.569455e-06
4.016777201000463e-03	-8.569455e-06
4.026777201000463e-03	-8.569455e-06
4.036777201000463e-03	-8.569455e-06
4.046777201000462e-03	-8.569455e-06
4.056777201000463e-03	-8.569455e-06
4.066777201000463e-03	-8.569456e-06
4.076777201000463e-03	-8.569456e-06
4.086777201000463e-03	-8.569456e-06
4.096777201000463e-03	-8.569456e-06
4.106777201000463e-03	-8.569455e-06
4.116777201000463e-03	-8.569455e-06
4.126777201000463e-03	-8.569455e-06
4.136777201000463e-03	-8.569455e-06
4.146777201000463e-03	-8.569455e-06
4.156777201000463e-03	-8.569455e-06
4.166777201000463e-03	-8.569455e-06
4.176777201000463e-03	-8.569455e-06
4.186777201000463e-03	-8.569455e-06
4.196777201000462e-03	-8.569455e-06
4.206777201000463e-03	-8.569455e-06
4.216777201000462e-03	-8.569455e-06
4.226777201000463e-03	-8.569455e-06
4.236777201000463e-03	-8.569455e-06
4.246777201000463e-03	-8.569456e-06
4.256777201000463e-03	-8.569456e-06
4.266777201000463e-03	-8.569455e-06
4.276777201000463e-03	-8.569455e-06
4.286777201000463e-03	-8.569455e-06
4.296777201000463e-03	-8.569455e-06
4.306777201000463e-03	-8.569455e-06
4.316777201000463e-03	-8.569455e-06
4.326777201000463e-03	-8.569455e-06
4.336777201000463e-03	-8.569455e-06
4.346777201000463e-03	-8.569455e-06
4.356777201000463e-03	-8.569455e-06
4.366777201000462e-03	-8.569455e-06
4.376777201000463e-03	-8.569455e-06
4.386777201000462e-03	-8.569455e-06
4.396777201000463e-03	-8.569455e-06
4.406777201000463e-03	-8.569455e-06
4.416777201000463e-03	-8.569455e-06
4.426777201000463e-03	-8.569455e-06
4.436777201000463e-03	-8.569455e-06
4.446777201000463e-03	-8.569455e-06
4.456777201000463e-03	-8.569455e-06
4.466777201000463e-03	-8.569455e-06
4.476777201000463e-03	-8.569455e-06
4.486777201000463e-03	-8.569455e-06
4.496777201000463e-03	-8.569455e-06
4.506777201000463e-03	-8.569455e-06
4.516777201000462e-03	-8.569455e-06
4.526777201000463e-03	-8.569455e-06
4.536777201000462e-03	-8.569455e-06
4.546777201000463e-03	-8.569455e-06
4.556777201000463e-03	-8.569455e-06
4.566777201000463e-03	-8.569455e-06
4.576777201000463e-03	-8.569455e-06
4.586777201000463e-03	-8.569455e-06
4.596777201000463e-03	-8.569455e-06
4.606777201000463e-03	-8.569455e-06
4.616777201000463e-03	-8.569455e-06
4.626777201000463e-03	-8.569455e-06
4.636777201000463e-03	-8.569455e-06
4.646777201000463e-03	-8.569455e-06
4.656777201000463e-03	-8.569455e-06
4.666777201000463e-03	-8.569455e-06
4.676777201000463e-03	-8.569455e-06
4.686777201000462e-03	-8.569455e-06
4.696777201000463e-03	-8.569455e-06
4.706777201000462e-03	-8.569455e-06
4.716777201000463e-03	-8.569455e-06
4.726777201000463e-03	-8.569455e-06
4.736777201000463e-03	-8.569455e-06
4.746777201000463e-03	-8.569455e-06
4.756777201000463e-03	-8.569455e-06
4.766777201000463e-03	-8.569455e-06
4.776777201000463e-03	-8.569455e-06
4.786777201000463e-03	-8.569455e-06
4.796777201000463e-03	-8.569455e-06
4.806777201000463e-03	-8.569455e-06
4.816777201000463e-03	-8.569455e-06
4.826777201000463e-03	-8.569455e-06
4.836777201000462e-03	-8.569455e-06
4.846777201000463e-03	-8.569455e-06
4.856777201000462e-03	-8.569455e-06
4.866777201000463e-03	-8.569455e-06
4.876777201000462e-03	-8.569455e-06
4.886777201000463e-03	-8.569455e-06
4.896777201000463e-03	-8.569455e-06
4.906777201000463e-03	-8.569455e-06
4.916777201000463e-03	-8.569455e-06
4.926777201000463e-03	-8.569455e-06
4.936777201000463e-03	-8.569455e-06
4.946777201000463e-03	-8.569455e-06
4.956777201000463e-03	-8.569455e-06
4.966777201000463e-03	-8.569455e-06
4.976777201000463e-03	-8.569455e-06
4.986777201000463e-03	-8.569455e-06
4.996777201000463e-03	-8.569455e-06
5.006777201000462e-03	-8.569455e-06
5.016777201000463e-03	-8.569455e-06
5.026777201000462e-03	-8.569455e-06
5.036777201000463e-03	-8.569455e-06
5.046777201000462e-03	-8.569455e-06
5.056777201000463e-03	-8.569455e-06
5.066777201000463e-03	-8.569455e-06
5.076777201000463e-03	-8.569455e-06
5.086777201000463e-03	-8.569455e-06
5.096777201000463e-03	-8.569455e-06
5.106777201000463e-03	-8.569455e-06
5.116777201000463e-03	-8.569455e-06
5.126777201000463e-03	-8.569455e-06
5.136777201000463e-03	-8.569455e-06
5.146777201000463e-03	-8.569455e-06
5.156777201000462e-03	-8.569455e-06
5.166777201000463e-03	-8.569455e-06
5.176777201000462e-03	-8.569455e-06
5.186777201000463e-03	-8.569455e-06
5.196777201000462e-03	-8.569455e-06
5.206777201000463e-03	-8.569455e-06
5.216777201000463e-03	-8.569455e-06
5.226777201000463e-03	-8.569455e-06
5.236777201000463e-03	-8.569455e-06
5.246777201000463e-03	-8.569455e-06
5.256777201000463e-03	-8.569455e-06
5.266777201000463e-03	-8.569455e-06
5.276777201000463e-03	-8.569455e-06
5.286777201000463e-03	-8.569455e-06
5.296777201000463e-03	-8.569455e-06
5.306777201000463e-03	-8.569455e-06
5.316777201000463e-03	-8.569455e-06
5.326777201000462e-03	-8.569455e-06
5.336777201000463e-03	-8.569455e-06
5.346777201000462e-03	-8.569455e-06
5.356777201000463e-03	-8.569455e-06
5.366777201000462e-03	-8.569455e-06
5.376777201000463e-03	-8.569455e-06
5.386777201000463e-03	-8.569455e-06
5.396777201000463e-03	-8.569455e-06
5.406777201000463e-03	-8.569455e-06
5.416777201000463e-03	-8.569455e-06
5.426777201000463e-03	-8.569455e-06
5.436777201000463e-03	-8.569455e-06
5.446777201000463e-03	-8.569455e-06
5.456777201000463e-03	-8.569455e-06
5.466777201000463e-03	-8.569455e-06
5.476777201000462e-03	-8.569455e-06
5.486777201000463e-03	-8.569455e-06
5.496777201000462e-03	-8.569455e-06
5.506777201000463e-03	-8.569455e-06
5.516777201000462e-03	-8.569455e-06
5.526777201000463e-03	-8.569455e-06
5.536777201000462e-03	-8.569455e-06
5.546777201000463e-03	-8.569455e-06
5.556777201000463e-03	-8.569455e-06
5.566777201000463e-03	-8.569455e-06
5.576777201000463e-03	-8.569455e-06
5.586777201000463e-03	-8.569455e-06
5.596777201000463e-03	-8.569455e-06
5.606777201000463e-03	-8.569455e-06
5.616777201000463e-03	-8.569455e-06
5.626777201000463e-03	-8.569455e-06
5.636777201000463e-03	-8.569455e-06
5.646777201000462e-03	-8.569455e-06
5.656777201000463e-03	-8.569455e-06
5.666777201000462e-03	-8.569455e-06
5.676777201000463e-03	-8.569455e-06
5.686777201000462e-03	-8.569455e-06
5.696777201000463e-03	-8.569455e-06
5.706777201000462e-03	-8.569455e-06
5.716777201000463e-03	-8.569455e-06
5.726777201000463e-03	-8.569455e-06
5.736777201000463e-03	-8.569455e-06
5.746777201000463e-03	-8.569455e-06
5.756777201000463e-03	-8.569455e-06
5.766777201000463e-03	-8.569455e-06
5.776777201000463e-03	-8.569455e-06
5.786777201000463e-03	-8.569455e-06
5.796777201000462e-03	-8.569455e-06
5.806777201000463e-03	-8.569455e-06
5.816777201000462e-03	-8.569455e-06
5.826777201000463e-03	-8.569455e-06
5.836777201000462e-03	-8.569455e-06
5.846777201000463e-03	-8.569455e-06
5.856777201000462e-03	-8.569455e-06
5.866777201000463e-03	-8.569455e-06
5.876777201000462e-03	-8.569455e-06
5.886777201000463e-03	-8.569455e-06
5.896777201000463e-03	-8.569455e-06
5.906777201000463e-03	-8.569455e-06
5.916777201000463e-03	-8.569455e-06
5.926777201000463e-03	-8.569455e-06
5.936777201000463e-03	-8.569455e-06
5.946777201000463e-03	-8.569455e-06
5.956777201000463e-03	-8.569455e-06
5.966777201000462e-03	-8.569455e-06
5.976777201000463e-03	-8.569455e-06
5.986777201000462e-03	-8.569455e-06
5.996777201000463e-03	-8.569455e-06
6.006777201000462e-03	-8.569455e-06
6.016777201000463e-03	-8.569455e-06
6.026777201000462e-03	-8.569455e-06
6.036777201000463e-03	-8.569455e-06
6.046777201000463e-03	-8.569455e-06
6.056777201000463e-03	-8.569455e-06
6.066777201000463e-03	-8.569455e-06
6.076777201000463e-03	-8.569455e-06
6.086777201000463e-03	-8.569455e-06
6.096777201000463e-03	-8.569455e-06
6.106777201000463e-03	-8.569455e-06
6.116777201000462e-03	-8.569455e-06
6.126777201000463e-03	-8.569455e-06
6.136777201000462e-03	-8.569455e-06
6.146777201000463e-03	-8.569455e-06
6.156777201000462e-03	-8.569455e-06
6.166777201000463e-03	-8.569455e-06
6.176777201000462e-03	-8.569455e-06
6.186777201000463e-03	-8.569455e-06
6.196777201000462e-03	-8.569455e-06
6.206777201000463e-03	-8.569455e-06
6.216777201000463e-03	-8.569455e-06
6.226777201000463e-03	-8.569455e-06
6.236777201000463e-03	-8.569455e-06
6.246777201000463e-03	-8.569455e-06
6.256777201000463e-03	-8.569455e-06
6.266777201000463e-03	-8.569455e-06
6.276777201000463e-03	-8.569455e-06
6.286777201000462e-03	-8.569455e-06
6.296777201000463e-03	-8.569455e-06
6.306777201000462e-03	-8.569455e-06
6.316777201000463e-03	-8.569455e-06
6.326777201000462e-03	-8.569455e-06
6.336777201000463e-03	-8.569455e-06
6.346777201000462e-03	-8.569455e-06
6.356777201000463e-03	-8.569455e-06
6.366777201000462e-03	-8.569455e-06
6.376777201000463e-03	-8.569455e-06
6.386777201000463e-03	-8.569455e-06
6.396777201000463e-03	-8.569455e-06
6.406777201000463e-03	-8.569455e-06
6.416777201000463e-03	-8.569455e-06
6.426777201000463e-03	-8.569455e-06
6.436777201000462e-03	-8.569455e-06
6.446777201000463e-03	-8.569455e-06
6.456777201000462e-03	-8.569455e-06
6.466777201000463e-03	-8.569455e-06
6.476777201000462e-03	-8.569455e-06
6.486777201000463e-03	-8.569455e-06
6.496777201000462e-03	-8.569455e-06
6.506777201000463e-03	-8.569455e-06
6.516777201000462e-03	-8.569455e-06
6.526777201000463e-03	-8.569455e-06
6.536777201000462e-03	-8.569455e-06
6.546777201000463e-03	-8.569455e-06
6.556777201000463e-03	-8.569455e-06
6.566777201000463e-03	-8.569455e-06
6.576777201000463e-03	-8.569455e-06
6.586777201000463e-03	-8.569455e-06
6.596777201000463e-03	-8.569455e-06
6.606777201000462e-03	-8.569455e-06
6.616777201000463e-03	-8.569455e-06
6.626777201000462e-03	-8.569455e-06
6.636777201000463e-03	-8.569455e-06
6.646777201000462e-03	-8.569455e-06
6.656777201000463e-03	-8.569455e-06
6.666777201000462e-03	-8.569455e-06
6.676777201000463e-03	-8.569455e-06
6.686777201000462e-03	-8.569455e-06
6.696777201000463e-03	-8.569455e-06
6.706777201000463e-03	-8.569455e-06
6.716777201000463e-03	-8.569456e-06
6.726777201000463e-03	-8.569456e-06
6.736777201000463e-03	-8.569455e-06
6.746777201000463e-03	-8.569455e-06
6.756777201000462e-03	-8.569455e-06
6.766777201000463e-03	-8.569455e-06
6.776777201000462e-03	-8.569455e-06
6.786777201000463e-03	-8.569455e-06
6.796777201000462e-03	-8.569455e-06
6.806777201000463e-03	-8.569455e-06
6.816777201000462e-03	-8.569455e-06
6.826777201000463e-03	-8.569455e-06
6.836777201000462e-03	-8.569455e-06
6.846777201000463e-03	-8.569455e-06
6.856777201000462e-03	-8.569455e-06
6.866777201000463e-03	-8.569455e-06
6.876777201000463e-03	-8.569455e-06
6.886777201000463e-03	-8.569455e-06
6.896777201000463e-03	-8.569455e-06
6.906777201000463e-03	-8.569455e-06
6.916777201000463e-03	-8.569455e-06
6.926777201000462e-03	-8.569455e-06
6.936777201000463e-03	-8.569455e-06
6.946777201000462e-03	-8.569455e-06
6.956777201000463e-03	-8.569455e-06
6.966777201000462e-03	-8.569455e-06
6.976777201000463e-03	-8.569455e-06
6.986777201000462e-03	-8.569455e-06
6.996777201000463e-03	-8.569455e-06
7.006777201000462e-03	-8.569455e-06
7.016777201000463e-03	-8.569455e-06
7.026777201000462e-03	-8.569455e-06
7.036777201000463e-03	-8.569455e-06
7.046777201000463e-03	-8.569455e-06
7.056777201000463e-03	-8.569455e-06
7.066777201000463e-03	-8.569455e-06
7.076777201000462e-03	-8.569455e-06
7.086777201000463e-03	-8.569455e-06
7.096777201000462e-03	-8.569455e-06
7.106777201000463e-03	-8.569455e-06
7.116777201000462e-03	-8.569455e-06
7.126777201000463e-03	-8.569455e-06
7.136777201000462e-03	-8.569455e-06
7.146777201000463e-03	-8.569455e-06
7.156777201000462e-03	-8.569455e-06
7.166777201000463e-03	-8.569455e-06
7.176777201000462e-03	-8.569455e-06
7.186777201000463e-03	-8.569455e-06
7.196777201000462e-03	-8.569455e-06
7.206777201000463e-03	-8.569455e-06
7.216777201000463e-03	-8.569455e-06
7.226777201000463e-03	-8.569455e-06
7.236777201000463e-03	-8.569455e-06
7.246777201000462e-03	-8.569455e-06
7.256777201000463e-03	-8.569455e-06
7.266777201000462e-03	-8.569455e-06
7.276777201000463e-03	-8.569456e-06
7.286777201000462e-03	-8.569456e-06
7.296777201000463e-03	-8.569455e-06
7.306777201000462e-03	-8.569455e-06
7.316777201000463e-03	-8.569455e-06
7.326777201000462e-03	-8.569455e-06
7.336777201000463e-03	-8.569455e-06
7.346777201000462e-03	-8.569455e-06
7.356777201000463e-03	-8.569455e-06
7.366777201000463e-03	-8.569455e-06
7.376777201000463e-03	-8.569455e-06
7.386777201000463e-03	-8.569455e-06
7.396777201000462e-03	-8.569455e-06
7.406777201000463e-03	-8.569455e-06
7.416777201000462e-03	-8.569455e-06
7.426777201000463e-03	-8.569455e-06
7.436777201000462e-03	-8.569455e-06
7.446777201000463e-03	-8.569455e-06
7.456777201000462e-03	-8.569455e-06
7.466777201000463e-03	-8.569455e-06
7.476777201000462e-03	-8.569455e-06
7.486777201000463e-03	-8.569455e-06
7.496777201000462e-03	-8.569455e-06
7.506777201000463e-03	-8.569455e-06
7.516777201000462e-03	-8.569455e-06
7.526777201000463e-03	-8.569455e-06
7.536777201000463e-03	-8.569455e-06
7.546777201000463e-03	-8.569455e-06
7.556777201000463e-03	-8.569455e-06
7.566777201000462e-03	-8.569455e-06
7.576777201000463e-03	-8.569455e-06
7.586777201000462e-03	-8.569455e-06
7.596777201000463e-03	-8.569455e-06
7.606777201000462e-03	-8.569455e-06
7.616777201000463e-03	-8.569455e-06
7.626777201000462e-03	-8.569455e-06
7.636777201000463e-03	-8.569456e-06
7.646777201000462e-03	-8.569456e-06
7.656777201000463e-03	-8.569455e-06
7.666777201000462e-03	-8.569455e-06
7.676777201000463e-03	-8.569455e-06
7.686777201000462e-03	-8.569455e-06
7.696777201000463e-03	-8.569455e-06
7.706777201000463e-03	-8.569455e-06
7.716777201000462e-03	-8.569455e-06
7.726777201000463e-03	-8.569455e-06
7.736777201000462e-03	-8.569456e-06
7.746777201000463e-03	-8.569456e-06
7.756777201000462e-03	-8.569455e-06
7.766777201000463e-03	-8.569455e-06
7.776777201000462e-03	-8.569455e-06
7.786777201000463e-03	-8.569455e-06
7.796777201000462e-03	-8.569455e-06
7.806777201000463e-03	-8.569455e-06
7.816777201000463e-03	-8.569455e-06
7.826777201000463e-03	-8.569455e-06
7.836777201000462e-03	-8.569455e-06
7.846777201000462e-03	-8.569455e-06
7.856777201000463e-03	-8.569455e-06
7.866777201000463e-03	-8.569455e-06
7.876777201000463e-03	-8.569455e-06
7.886777201000462e-03	-8.569455e-06
7.896777201000462e-03	-8.569455e-06
7.906777201000463e-03	-8.569455e-06
7.916777201000463e-03	-8.569455e-06
7.926777201000462e-03	-8.569455e-06
7.936777201000462e-03	-8.569455e-06
7.946777201000463e-03	-8.569455e-06
7.956777201000463e-03	-8.569455e-06
7.966777201000462e-03	-8.569455e-06
7.976777201000462e-03	-8.569456e-06
7.986777201000463e-03	-8.569456e-06
7.996777201000463e-03	-8.569455e-06
8.006777201000462e-03	-8.569455e-06
8.016777201000462e-03	-8.569455e-06
8.026777201000463e-03	-8.569455e-06
8.036777201000463e-03	-8.569455e-06
8.046777201000463e-03	-8.569455e-06
8.056777201000462e-03	-8.569455e-06
8.066777201000462e-03	-8.569455e-06
8.076777201000463e-03	-8.569455e-06
8.086777201000463e-03	-8.569455e-06
8.096777201000462e-03	-8.569455e-06
8.106777201000462e-03	-8.569455e-06
8.116777201000463e-03	-8.569455e-06
8.126777201000463e-03	-8.569455e-06
8.136777201000462e-03	-8.569455e-06
8.146777201000462e-03	-8.569455e-06
8.156777201000463e-03	-8.569455e-06
8.166777201000463e-03	-8.569455e-06
8.176777201000462e-03	-8.569455e-06
8.186777201000462e-03	-8.569455e-06
8.196777201000462e-03	-8.569455e-06
8.206777201000463e-03	-8.569455e-06
8.216777201000463e-03	-8.569455e-06
8.226777201000462e-03	-8.569455e-06
8.236777201000462e-03	-8.569455e-06
8.246777201000463e-03	-8.569455e-06
8.256777201000463e-03	-8.569455e-06
8.266777201000462e-03	-8.569455e-06
8.276777201000462e-03	-8.569455e-06
8.286777201000463e-03	-8.569455e-06
8.296777201000463e-03	-8.569455e-06
8.306777201000462e-03	-8.569455e-06
8.316777201000462e-03	-8.569455e-06
8.326777201000463e-03	-8.569455e-06
8.336777201000463e-03	-8.569455e-06
8.346777201000462e-03	-8.569455e-06
8.356777201000462e-03	-8.569455e-06
8.366777201000462e-03	-8.569455e-06
8.376777201000463e-03	-8.569455e-06
8.386777201000463e-03	-8.569455e-06
8.396777201000462e-03	-8.569456e-06
8.406777201000462e-03	-8.569456e-06
8.416777201000463e-03	-8.569455e-06
8.426777201000463e-03	-8.569455e-06
8.436777201000462e-03	-8.569455e-06
8.446777201000462e-03	-8.569455e-06
8.456777201000463e-03	-8.569455e-06
8.466777201000463e-03	-8.569455e-06
8.476777201000462e-03	-8.569455e-06
8.486777201000462e-03	-8.569455e-06
8.496777201000463e-03	-8.569455e-06
8.506777201000463e-03	-8.569455e-06
8.516777201000462e-03	-8.569455e-06
8.526777201000462e-03	-8.569455e-06
8.536777201000462e-03	-8.569455e-06
8.546777201000463e-03	-8.569455e-06
8.556777201000463e-03	-8.569455e-06
8.566777201000462e-03	-8.569455e-06
8.576777201000462e-03	-8.569456e-06
8.586777201000463e-03	-8.569456e-06
8.596777201000463e-03	-8.569455e-06
8.606777201000462e-03	-8.569455e-06
8.616777201000462e-03	-8.569455e-06
8.626777201000463e-03	-8.569455e-06
8.636777201000463e-03	-8.569455e-06
8.646777201000462e-03	-8.569455e-06
8.656777201000462e-03	-8.569455e-06
8.666777201000463e-03	-8.569455e-06
8.676777201000463e-03	-8.569455e-06
8.686777201000462e-03	-8.569455e-06
8.696777201000462e-03	-8.569455e-06
8.706777201000462e-03	-8.569455e-06
8.716777201000463e-03	-8.569455e-06
8.726777201000463e-03	-8.569455e-06
8.736777201000462e-03	-8.569455e-06
8.746777201000462e-03	-8.569455e-06
8.756777201000463e-03	-8.569455e-06
8.766777201000463e-03	-8.569455e-06
8.776777201000462e-03	-8.569455e-06
8.786777201000462e-03	-8.569455e-06
8.796777201000463e-03	-8.569456e-06
8.806777201000463e-03	-8.569456e-06
8.816777201000462e-03	-8.569455e-06
8.826777201000462e-03	-8.569455e-06
8.836777201000462e-03	-8.569455e-06
8.846777201000463e-03	-8.569455e-06
8.856777201000463e-03	-8.569455e-06
8.866777201000462e-03	-8.569455e-06
8.876777201000462e-03	-8.569455e-06
8.886777201000463e-03	-8.569455e-06
8.896777201000463e-03	-8.569455e-06
8.906777201000462e-03	-8.569455e-06
8.916777201000462e-03	-8.569455e-06
8.926777201000463e-03	-8.569455e-06
8.936777201000463e-03	-8.569455e-06
8.946777201000462e-03	-8.569455e-06
8.956777201000462e-03	-8.569455e-06
8.966777201000463e-03	-8.569455e-06
8.976777201000463e-03	-8.569455e-06
8.986777201000462e-03	-8.569455e-06
8.996777201000462e-03	-8.569455e-06
9.006777201000462e-03	-8.569455e-06
9.016777201000463e-03	-8.569456e-06
9.026777201000463e-03	-8.569456e-06
9.036777201000462e-03	-8.569455e-06
9.046777201000462e-03	-8.569455e-06
9.056777201000463e-03	-8.569456e-06
9.066777201000463e-03	-8.569456e-06
9.076777201000462e-03	-8.569455e-06
9.086777201000462e-03	-8.569455e-06
9.096777201000463e-03	-8.569455e-06
9.106777201000463e-03	-8.569455e-06
9.116777201000462e-03	-8.569455e-06
9.126777201000462e-03	-8.569455e-06
9.136777201000463e-03	-8.569455e-06
9.146777201000463e-03	-8.569455e-06
9.156777201000462e-03	-8.569455e-06
9.166777201000462e-03	-8.569455e-06
9.176777201000462e-03	-8.569455e-06
9.186777201000463e-03	-8.569455e-06
9.196777201000463e-03	-8.569455e-06
9.206777201000462e-03	-8.569455e-06
9.216777201000462e-03	-8.569455e-06
9.226777201000463e-03	-8.569455e-06
9.236777201000463e-03	-8.569455e-06
9.246777201000462e-03	-8.569455e-06
9.256777201000462e-03	-8.569455e-06
9.266777201000463e-03	-8.569455e-06
9.276777201000463e-03	-8.569455e-06
9.286777201000462e-03	-8.569455e-06
9.296777201000462e-03	-8.569455e-06
9.306777201000463e-03	-8.569455e-06
9.316777201000463e-03	-8.569455e-06
9.326777201000462e-03	-8.569455e-06
9.336777201000462e-03	-8.569455e-06
9.346777201000462e-03	-8.569455e-06
9.356777201000463e-03	-8.569455e-06
9.366777201000463e-03	-8.569455e-06
9.376777201000462e-03	-8.569455e-06
9.386777201000462e-03	-8.569455e-06
9.396777201000463e-03	-8.569456e-06
9.406777201000463e-03	-8.569456e-06
9.416777201000462e-03	-8.569455e-06
9.426777201000462e-03	-8.569455e-06
9.436777201000463e-03	-8.569456e-06
9.446777201000463e-03	-8.569456e-06
9.456777201000462e-03	-8.569455e-06
9.466777201000462e-03	-8.569455e-06
9.476777201000462e-03	-8.569456e-06
9.486777201000463e-03	-8.569456e-06
9.496777201000462e-03	-8.569455e-06
9.506777201000462e-03	-8.569455e-06
9.516777201000462e-03	-8.569455e-06
9.526777201000463e-03	-8.569455e-06
9.536777201000463e-03	-8.569455e-06
9.546777201000462e-03	-8.569455e-06
9.556777201000462e-03	-8.569455e-06
9.566777201000463e-03	-8.569455e-06
9.576777201000463e-03	-8.569455e-06
9.586777201000462e-03	-8.569455e-06
9.596777201000462e-03	-8.569455e-06
9.606777201000463e-03	-8.569455e-06
9.616777201000463e-03	-8.569455e-06
9.626777201000462e-03	-8.569455e-06
9.636777201000462e-03	-8.569455e-06
9.646777201000462e-03	-8.569455e-06
9.656777201000463e-03	-8.569455e-06
9.666777201000462e-03	-8.569455e-06
9.676777201000462e-03	-8.569455e-06
9.686777201000462e-03	-8.569455e-06
9.696777201000463e-03	-8.569455e-06
9.706777201000463e-03	-8.569455e-06
9.716777201000462e-03	-8.569455e-06
9.726777201000462e-03	-8.569455e-06
9.736777201000463e-03	-8.569455e-06
9.746777201000463e-03	-8.569455e-06
9.756777201000462e-03	-8.569455e-06
9.766777201000462e-03	-8.569455e-06
9.776777201000463e-03	-8.569455e-06
9.786777201000463e-03	-8.569455e-06
9.796777201000462e-03	-8.569455e-06
9.806777201000462e-03	-8.569455e-06
9.816777201000462e-03	-8.569455e-06
9.826777201000463e-03	-8.569455e-06
9.836777201000462e-03	-8.569455e-06
9.846777201000462e-03	-8.569455e-06
9.856777201000462e-03	-8.569455e-06
9.866777201000463e-03	-8.569455e-06
9.876777201000463e-03	-8.569455e-06
9.886777201000462e-03	-8.569455e-06
9.896777201000462e-03	-8.569455e-06
9.906777201000463e-03	-8.569455e-06
9.916777201000463e-03	-8.569455e-06
9.926777201000462e-03	-8.569455e-06
9.936777201000462e-03	-8.569455e-06
9.946777201000463e-03	-8.569455e-06
9.956777201000463e-03	-8.569455e-06
9.966777201000462e-03	-8.569455e-06
9.976777201000462e-03	-8.569455e-06
9.986777201000462e-03	-8.569455e-06
9.996777201000463e-03	-8.569455e-06
1.000000000000000e-02	-8.569509e-06
1.000000000100000e-02	-8.569556e-06
1.000000000200000e-02	-8.569636e-06
1.000000000440036e-02	-8.569695e-06
1.000000000670974e-02	-8.569645e-06
1.000000001132851e-02	-8.569526e-06
1.000000002056606e-02	-8.569274e-06
1.000000003904114e-02	-8.568783e-06
1.000000007599130e-02	-8.567808e-06
1.000000014989163e-02	-8.565868e-06
1.000000029769228e-02	-8.561990e-06
1.000000059329359e-02	-8.554213e-06
1.000000118449621e-02	-8.538533e-06
1.000000236690145e-02	-8.506692e-06
1.000000473171193e-02	-8.441859e-06
1.000000946133289e-02	-8.311316e-06
1.000001768512010e-02	-8.087610e-06
1.000002962941878e-02	-7.737809e-06
1.000005351801612e-02	-4.321719e-06
1.000010129521082e-02	1.420637e-06
1.000017107512809e-02	-4.991075e-06
1.000023641157216e-02	-1.233362e-05
1.000031640405013e-02	-1.631338e-05
1.000039247140321e-02	-1.909191e-05
1.000054460610937e-02	-2.301374e-05
1.000056509205748e-02	-2.343221e-05
1.000060606395368e-02	-2.415391e-05
1.000068800774609e-02	-2.560699e-05
1.000085189533090e-02	-2.849667e-05
1.000117967050053e-02	-3.383064e-05
1.000175612799541e-02	-4.156866e-05
1.000242101865658e-02	-4.831747e-05
1.000253900728738e-02	-4.912386e-05
1.000277498454898e-02	-5.002443e-05
1.000324693907220e-02	-5.097753e-05
1.000336492770300e-02	-5.103387e-05
1.000360090496460e-02	-5.091559e-05
1.000407285948781e-02	-5.061110e-05
1.000501676853423e-02	-4.993554e-05
1.000690458662707e-02	-4.860633e-05
1.001068022281275e-02	-4.645253e-05
1.001823149518411e-02	-4.374970e-05
1.002823149518411e-02	-4.195316e-05
1.003823149518411e-02	-4.103718e-05
1.004823149518411e-02	-4.028169e-05
1.005823149518411e-02	-3.931090e-05
1.006823149518411e-02	-3.804993e-05
1.007823149518411e-02	-3.669466e-05
1.008823149518411e-02	-3.536506e-05
1.009823149518411e-02	-3.405035e-05
1.010000000000000e-02	-3.380850e-05
1.010000000100000e-02	-3.380849e-05
1.010000001700000e-02	-3.380845e-05
1.010000004900000e-02	-3.380853e-05
1.010000011300000e-02	-3.380884e-05
1.010000024100000e-02	-3.380961e-05
1.010000049700000e-02	-3.381148e-05
1.010000100900000e-02	-3.381598e-05
1.010000203300000e-02	-3.382496e-05
1.010000408100000e-02	-3.383744e-05
1.010000817700000e-02	-3.384568e-05
1.010001636900000e-02	-3.384114e-05
1.010003275300001e-02	-3.382698e-05
1.010006552100002e-02	-3.381342e-05
1.010013105700003e-02	-3.380203e-05
1.010026212900006e-02	-3.378480e-05
1.010052427300013e-02	-3.375046e-05
1.010104856100025e-02	-3.368179e-05
1.010209713700050e-02	-3.354465e-05
1.010419428900100e-02	-3.327128e-05
1.010838859300201e-02	-3.272954e-05
1.011677720100402e-02	-3.166675e-05
1.012677720100402e-02	-3.044264e-05
1.013677720100402e-02	-2.929805e-05
1.014677720100401e-02	-2.825225e-05
1.015677720100402e-02	-2.724209e-05
1.016677720100402e-02	-2.585917e-05
1.017677720100402e-02	-2.387967e-05
1.018677720100401e-02	-2.216908e-05
1.019677720100402e-02	-2.233629e-05
1.020628398511358e-02	-2.367581e-05
1.021628398511358e-02	-2.429626e-05
1.022628398511358e-02	-2.425752e-05
1.023628398511358e-02	-2.417714e-05
1.024628398511358e-02	-2.404816e-05
1.025628398511358e-02	-2.389632e-05
1.026628398511358e-02	-2.372443e-05
1.027628398511358e-02	-2.353536e-05
1.028628398511358e-02	-2.333154e-05
1.029628398511358e-02	-2.311301e-05
1.030628398511358e-02	-2.287683e-05
1.031628398511358e-02	-2.260958e-05
1.032628398511358e-02	-2.224567e-05
1.033628398511358e-02	-2.165919e-05
1.034628398511358e-02	-2.118966e-05
1.035628398511358e-02	-2.099011e-05
1.036628398511358e-02	-2.076031e-05
1.037628398511358e-02	-2.011090e-05
1.038628398511358e-02	-1.910782e-05
1.039628398511358e-02	-1.852840e-05
1.040628398511358e-02	-1.812741e-05
1.041628398511358e-02	-1.683436e-05
1.042484828668301e-02	-1.566102e-05
1.043294709040270e-02	-1.381990e-05
1.044082414497654e-02	-1.097231e-05
1.045082414497654e-02	-9.184232e-06
1.046082414497653e-02	-8.749961e-06
1.047082414497653e-02	-7.986350e-06
1.048082414497654e-02	-7.260728e-06
1.049082414497654e-02	-6.577171e-06
1.050082414497653e-02	-5.932416e-06
1.051082414497653e-02	-5.325794e-06
1.052082414497653e-02	-4.807441e-06
1.053082414497654e-02	-4.340593e-06
1.054082414497653e-02	-3.913609e-06
1.055082414497653e-02	-3.598640e-06
1.056082414497653e-02	-3.311864e-06
1.057082414497654e-02	-3.056056e-06
1.058082414497654e-02	-2.836409e-06
1.059082414497653e-02	-2.651599e-06
1.060082414497653e-02	-2.494671e-06
1.061082414497654e-02	-2.356973e-06
1.062082414497654e-02	-2.231608e-06
1.063082414497653e-02	-2.116361e-06
1.064082414497653e-02	-2.008282e-06
1.065082414497653e-02	-1.909698e-06
1.066082414497654e-02	-1.814714e-06
1.067082414497653e-02	-1.730709e-06
1.068082414497653e-02	-1.647908e-06
1.069082414497653e-02	-1.575660e-06
1.070082414497654e-02	-1.503828e-06
1.071082414497653e-02	-1.443135e-06
1.072082414497653e-02	-1.378035e-06
1.073082414497653e-02	-1.327959e-06
1.074082414497654e-02	-1.272227e-06
1.075082414497654e-02	-1.226901e-06
1.076082414497653e-02	-1.188582e-06
1.077082414497653e-02	-1.139631e-06
1.078082414497654e-02	-1.113560e-06
1.079082414497654e-02	-1.076143e-06
1.080082414497653e-02	-1.047795e-06
1.081082414497653e-02	-1.022254e-06
1.082082414497653e-02	-1.000958e-06
1.083082414497654e-02	-9.825542e-07
1.084082414497653e-02	-9.688811e-07
1.085082414497653e-02	-9.593421e-07
1.086082414497653e-02	-9.568316e-07
1.087082414497654e-02	-9.612476e-07
1.088082414497653e-02	-9.741636e-07
1.089082414497653e-02	-9.893564e-07
1.090082414497653e-02	-9.951669e-07
1.091082414497654e-02	-9.815353e-07
1.092082414497654e-02	-9.537888e-07
1.093082414497653e-02	-9.207463e-07
1.094082414497653e-02	-8.892796e-07
1.095082414497654e-02	-8.606115e-07
1.096082414497654e-02	-8.357913e-07
1.097082414497653e-02	-8.138750e-07
1.098082414497653e-02	-7.952198e-07
1.099082414497653e-02	-7.790406e-07
1.100000000100000e-02	-9.166022e-07
1.100000000200000e-02	-9.166012e-07
1.100000001800000e-02	-9.165349e-07
1.100000005000000e-02	-9.163336e-07
1.100000011400000e-02	-9.159395e-07
1.100000024200000e-02	-9.151636e-07
1.100000049800000e-02	-9.134425e-07
1.100000101000000e-02	-9.087251e-07
1.100000203400000e-02	-8.947337e-07
1.100000408200000e-02	-8.599366e-07
1.100000817800000e-02	-7.977645e-07
1.100001637000000e-02	-7.245573e-07
1.100003275400001e-02	-6.770098e-07
1.100006552200002e-02	-6.781248e-07
1.100013105800003e-02	-7.113518e-07
1.100026213000006e-02	-7.444029e-07
1.100052427400013e-02	-7.617804e-07
1.100095746065785e-02	-7.645475e-07
1.100182383397330e-02	-7.631758e-07
1.100355658060420e-02	-7.611106e-07
1.100702207386599e-02	-7.570410e-07
1.101395306038959e-02	-7.496372e-07
1.102395306038959e-02	-7.401953e-07
1.103395306038958e-02	-7.321489e-07
1.104395306038958e-02	-7.254563e-07
1.105395306038959e-02	-7.199603e-07
1.106395306038959e-02	-7.155202e-07
1.107395306038958e-02	-7.118823e-07
1.108395306038958e-02	-7.083823e-07
1.109395306038959e-02	-7.041385e-07
1.110395306038959e-02	-6.986830e-07
1.111395306038959e-02	-6.920664e-07
1.112395306038958e-02	-6.845814e-07
1.113395306038958e-02	-6.766134e-07
1.114395306038959e-02	-6.685564e-07
1.115395306038959e-02	-6.607996e-07
1.116395306038958e-02	-6.536071e-07
1.117395306038958e-02	-6.469659e-07
1.118395306038959e-02	-6.407312e-07
1.119395306038959e-02	-6.348113e-07
1.120395306038958e-02	-6.291707e-07
1.121395306038958e-02	-6.238073e-07
1.122395306038959e-02	-6.187361e-07
1.123395306038959e-02	-6.139792e-07
1.124395306038958e-02	-6.095570e-07
1.125395306038958e-02	-6.054830e-07
1.126395306038958e-02	-6.017606e-07
1.127395306038959e-02	-5.983834e-07
1.128395306038959e-02	-5.953359e-07
1.129395306038958e-02	-5.925961e-07
1.130395306038958e-02	-5.901374e-07
1.131395306038959e-02	-5.879315e-07
1.132395306038959e-02	-5.859495e-07
1.133395306038958e-02	-5.841637e-07
1.134395306038958e-02	-5.825477e-07
1.135395306038959e-02	-5.810779e-07
1.136395306038959e-02	-5.797324e-07
1.137395306038958e-02	-5.784922e-07
1.138395306038958e-02	-5.773400e-07
1.139395306038959e-02	-5.762612e-07
1.140395306038959e-02	-5.752426e-07
1.141395306038958e-02	-5.742730e-07
1.142395306038958e-02	-5.733428e-07
1.143395306038958e-02	-5.724436e-07
1.144395306038959e-02	-5.715682e-07
1.145395306038959e-02	-5.707107e-07
1.146395306038958e-02	-5.698656e-07
1.147395306038958e-02	-5.690288e-07
1.148395306038959e-02	-5.681965e-07
1.149395306038959e-02	-5.673656e-07
1.150395306038958e-02	-5.665336e-07
1.151395306038958e-02	-5.656982e-07
1.152395306038959e-02	-5.648577e-07
1.153395306038959e-02	-5.640106e-07
1.154395306038958e-02	-5.631557e-07
1.155395306038958e-02	-5.622923e-07
1.156395306038959e-02	-5.614193e-07
1.157395306038959e-02	-5.605365e-07
1.158395306038958e-02	-5.596432e-07
1.159395306038958e-02	-5.587393e-07
1.160395306038958e-02	-5.578245e-07
1.161395306038959e-02	-5.568988e-07
1.162395306038959e-02	-5.559621e-07
1.163395306038958e-02	-5.550145e-07
1.164395306038958e-02	-5.540561e-07
1.165395306038959e-02	-5.530870e-07
1.166395306038959e-02	-5.521075e-07
1.167395306038958e-02	-5.511177e-07
1.168395306038958e-02	-5.501178e-07
1.169395306038959e-02	-5.491082e-07
1.170395306038959e-02	-5.480890e-07
1.171395306038958e-02	-5.470607e-07
1.172395306038958e-02	-5.460233e-07
1.173395306038959e-02	-5.449774e-07
1.174395306038959e-02	-5.439232e-07
1.175395306038958e-02	-5.428609e-07
1.176395306038958e-02	-5.417909e-07
1.177395306038958e-02	-5.407136e-07
1.178395306038959e-02	-5.396292e-07
1.179395306038959e-02	-5.385380e-07
1.180395306038958e-02	-5.374403e-07
1.181395306038958e-02	-5.363365e-07
1.182395306038959e-02	-5.352268e-07
1.183395306038959e-02	-5.341117e-07
1.184395306038958e-02	-5.329912e-07
1.185395306038958e-02	-5.318657e-07
1.186395306038959e-02	-5.307356e-07
1.187395306038959e-02	-5.296010e-07
1.188395306038958e-02	-5.284623e-07
1.189395306038958e-02	-5.273197e-07
1.190395306038958e-02	-5.261735e-07
1.191395306038959e-02	-5.250239e-07
1.192395306038958e-02	-5.238712e-07
1.193395306038958e-02	-5.227157e-07
1.194395306038958e-02	-5.215575e-07
1.195395306038959e-02	-5.203970e-07
1.196395306038959e-02	-5.488704e-07
1.197395306038958e-02	-6.492663e-07
1.198395306038958e-02	-7.619328e-07
1.199395306038959e-02	-8.262757e-07
1.200395306038959e-02	-8.713582e-07
1.201395306038958e-02	-9.070719e-07
1.202395306038958e-02	-9.338122e-07
1.203395306038959e-02	-9.539001e-07
1.204395306038959e-02	-9.681644e-07
1.205395306038958e-02	-9.785625e-07
1.206395306038958e-02	-9.849875e-07
1.207395306038958e-02	-9.888975e-07
1.208395306038959e-02	-9.902634e-07
1.209395306038958e-02	-9.900644e-07
1.210395306038958e-02	-9.882493e-07
1.211395306038958e-02	-9.854668e-07
1.212395306038959e-02	-9.816965e-07
1.213395306038959e-02	-9.773585e-07
1.214395306038958e-02	-9.724472e-07
1.215395306038958e-02	-9.672329e-07
1.216395306038959e-02	-9.617183e-07
1.217395306038959e-02	-9.560761e-07
1.218395306038958e-02	-9.503113e-07
1.219395306038958e-02	-9.445336e-07
1.220395306038959e-02	-9.387481e-07
1.221395306038959e-02	-9.330234e-07
1.222395306038958e-02	-1.039358e-06
1.223395306038958e-02	-1.377382e-06
1.224395306038958e-02	-1.682077e-06
1.225395306038959e-02	-1.757449e-06
1.226395306038959e-02	-1.781757e-06
1.227395306038958e-02	-1.803311e-06
1.228395306038958e-02	-1.809173e-06
1.229395306038959e-02	-1.816711e-06
1.230395306038959e-02	-1.818056e-06
1.231395306038958e-02	-1.820329e-06
1.232395306038958e-02	-1.820365e-06
1.233395306038959e-02	-1.820721e-06
1.234395306038959e-02	-1.820267e-06
1.235395306038958e-02	-1.819945e-06
1.236395306038958e-02	-1.819475e-06
1.237395306038959e-02	-1.818998e-06
1.238395306038959e-02	-1.818458e-06
1.239395306038958e-02	-1.817949e-06
1.240395306038958e-02	-1.817457e-06
1.241395306038958e-02	-1.816985e-06
1.242395306038959e-02	-1.816552e-06
1.243395306038959e-02	-1.816136e-06
1.244395306038958e-02	-1.815761e-06
1.245395306038958e-02	-1.815402e-06
1.246395306038959e-02	-1.815079e-06
1.247395306038959e-02	-1.814771e-06
1.248395306038958e-02	-1.814495e-06
1.249395306038958e-02	-1.814233e-06
1.250395306038959e-02	-1.813997e-06
1.251395306038959e-02	-1.813775e-06
1.252395306038958e-02	-1.813575e-06
1.253395306038958e-02	-1.813387e-06
1.254395306038958e-02	-1.813218e-06
1.255395306038959e-02	-1.813059e-06
1.256395306038958e-02	-1.812917e-06
1.257395306038958e-02	-1.812783e-06
1.258395306038958e-02	-1.812664e-06
1.259395306038959e-02	-1.812553e-06
1.260395306038959e-02	-1.812454e-06
1.261395306038958e-02	-1.812362e-06
1.262395306038958e-02	-1.812279e-06
1.263395306038959e-02	-1.812204e-06
1.264395306038959e-02	-1.812137e-06
1.265395306038958e-02	-1.812075e-06
1.266395306038958e-02	-1.812020e-06
1.267395306038959e-02	-1.811971e-06
1.268395306038959e-02	-1.811928e-06
1.269395306038958e-02	-1.811888e-06
1.270395306038958e-02	-1.811855e-06
1.271395306038958e-02	-1.811824e-06
1.272395306038959e-02	-1.811799e-06
1.273395306038958e-02	-1.811776e-06
1.274395306038958e-02	-1.811758e-06
1.275395306038958e-02	-1.811742e-06
1.276395306038959e-02	-1.811729e-06
1.277395306038959e-02	-1.811719e-06
1.278395306038958e-02	-1.811711e-06
1.279395306038958e-02	-1.811706e-06
1.280395306038959e-02	-1.811703e-06
1.281395306038959e-02	-1.811701e-06
1.282395306038958e-02	-1.811702e-06
1.283395306038958e-02	-1.811704e-06
1.284395306038959e-02	-1.811708e-06
1.285395306038959e-02	-1.811713e-06
1.286395306038958e-02	-1.811719e-06
1.287395306038958e-02	-1.811727e-06
1.288395306038958e-02	-1.811735e-06
1.289395306038959e-02	-1.811745e-06
1.290395306038958e-02	-1.811755e-06
1.291395306038958e-02	-1.811767e-06
1.292395306038958e-02	-1.811779e-06
1.293395306038959e-02	-1.811791e-06
1.294395306038959e-02	-1.811805e-06
1.295395306038958e-02	-1.811818e-06
1.296395306038958e-02	-1.811833e-06
1.297395306038959e-02	-1.811848e-06
1.298395306038959e-02	-1.811863e-06
1.299395306038958e-02	-1.811878e-06
1.300395306038958e-02	-1.811894e-06
1.301395306038959e-02	-1.811910e-06
1.302395306038959e-02	-1.811926e-06
1.303395306038958e-02	-1.811943e-06
1.304395306038958e-02	-1.811960e-06
1.305395306038958e-02	-1.811977e-06
1.306395306038959e-02	-1.811993e-06
1.307395306038958e-02	-1.812011e-06
1.308395306038958e-02	-1.812028e-06
1.309395306038958e-02	-1.812045e-06
1.310395306038959e-02	-1.812062e-06
1.311395306038959e-02	-1.812079e-06
1.312395306038958e-02	-1.812096e-06
1.313395306038958e-02	-1.812114e-06
1.314395306038959e-02	-1.812131e-06
1.315395306038959e-02	-1.812148e-06
1.316395306038958e-02	-1.812165e-06
1.317395306038958e-02	-1.812182e-06
1.318395306038958e-02	-1.812199e-06
1.319395306038959e-02	-1.812215e-06
1.320395306038958e-02	-1.812232e-06
1.321395306038958e-02	-1.812249e-06
1.322395306038958e-02	-1.812265e-06
1.323395306038959e-02	-1.812282e-06
1.324395306038958e-02	-1.812298e-06
1.325395306038958e-02	-1.812314e-06
1.326395306038958e-02	-1.812330e-06
1.327395306038959e-02	-1.812346e-06
1.328395306038959e-02	-1.812362e-06
1.329395306038958e-02	-1.812378e-06
1.330395306038958e-02	-1.812393e-06
1.331395306038959e-02	-1.812409e-06
1.332395306038959e-02	-1.812424e-06
1.333395306038958e-02	-1.812439e-06
1.334395306038958e-02	-1.812454e-06
1.335395306038958e-02	-1.812468e-06
1.336395306038959e-02	-1.812483e-06
1.337395306038958e-02	-1.812497e-06
1.338395306038958e-02	-1.812512e-06
1.339395306038958e-02	-1.812526e-06
1.340395306038959e-02	-1.812540e-06
1.341395306038958e-02	-1.812554e-06
1.342395306038958e-02	-1.812568e-06
1.343395306038958e-02	-1.812581e-06
1.344395306038959e-02	-1.812595e-06
1.345395306038959e-02	-1.812608e-06
1.346395306038958e-02	-1.812621e-06
1.347395306038958e-02	-1.812634e-06
1.348395306038959e-02	-1.812647e-06
1.349395306038959e-02	-1.812659e-06
1.350395306038958e-02	-1.812672e-06
1.351395306038958e-02	-1.812684e-06
1.352395306038958e-02	-1.812696e-06
1.353395306038959e-02	-1.812708e-06
1.354395306038958e-02	-1.812720e-06
1.355395306038958e-02	-1.812732e-06
1.356395306038958e-02	-1.812744e-06
1.357395306038959e-02	-1.812755e-06
1.358395306038958e-02	-1.812766e-06
1.359395306038958e-02	-1.812778e-06
1.360395306038958e-02	-1.812789e-06
1.361395306038959e-02	-1.812800e-06
1.362395306038959e-02	-1.812811e-06
1.363395306038958e-02	-1.812821e-06
1.364395306038958e-02	-1.812832e-06
1.365395306038959e-02	-1.812842e-06
1.366395306038959e-02	-1.812852e-06
1.367395306038958e-02	-1.812862e-06
1.368395306038958e-02	-1.812873e-06
1.369395306038958e-02	-1.812882e-06
1.370395306038959e-02	-1.812892e-06
1.371395306038958e-02	-1.812902e-06
1.372395306038958e-02	-1.812911e-06
1.373395306038958e-02	-1.812921e-06
1.374395306038959e-02	-1.812930e-06
1.375395306038959e-02	-1.812939e-06
1.376395306038958e-02	-1.812948e-06
1.377395306038958e-02	-1.812957e-06
1.378395306038959e-02	-1.812966e-06
1.379395306038959e-02	-1.812975e-06
1.380395306038958e-02	-1.812983e-06
1.381395306038958e-02	-1.812992e-06
1.382395306038958e-02	-1.813000e-06
1.383395306038959e-02	-1.813008e-06
1.384395306038958e-02	-1.813017e-06
1.385395306038958e-02	-1.813025e-06
1.386395306038958e-02	-1.813033e-06
1.387395306038959e-02	-1.813041e-06
1.388395306038958e-02	-1.813048e-06
1.389395306038958e-02	-1.813056e-06
1.390395306038958e-02	-1.813064e-06
1.391395306038959e-02	-1.813071e-06
1.392395306038959e-02	-1.813078e-06
1.393395306038958e-02	-1.813086e-06
1.394395306038958e-02	-1.813093e-06
1.395395306038959e-02	-1.813100e-06
1.396395306038959e-02	-1.813107e-06
1.397395306038958e-02	-1.813114e-06
1.398395306038958e-02	-1.813121e-06
1.399395306038958e-02	-1.813127e-06
1.400395306038959e-02	-1.813134e-06
1.401395306038958e-02	-1.813141e-06
1.402395306038958e-02	-1.813147e-06
1.403395306038958e-02	-1.813153e-06
1.404395306038959e-02	-1.813160e-06
1.405395306038958e-02	-1.813166e-06
1.406395306038958e-02	-1.813172e-06
1.407395306038958e-02	-1.813178e-06
1.408395306038959e-02	-1.813184e-06
1.409395306038959e-02	-1.813190e-06
1.410395306038958e-02	-1.813196e-06
1.411395306038958e-02	-1.813202e-06
1.412395306038959e-02	-1.813207e-06
1.413395306038959e-02	-1.813213e-06
1.414395306038958e-02	-1.813219e-06
1.415395306038958e-02	-1.813224e-06
1.416395306038958e-02	-1.813229e-06
1.417395306038959e-02	-1.813235e-06
1.418395306038958e-02	-1.813240e-06
1.419395306038958e-02	-1.813245e-06
1.420395306038958e-02	-1.813250e-06
1.421395306038959e-02	-1.813255e-06
1.422395306038958e-02	-1.813260e-06
1.423395306038958e-02	-1.813265e-06
1.424395306038958e-02	-1.813270e-06
1.425395306038959e-02	-1.813275e-06
1.426395306038959e-02	-1.813280e-06
1.427395306038958e-02	-1.813284e-06
1.428395306038958e-02	-1.813289e-06
1.429395306038959e-02	-1.813294e-06
1.430395306038959e-02	-1.813298e-06
1.431395306038958e-02	-1.813303e-06
1.432395306038958e-02	-1.813307e-06
1.433395306038958e-02	-1.813311e-06
1.434395306038959e-02	-1.813316e-06
1.435395306038958e-02	-1.813320e-06
1.436395306038958e-02	-1.813324e-06
1.437395306038958e-02	-1.813328e-06
1.438395306038959e-02	-1.813332e-06
1.439395306038958e-02	-1.813336e-06
1.440395306038958e-02	-1.813340e-06
1.441395306038958e-02	-1.813344e-06
1.442395306038959e-02	-1.813348e-06
1.443395306038959e-02	-1.813352e-06
1.444395306038958e-02	-1.813356e-06
1.445395306038958e-02	-1.813359e-06
1.446395306038958e-02	-1.813363e-06
1.447395306038959e-02	-1.813366e-06
1.448395306038958e-02	-1.813370e-06
1.449395306038958e-02	-1.813374e-06
1.450395306038958e-02	-1.813377e-06
1.451395306038959e-02	-1.813380e-06
1.452395306038958e-02	-1.813384e-06
1.453395306038958e-02	-1.813387e-06
1.454395306038958e-02	-1.813391e-06
1.455395306038959e-02	-1.813394e-06
1.456395306038958e-02	-1.813397e-06
1.457395306038958e-02	-1.813400e-06
1.458395306038958e-02	-1.813403e-06
1.459395306038959e-02	-1.813406e-06
1.460395306038959e-02	-1.813409e-06
1.461395306038958e-02	-1.813412e-06
1.462395306038958e-02	-1.813415e-06
1.463395306038958e-02	-1.813418e-06
1.464395306038959e-02	-1.813421e-06
1.465395306038958e-02	-1.813424e-06
1.466395306038958e-02	-1.813427e-06
1.467395306038958e-02	-1.813430e-06
1.468395306038959e-02	-1.813433e-06
1.469395306038958e-02	-1.813435e-06
1.470395306038958e-02	-1.813438e-06
1.471395306038958e-02	-1.813441e-06
1.472395306038959e-02	-1.813443e-06
1.473395306038958e-02	-1.813446e-06
1.474395306038958e-02	-1.813448e-06
1.475395306038958e-02	-1.813451e-06
1.476395306038959e-02	-1.813453e-06
1.477395306038959e-02	-1.813456e-06
1.478395306038958e-02	-1.813458e-06
1.479395306038958e-02	-1.813461e-06
1.480395306038958e-02	-1.813463e-06
1.481395306038959e-02	-1.813465e-06
1.482395306038958e-02	-1.813468e-06
1.483395306038958e-02	-1.813470e-06
1.484395306038958e-02	-1.813472e-06
1.485395306038959e-02	-1.813474e-06
1.486395306038958e-02	-1.813476e-06
1.487395306038958e-02	-1.813479e-06
1.488395306038958e-02	-1.813481e-06
1.489395306038959e-02	-1.813483e-06
1.490395306038958e-02	-1.813485e-06
1.491395306038958e-02	-1.813487e-06
1.492395306038958e-02	-1.813489e-06
1.493395306038959e-02	-1.813491e-06
1.494395306038959e-02	-1.813493e-06
1.495395306038958e-02	-1.813495e-06
1.496395306038958e-02	-1.813497e-06
1.497395306038958e-02	-1.813499e-06
1.498395306038959e-02	-1.813501e-06
1.499395306038958e-02	-1.813502e-06
1.500395306038958e-02	-1.813504e-06
1.501395306038958e-02	-1.813506e-06
1.502395306038959e-02	-1.813508e-06
1.503395306038958e-02	-1.813509e-06
1.504395306038958e-02	-1.813511e-06
1.505395306038958e-02	-1.813513e-06
1.506395306038959e-02	-1.813515e-06
1.507395306038959e-02	-1.813516e-06
1.508395306038958e-02	-1.813518e-06
1.509395306038958e-02	-1.813520e-06
1.510395306038958e-02	-1.813521e-06
1.511395306038959e-02	-1.813523e-06
1.512395306038958e-02	-1.813524e-06
1.513395306038958e-02	-1.813526e-06
1.514395306038958e-02	-1.813527e-06
1.515395306038959e-02	-1.813529e-06
1.516395306038958e-02	-1.813530e-06
1.517395306038958e-02	-1.813532e-06
1.518395306038958e-02	-1.813533e-06
1.519395306038959e-02	-1.813535e-06
1.520395306038958e-02	-1.813536e-06
1.521395306038958e-02	-1.813537e-06
1.522395306038958e-02	-1.813539e-06
1.523395306038959e-02	-1.813540e-06
1.524395306038959e-02	-1.813542e-06
1.525395306038958e-02	-1.813543e-06
1.526395306038958e-02	-1.813544e-06
1.527395306038958e-02	-1.813545e-06
1.528395306038959e-02	-1.813547e-06
1.529395306038958e-02	-1.813548e-06
1.530395306038958e-02	-1.813549e-06
1.531395306038958e-02	-1.813550e-06
1.532395306038959e-02	-1.813552e-06
1.533395306038958e-02	-1.813553e-06
1.534395306038958e-02	-1.813554e-06
1.535395306038958e-02	-1.813555e-06
1.536395306038959e-02	-1.813556e-06
1.537395306038958e-02	-1.813557e-06
1.538395306038958e-02	-1.813558e-06
1.539395306038958e-02	-1.813559e-06
1.540395306038959e-02	-1.813561e-06
1.541395306038959e-02	-1.813562e-06
1.542395306038958e-02	-1.813563e-06
1.543395306038958e-02	-1.813564e-06
1.544395306038958e-02	-1.813565e-06
1.545395306038959e-02	-1.813566e-06
1.546395306038958e-02	-1.813567e-06
1.547395306038958e-02	-1.813568e-06
1.548395306038958e-02	-1.813569e-06
1.549395306038959e-02	-1.813570e-06
1.550395306038958e-02	-1.813571e-06
1.551395306038958e-02	-1.813572e-06
1.552395306038958e-02	-1.813573e-06
1.553395306038959e-02	-1.813573e-06
1.554395306038958e-02	-1.813574e-06
1.555395306038958e-02	-1.813575e-06
1.556395306038958e-02	-1.813576e-06
1.557395306038959e-02	-1.813577e-06
1.558395306038959e-02	-1.813578e-06
1.559395306038958e-02	-1.813579e-06
1.560395306038958e-02	-1.813580e-06
1.561395306038958e-02	-1.813580e-06
1.562395306038959e-02	-1.813581e-06
1.563395306038958e-02	-1.813582e-06
1.564395306038958e-02	-1.813583e-06
1.565395306038958e-02	-1.813584e-06
1.566395306038958e-02	-1.813585e-06
1.567395306038958e-02	-1.813585e-06
1.568395306038959e-02	-1.813586e-06
1.569395306038959e-02	-1.813587e-06
1.570395306038959e-02	-1.813587e-06
1.571395306038958e-02	-1.813588e-06
1.572395306038958e-02	-1.813589e-06
1.573395306038958e-02	-1.813590e-06
1.574395306038958e-02	-1.813590e-06
1.575395306038958e-02	-1.813591e-06
1.576395306038958e-02	-1.813592e-06
1.577395306038959e-02	-1.813592e-06
1.578395306038959e-02	-1.813593e-06
1.579395306038959e-02	-1.813594e-06
1.580395306038958e-02	-1.813594e-06
1.581395306038958e-02	-1.813595e-06
1.582395306038958e-02	-1.813596e-06
1.583395306038958e-02	-1.813596e-06
1.584395306038958e-02	-1.813597e-06
1.585395306038959e-02	-1.813597e-06
1.586395306038959e-02	-1.813598e-06
1.587395306038959e-02	-1.813599e-06
1.588395306038958e-02	-1.813599e-06
1.589395306038958e-02	-1.813600e-06
1.590395306038958e-02	-1.813600e-06
1.591395306038958e-02	-1.813601e-06
1.592395306038958e-02	-1.813601e-06
1.593395306038958e-02	-1.813602e-06
1.594395306038959e-02	-1.813602e-06
1.595395306038959e-02	-1.813603e-06
1.596395306038959e-02	-1.813604e-06
1.597395306038958e-02	-1.813604e-06
1.598395306038958e-02	-1.813605e-06
1.599395306038958e-02	-1.813605e-06
1.600395306038958e-02	-1.813606e-06
1.601395306038958e-02	-1.813606e-06
1.602395306038959e-02	-1.813607e-06
1.603395306038959e-02	-1.813607e-06
1.604395306038959e-02	-1.813607e-06
1.605395306038958e-02	-1.813608e-06
1.606395306038958e-02	-1.813608e-06
1.607395306038958e-02	-1.813609e-06
1.608395306038958e-02	-1.813609e-06
1.609395306038958e-02	-1.813610e-06
1.610395306038958e-02	-1.813610e-06
1.611395306038959e-02	-1.813611e-06
1.612395306038959e-02	-1.813611e-06
1.613395306038959e-02	-1.813612e-06
1.614395306038958e-02	-1.813612e-06
1.615395306038958e-02	-1.813612e-06
1.616395306038958e-02	-1.813613e-06
1.617395306038958e-02	-1.813613e-06
1.618395306038958e-02	-1.813614e-06
1.619395306038959e-02	-1.813614e-06
1.620395306038959e-02	-1.813614e-06
1.621395306038959e-02	-1.813615e-06
1.622395306038958e-02	-1.813615e-06
1.623395306038958e-02	-1.813615e-06
1.624395306038958e-02	-1.813616e-06
1.625395306038958e-02	-1.813616e-06
1.626395306038958e-02	-1.813617e-06
1.627395306038958e-02	-1.813617e-06
1.628395306038959e-02	-1.813617e-06
1.629395306038959e-02	-1.813618e-06
1.630395306038959e-02	-1.813618e-06
1.631395306038958e-02	-1.813618e-06
1.632395306038958e-02	-1.813619e-06
1.633395306038958e-02	-1.813619e-06
1.634395306038958e-02	-1.813619e-06
1.635395306038958e-02	-1.813620e-06
1.636395306038959e-02	-1.813620e-06
1.637395306038959e-02	-1.813620e-06
1.638395306038959e-02	-1.813620e-06
1.639395306038958e-02	-1.813621e-06
1.640395306038958e-02	-1.813621e-06
1.641395306038958e-02	-1.813621e-06
1.642395306038958e-02	-1.813622e-06
1.643395306038958e-02	-1.813622e-06
1.644395306038958e-02	-1.813622e-06
1.645395306038959e-02	-1.813622e-06
1.646395306038959e-02	-1.813623e-06
1.647395306038959e-02	-1.813623e-06
1.648395306038958e-02	-1.813623e-06
1.649395306038958e-02	-1.813624e-06
1.650395306038958e-02	-1.813624e-06
1.651395306038958e-02	-1.813624e-06
1.652395306038958e-02	-1.813624e-06
1.653395306038959e-02	-1.813625e-06
1.654395306038959e-02	-1.813625e-06
1.655395306038959e-02	-1.813625e-06
1.656395306038959e-02	-1.813625e-06
1.657395306038958e-02	-1.813626e-06
1.658395306038958e-02	-1.813626e-06
1.659395306038958e-02	-1.813626e-06
1.660395306038958e-02	-1.813626e-06
1.661395306038958e-02	-1.813627e-06
1.662395306038959e-02	-1.813627e-06
1.663395306038959e-02	-1.813627e-06
1.664395306038959e-02	-1.813627e-06
1.665395306038958e-02	-1.813627e-06
1.666395306038958e-02	-1.813628e-06
1.667395306038958e-02	-1.813628e-06
1.668395306038958e-02	-1.813628e-06
1.669395306038958e-02	-1.813628e-06
1.670395306038958e-02	-1.813628e-06
1.671395306038959e-02	-1.813629e-06
1.672395306038959e-02	-1.813629e-06
1.673395306038959e-02	-1.813629e-06
1.674395306038958e-02	-1.813629e-06
1.675395306038958e-02	-1.813629e-06
1.676395306038958e-02	-1.813630e-06
1.677395306038958e-02	-1.813630e-06
1.678395306038958e-02	-1.813630e-06
1.679395306038959e-02	-1.813630e-06
1.680395306038959e-02	-1.813630e-06
1.681395306038959e-02	-1.813630e-06
1.682395306038958e-02	-1.813631e-06
1.683395306038958e-02	-1.813631e-06
1.684395306038958e-02	-1.813631e-06
1.685395306038958e-02	-1.813631e-06
1.686395306038958e-02	-1.813631e-06
1.687395306038958e-02	-1.813632e-06
1.688395306038959e-02	-1.813632e-06
1.689395306038959e-02	-1.813632e-06
1.690395306038959e-02	-1.813632e-06
1.691395306038958e-02	-1.813632e-06
1.692395306038958e-02	-1.813632e-06
1.693395306038958e-02	-1.813632e-06
1.694395306038958e-02	-1.813633e-06
1.695395306038958e-02	-1.813633e-06
1.696395306038959e-02	-1.813633e-06
1.697395306038959e-02	-1.813633e-06
1.698395306038959e-02	-1.813633e-06
1.699395306038958e-02	-1.813633e-06
1.700395306038958e-02	-1.813633e-06
1.701395306038958e-02	-1.813634e-06
1.702395306038958e-02	-1.813634e-06
1.703395306038958e-02	-1.813634e-06
1.704395306038958e-02	-1.813634e-06
1.705395306038959e-02	-1.813634e-06
1.706395306038959e-02	-1.813634e-06
1.707395306038959e-02	-1.813634e-06
1.708395306038958e-02	-1.813634e-06
1.709395306038958e-02	-1.813635e-06
1.710395306038958e-02	-1.813635e-06
1.711395306038958e-02	-1.813635e-06
1.712395306038958e-02	-1.813635e-06
1.713395306038959e-02	-1.813635e-06
1.714395306038959e-02	-1.813635e-06
1.715395306038959e-02	-1.813635e-06
1.716395306038958e-02	-1.813635e-06
1.717395306038958e-02	-1.813635e-06
1.718395306038958e-02	-1.813636e-06
1.719395306038958e-02	-1.813636e-06
1.720395306038958e-02	-1.813636e-06
1.721395306038958e-02	-1.813636e-06
1.722395306038959e-02	-1.813636e-06
1.723395306038959e-02	-1.813636e-06
1.724395306038959e-02	-1.813636e-06
1.725395306038958e-02	-1.813636e-06
1.726395306038958e-02	-1.813636e-06
1.727395306038958e-02	-1.813637e-06
1.728395306038958e-02	-1.813637e-06
1.729395306038958e-02	-1.813637e-06
1.730395306038959e-02	-1.813637e-06
1.731395306038959e-02	-1.813637e-06
1.732395306038959e-02	-1.813637e-06
1.733395306038958e-02	-1.813637e-06
1.734395306038958e-02	-1.813637e-06
1.735395306038958e-02	-1.813637e-06
1.736395306038958e-02	-1.813637e-06
1.737395306038958e-02	-1.813637e-06
1.738395306038958e-02	-1.813637e-06
1.739395306038959e-02	-1.813638e-06
1.740395306038959e-02	-1.813638e-06
1.741395306038959e-02	-1.813638e-06
1.742395306038958e-02	-1.813638e-06
1.743395306038958e-02	-1.813638e-06
1.744395306038958e-02	-1.813638e-06
1.745395306038958e-02	-1.813638e-06
1.746395306038958e-02	-1.813638e-06
1.747395306038959e-02	-1.813638e-06
1.748395306038959e-02	-1.813638e-06
1.749395306038959e-02	-1.813638e-06
1.750395306038958e-02	-1.813638e-06
1.751395306038958e-02	-1.813639e-06
1.752395306038958e-02	-1.813639e-06
1.753395306038958e-02	-1.813639e-06
1.754395306038958e-02	-1.813639e-06
1.755395306038958e-02	-1.813639e-06
1.756395306038959e-02	-1.813639e-06
1.757395306038959e-02	-1.813639e-06
1.758395306038959e-02	-1.813639e-06
1.759395306038958e-02	-1.813639e-06
1.760395306038958e-02	-1.813639e-06
1.761395306038958e-02	-1.813639e-06
1.762395306038958e-02	-1.813639e-06
1.763395306038958e-02	-1.813639e-06
1.764395306038959e-02	-1.813639e-06
1.765395306038959e-02	-1.813639e-06
1.766395306038959e-02	-1.813640e-06
1.767395306038958e-02	-1.813640e-06
1.768395306038958e-02	-1.813640e-06
1.769395306038958e-02	-1.813640e-06
1.770395306038958e-02	-1.813640e-06
1.771395306038958e-02	-1.813640e-06
1.772395306038958e-02	-1.813640e-06
1.773395306038959e-02	-1.813640e-06
1.774395306038959e-02	-1.813640e-06
1.775395306038959e-02	-1.813640e-06
1.776395306038958e-02	-1.813640e-06
1.777395306038958e-02	-1.813640e-06
1.778395306038958e-02	-1.813640e-06
1.779395306038958e-02	-1.813640e-06
1.780395306038958e-02	-1.813640e-06
1.781395306038959e-02	-1.813640e-06
1.782395306038959e-02	-1.813640e-06
1.783395306038959e-02	-1.813640e-06
1.784395306038958e-02	-1.813640e-06
1.785395306038958e-02	-1.813640e-06
1.786395306038958e-02	-1.813640e-06
1.787395306038958e-02	-1.813641e-06
1.788395306038958e-02	-1.813641e-06
1.789395306038958e-02	-1.813641e-06
1.790395306038959e-02	-1.813641e-06
1.791395306038959e-02	-1.813641e-06
1.792395306038959e-02	-1.813641e-06
1.793395306038958e-02	-1.813641e-06
1.794395306038958e-02	-1.813641e-06
1.795395306038958e-02	-1.813641e-06
1.796395306038958e-02	-1.813641e-06
1.797395306038958e-02	-1.813641e-06
1.798395306038958e-02	-1.813641e-06
1.799395306038959e-02	-1.813641e-06
1.800395306038959e-02	-1.813641e-06
1.801395306038958e-02	-1.813641e-06
1.802395306038958e-02	-1.813641e-06
1.803395306038958e-02	-1.813641e-06
1.804395306038958e-02	-1.813641e-06
1.805395306038958e-02	-1.813641e-06
1.806395306038958e-02	-1.813641e-06
1.807395306038959e-02	-1.813641e-06
1.808395306038959e-02	-1.813641e-06
1.809395306038959e-02	-1.813641e-06
1.810395306038958e-02	-1.813641e-06
1.811395306038958e-02	-1.813641e-06
1.812395306038958e-02	-1.813641e-06
1.813395306038958e-02	-1.813641e-06
1.814395306038958e-02	-1.813642e-06
1.815395306038958e-02	-1.813642e-06
1.816395306038959e-02	-1.813642e-06
1.817395306038959e-02	-1.813642e-06
1.818395306038958e-02	-1.813642e-06
1.819395306038958e-02	-1.813642e-06
1.820395306038958e-02	-1.813642e-06
1.821395306038958e-02	-1.813642e-06
1.822395306038958e-02	-1.813642e-06
1.823395306038958e-02	-1.813642e-06
1.824395306038959e-02	-1.813642e-06
1.825395306038959e-02	-1.813642e-06
1.826395306038959e-02	-1.813642e-06
1.827395306038958e-02	-1.813642e-06
1.828395306038958e-02	-1.813642e-06
1.829395306038958e-02	-1.813642e-06
1.830395306038958e-02	-1.813642e-06
1.831395306038958e-02	-1.813642e-06
1.832395306038958e-02	-1.813642e-06
1.833395306038959e-02	-1.813642e-06
1.834395306038959e-02	-1.813642e-06
1.835395306038958e-02	-1.813642e-06
1.836395306038958e-02	-1.813642e-06
1.837395306038958e-02	-1.813642e-06
1.838395306038958e-02	-1.813642e-06
1.839395306038958e-02	-1.813642e-06
1.840395306038958e-02	-1.813642e-06
1.841395306038959e-02	-1.813642e-06
1.842395306038959e-02	-1.813642e-06
1.843395306038959e-02	-1.813642e-06
1.844395306038958e-02	-1.813642e-06
1.845395306038958e-02	-1.813642e-06
1.846395306038958e-02	-1.813642e-06
1.847395306038958e-02	-1.813642e-06
1.848395306038958e-02	-1.813642e-06
1.849395306038958e-02	-1.813642e-06
1.850395306038959e-02	-1.813642e-06
1.851395306038959e-02	-1.813642e-06
1.852395306038958e-02	-1.813642e-06
1.853395306038958e-02	-1.813642e-06
1.854395306038958e-02	-1.813642e-06
1.855395306038958e-02	-1.813643e-06
1.856395306038958e-02	-1.813643e-06
1.857395306038958e-02	-1.813643e-06
1.858395306038959e-02	-1.813643e-06
1.859395306038959e-02	-1.813643e-06
1.860395306038959e-02	-1.813643e-06
1.861395306038958e-02	-1.813643e-06
1.862395306038958e-02	-1.813643e-06
1.863395306038958e-02	-1.813643e-06
1.864395306038958e-02	-1.813643e-06
1.865395306038958e-02	-1.813643e-06
1.866395306038958e-02	-1.813643e-06
1.867395306038959e-02	-1.813643e-06
1.868395306038959e-02	-1.813643e-06
1.869395306038958e-02	-1.813643e-06
1.870395306038958e-02	-1.813643e-06
1.871395306038958e-02	-1.813643e-06
1.872395306038958e-02	-1.813643e-06
1.873395306038958e-02	-1.813643e-06
1.874395306038958e-02	-1.813643e-06
1.875395306038959e-02	-1.813643e-06
1.876395306038959e-02	-1.813643e-06
1.877395306038959e-02	-1.813643e-06
1.878395306038958e-02	-1.813643e-06
1.879395306038958e-02	-1.813643e-06
1.880395306038958e-02	-1.813643e-06
1.881395306038958e-02	-1.813643e-06
1.882395306038958e-02	-1.813643e-06
1.883395306038958e-02	-1.813643e-06
1.884395306038959e-02	-1.813643e-06
1.885395306038959e-02	-1.813643e-06
1.886395306038958e-02	-1.813643e-06
1.887395306038958e-02	-1.813643e-06
1.888395306038958e-02	-1.813643e-06
1.889395306038958e-02	-1.813643e-06
1.890395306038958e-02	-1.813643e-06
1.891395306038958e-02	-1.813643e-06
1.892395306038959e-02	-1.813643e-06
1.893395306038959e-02	-1.813643e-06
1.894395306038959e-02	-1.813643e-06
1.895395306038958e-02	-1.813643e-06
1.896395306038958e-02	-1.813643e-06
1.897395306038958e-02	-1.813643e-06
1.898395306038958e-02	-1.813643e-06
1.899395306038958e-02	-1.813643e-06
1.900395306038958e-02	-1.813643e-06
1.901395306038959e-02	-1.813643e-06
1.902395306038959e-02	-1.813643e-06
1.903395306038958e-02	-1.813643e-06
1.904395306038958e-02	-1.813643e-06
1.905395306038958e-02	-1.813643e-06
1.906395306038958e-02	-1.813643e-06
1.907395306038958e-02	-1.813643e-06
1.908395306038958e-02	-1.813643e-06
1.909395306038959e-02	-1.813643e-06
1.910395306038959e-02	-1.813643e-06
1.911395306038959e-02	-1.813643e-06
1.912395306038958e-02	-1.813643e-06
1.913395306038958e-02	-1.813643e-06
1.914395306038958e-02	-1.813643e-06
1.915395306038958e-02	-1.813643e-06
1.916395306038958e-02	-1.813643e-06
1.917395306038958e-02	-1.813643e-06
1.918395306038959e-02	-1.813643e-06
1.919395306038959e-02	-1.813643e-06
1.920395306038958e-02	-1.813643e-06
1.921395306038958e-02	-1.813643e-06
1.922395306038958e-02	-1.813643e-06
1.923395306038958e-02	-1.813643e-06
1.924395306038958e-02	-1.813643e-06
1.925395306038958e-02	-1.813643e-06
1.926395306038958e-02	-1.813643e-06
1.927395306038959e-02	-1.813643e-06
1.928395306038959e-02	-1.813643e-06
1.929395306038958e-02	-1.813643e-06
1.930395306038958e-02	-1.813643e-06
1.931395306038958e-02	-1.813643e-06
1.932395306038958e-02	-1.813643e-06
1.933395306038958e-02	-1.813643e-06
1.934395306038958e-02	-1.813643e-06
1.935395306038959e-02	-1.813643e-06
1.936395306038959e-02	-1.813644e-06
1.937395306038959e-02	-1.813644e-06
1.938395306038958e-02	-1.813644e-06
1.939395306038958e-02	-1.813644e-06
1.940395306038958e-02	-1.813644e-06
1.941395306038958e-02	-1.813644e-06
1.942395306038958e-02	-1.813644e-06
1.943395306038958e-02	-1.813644e-06
1.944395306038959e-02	-1.813644e-06
1.945395306038959e-02	-1.813644e-06
1.946395306038958e-02	-1.813644e-06
1.947395306038958e-02	-1.813644e-06
1.948395306038958e-02	-1.813644e-06
1.949395306038958e-02	-1.813644e-06
1.950395306038958e-02	-1.813644e-06
1.951395306038958e-02	-1.813644e-06
1.952395306038959e-02	-1.813644e-06
1.953395306038959e-02	-1.813644e-06
1.954395306038959e-02	-1.813644e-06
1.955395306038958e-02	-1.813644e-06
1.956395306038958e-02	-1.813644e-06
1.957395306038958e-02	-1.813644e-06
1.958395306038958e-02	-1.813644e-06
1.959395306038958e-02	-1.813644e-06
1.960395306038958e-02	-1.813644e-06
1.961395306038959e-02	-1.813644e-06
1.962395306038959e-02	-1.813644e-06
1.963395306038958e-02	-1.813644e-06
1.964395306038958e-02	-1.813644e-06
1.965395306038958e-02	-1.813644e-06
1.966395306038958e-02	-1.813644e-06
1.967395306038958e-02	-1.813644e-06
1.968395306038958e-02	-1.813644e-06
1.969395306038959e-02	-1.813644e-06
1.970395306038959e-02	-1.813644e-06
1.971395306038959e-02	-1.813644e-06
1.972395306038958e-02	-1.813644e-06
1.973395306038958e-02	-1.813644e-06
1.974395306038958e-02	-1.813644e-06
1.975395306038958e-02	-1.813644e-06
1.976395306038958e-02	-1.813644e-06
1.977395306038958e-02	-1.813644e-06
1.978395306038959e-02	-1.813644e-06
1.979395306038959e-02	-1.813644e-06
1.980395306038958e-02	-1.813644e-06
1.981395306038958e-02	-1.813644e-06
1.982395306038958e-02	-1.813644e-06
1.983395306038958e-02	-1.813644e-06
1.984395306038958e-02	-1.813644e-06
1.985395306038958e-02	-1.813644e-06
1.986395306038959e-02	-1.813644e-06
1.987395306038959e-02	-1.813644e-06
1.988395306038959e-02	-1.813644e-06
1.989395306038958e-02	-1.813644e-06
1.990395306038958e-02	-1.813644e-06
1.991395306038958e-02	-1.813644e-06
1.992395306038958e-02	-1.813644e-06
1.993395306038958e-02	-1.813644e-06
1.994395306038958e-02	-1.813644e-06
1.995395306038959e-02	-1.813644e-06
1.996395306038959e-02	-1.813644e-06
1.997395306038958e-02	-1.813644e-06
1.998395306038958e-02	-1.813644e-06
1.999395306038958e-02	-1.813644e-06
2.000000000000000e-02	-1.813644e-06
