time	Ix(M3:D)
0.000000000000000e+00	-7.299041e-07
9.999999439624929e-11	-7.286305e-07
1.999999887924986e-10	-7.273843e-07
3.999999775849972e-10	-7.249118e-07
7.999999551699943e-10	-7.199538e-07
1.599999910339989e-09	-7.101432e-07
3.199999820679977e-09	-6.913342e-07
6.399999641359955e-09	-6.568692e-07
1.279999928271991e-08	-5.962299e-07
2.559999856543982e-08	-4.805611e-07
5.119999713087964e-08	6.880672e-07
9.248630850171440e-08	2.038780e-06
1.509534381396734e-07	-1.138447e-07
2.056480128373649e-07	-2.151694e-06
2.711143867170323e-07	-3.449265e-06
3.307377656508653e-07	-4.342276e-06
4.437946652846665e-07	-5.185760e-06
4.651394947561105e-07	-5.227752e-06
5.078291536989987e-07	-5.158454e-06
5.932084715847752e-07	-5.164907e-06
7.639671073563279e-07	-5.192630e-06
1.105484378899433e-06	-5.233278e-06
1.673051841019030e-06	-5.276226e-06
2.376510633154691e-06	-5.293903e-06
3.374090772425429e-06	-5.296024e-06
5.041396145730399e-06	-5.319704e-06
8.376006892340335e-06	-5.991121e-06
1.504522838556021e-05	-1.009258e-05
2.504522838556021e-05	-1.944370e-05
3.504522838556021e-05	-2.855544e-05
4.504522838556021e-05	-3.319445e-05
5.504522838556020e-05	-3.316795e-05
6.504522838556020e-05	-3.175604e-05
7.504522838556020e-05	-3.025538e-05
8.504522838556020e-05	-2.885861e-05
9.504522838556020e-05	-2.751739e-05
1.000000009999994e-04	-2.850673e-05
1.000000019999994e-04	-2.850865e-05
1.000000179999994e-04	-2.855454e-05
1.000000499999994e-04	-2.858428e-05
1.000001139999994e-04	-2.857284e-05
1.000002419999994e-04	-2.853665e-05
1.000004979999994e-04	-2.847495e-05
1.000010099999994e-04	-2.837180e-05
1.000020339999994e-04	-2.821350e-05
1.000040819999994e-04	-2.798209e-05
1.000081779999994e-04	-2.766458e-05
1.000163699999994e-04	-2.729943e-05
1.000327539999994e-04	-2.700694e-05
1.000655219999995e-04	-2.687826e-05
1.001310579999995e-04	-2.685613e-05
1.002621299999997e-04	-2.684165e-05
1.005242740000000e-04	-2.680867e-05
1.010485620000006e-04	-2.674423e-05
1.020971380000018e-04	-2.661563e-05
1.041942900000042e-04	-2.636176e-05
1.083885940000089e-04	-2.586643e-05
1.167772020000184e-04	-2.491390e-05
1.267772020000184e-04	-2.383596e-05
1.367772020000184e-04	-2.281856e-05
1.467772020000184e-04	-2.183826e-05
1.567772020000184e-04	-2.087595e-05
1.667772020000184e-04	-1.995467e-05
1.767772020000184e-04	-1.909782e-05
1.867772020000184e-04	-1.830146e-05
1.967772020000184e-04	-1.755635e-05
2.067772020000184e-04	-1.685696e-05
2.167772020000184e-04	-1.619998e-05
2.267772020000184e-04	-1.558246e-05
2.367772020000184e-04	-1.500174e-05
2.467772020000184e-04	-1.445546e-05
2.567772020000184e-04	-1.394139e-05
2.667772020000184e-04	-1.345751e-05
2.767772020000184e-04	-1.300190e-05
2.867772020000184e-04	-1.359011e-05
2.967772020000184e-04	-1.591742e-05
3.067772020000184e-04	-1.377913e-05
3.136073933012695e-04	-1.030065e-05
3.199080178786833e-04	-9.176773e-06
3.270924828583317e-04	-8.678917e-06
3.338519288579994e-04	-8.219739e-06
3.401720122438808e-04	-7.677792e-06
3.471085104513955e-04	-7.317648e-06
3.533205664494880e-04	-7.235843e-06
3.605006339090419e-04	-7.148502e-06
3.705006339090419e-04	-7.092017e-06
3.805006339090419e-04	-7.025643e-06
3.905006339090419e-04	-6.966270e-06
4.005006339090419e-04	-6.909091e-06
4.105006339090419e-04	-6.856049e-06
4.205006339090419e-04	-6.804138e-06
4.305006339090419e-04	-6.755690e-06
4.405006339090419e-04	-6.708001e-06
4.505006339090418e-04	-6.663325e-06
4.605006339090419e-04	-6.619188e-06
4.705006339090418e-04	-6.577747e-06
4.805006339090419e-04	-6.536699e-06
4.905006339090418e-04	-6.498102e-06
5.005006339090419e-04	-6.459791e-06
5.105006339090419e-04	-6.423728e-06
5.205006339090418e-04	-6.790485e-06
5.305006339090418e-04	-8.413748e-06
5.405006339090419e-04	-9.723626e-06
5.505006339090419e-04	-9.751244e-06
5.605006339090418e-04	-9.616746e-06
5.705006339090418e-04	-9.447143e-06
5.805006339090419e-04	-9.266326e-06
5.905006339090419e-04	-9.084543e-06
6.005006339090418e-04	-8.905484e-06
6.105006339090418e-04	-8.731829e-06
6.205006339090419e-04	-8.563808e-06
6.305006339090419e-04	-8.402541e-06
6.405006339090418e-04	-8.247578e-06
6.505006339090418e-04	-8.099526e-06
6.605006339090419e-04	-7.957735e-06
6.705006339090419e-04	-7.822604e-06
6.805006339090418e-04	-7.693426e-06
6.905006339090418e-04	-7.570503e-06
7.005006339090419e-04	-7.453124e-06
7.105006339090419e-04	-7.341548e-06
7.205006339090418e-04	-7.235074e-06
7.305006339090418e-04	-7.133944e-06
7.405006339090419e-04	-7.037478e-06
7.505006339090419e-04	-6.945910e-06
7.605006339090418e-04	-6.858585e-06
7.705006339090418e-04	-6.775739e-06
7.805006339090418e-04	-6.696739e-06
7.905006339090419e-04	-6.621824e-06
8.005006339090418e-04	-6.550388e-06
8.105006339090418e-04	-6.482674e-06
8.205006339090418e-04	-6.418100e-06
8.305006339090419e-04	-6.356914e-06
8.405006339090418e-04	-6.298558e-06
8.505006339090418e-04	-6.243285e-06
8.605006339090418e-04	-6.190558e-06
8.705006339090419e-04	-6.140635e-06
8.805006339090418e-04	-6.093000e-06
8.905006339090418e-04	-6.047916e-06
9.005006339090418e-04	-6.004885e-06
9.105006339090419e-04	-5.964176e-06
9.205006339090418e-04	-5.925307e-06
9.305006339090418e-04	-5.888551e-06
9.405006339090418e-04	-5.853442e-06
9.505006339090419e-04	-5.820257e-06
9.605006339090418e-04	-5.788545e-06
9.705006339090418e-04	-5.758586e-06
9.805006339090418e-04	-5.729942e-06
9.905006339090419e-04	-5.702205e-06
1.000000000000000e-03	-9.637641e-06
1.000000001000000e-03	-9.637641e-06
1.000000017000000e-03	-9.636427e-06
1.000000049000000e-03	-9.628988e-06
1.000000113000000e-03	-9.606360e-06
1.000000241000000e-03	-9.556386e-06
1.000000497000000e-03	-9.462405e-06
1.000001009000000e-03	-9.300659e-06
1.000002033000000e-03	-9.040006e-06
1.000004081000000e-03	-8.637568e-06
1.000008177000000e-03	-8.035902e-06
1.000016369000001e-03	-7.228710e-06
1.000032753000001e-03	-6.394916e-06
1.000065521000002e-03	-5.846538e-06
1.000131057000004e-03	-5.679677e-06
1.000262129000007e-03	-5.676992e-06
1.000524273000015e-03	-5.676798e-06
1.001048561000029e-03	-5.675329e-06
1.002097137000058e-03	-5.672779e-06
1.004194289000116e-03	-5.667575e-06
1.008388593000232e-03	-5.657442e-06
1.016777201000463e-03	-5.637765e-06
1.026777201000463e-03	-5.615262e-06
1.036777201000463e-03	-5.593832e-06
1.046777201000463e-03	-5.573467e-06
1.056777201000463e-03	-5.554114e-06
1.066777201000463e-03	-5.535723e-06
1.076777201000463e-03	-5.518246e-06
1.086777201000463e-03	-5.501637e-06
1.096777201000463e-03	-5.485854e-06
1.106777201000463e-03	-5.470854e-06
1.116777201000463e-03	-5.456600e-06
1.126777201000463e-03	-5.443053e-06
1.136777201000463e-03	-5.430179e-06
1.146777201000463e-03	-5.417944e-06
1.156777201000463e-03	-5.406316e-06
1.166777201000463e-03	-5.395265e-06
1.176777201000463e-03	-5.384763e-06
1.186777201000463e-03	-5.374781e-06
1.196777201000463e-03	-5.365294e-06
1.206777201000463e-03	-5.356278e-06
1.216777201000463e-03	-5.347709e-06
1.226777201000463e-03	-5.339564e-06
1.236777201000463e-03	-5.331824e-06
1.246777201000463e-03	-5.324466e-06
1.256777201000463e-03	-5.317473e-06
1.266777201000463e-03	-5.310827e-06
1.276777201000463e-03	-5.304509e-06
1.286777201000463e-03	-5.298505e-06
1.296777201000463e-03	-5.292797e-06
1.306777201000463e-03	-5.287372e-06
1.316777201000463e-03	-5.282216e-06
1.326777201000463e-03	-5.277314e-06
1.336777201000463e-03	-5.272655e-06
1.346777201000463e-03	-5.268227e-06
1.356777201000463e-03	-5.264017e-06
1.366777201000463e-03	-5.260015e-06
1.376777201000463e-03	-5.256212e-06
1.386777201000463e-03	-5.252596e-06
1.396777201000463e-03	-5.249159e-06
1.406777201000463e-03	-5.245891e-06
1.416777201000463e-03	-5.242785e-06
1.426777201000463e-03	-5.239833e-06
1.436777201000463e-03	-5.237026e-06
1.446777201000463e-03	-5.234358e-06
1.456777201000463e-03	-5.231821e-06
1.466777201000463e-03	-5.229410e-06
1.476777201000463e-03	-5.227117e-06
1.486777201000463e-03	-5.224938e-06
1.496777201000463e-03	-5.222866e-06
1.506777201000463e-03	-5.220896e-06
1.516777201000463e-03	-5.219023e-06
1.526777201000463e-03	-5.217244e-06
1.536777201000463e-03	-5.215551e-06
1.546777201000463e-03	-5.213942e-06
1.556777201000463e-03	-5.212411e-06
1.566777201000463e-03	-5.210957e-06
1.576777201000463e-03	-5.209574e-06
1.586777201000463e-03	-5.208260e-06
1.596777201000463e-03	-5.207010e-06
1.606777201000463e-03	-5.205821e-06
1.616777201000463e-03	-5.204691e-06
1.626777201000463e-03	-5.203617e-06
1.636777201000463e-03	-5.202595e-06
1.646777201000463e-03	-5.201623e-06
1.656777201000463e-03	-5.200700e-06
1.666777201000463e-03	-5.199822e-06
1.676777201000463e-03	-5.198987e-06
1.686777201000463e-03	-5.198193e-06
1.696777201000463e-03	-5.197438e-06
1.706777201000463e-03	-5.196720e-06
1.716777201000463e-03	-5.196038e-06
1.726777201000463e-03	-5.195388e-06
1.736777201000463e-03	-5.194771e-06
1.746777201000463e-03	-5.194184e-06
1.756777201000463e-03	-5.193627e-06
1.766777201000463e-03	-5.193096e-06
1.776777201000463e-03	-5.192591e-06
1.786777201000463e-03	-5.192112e-06
1.796777201000463e-03	-5.191655e-06
1.806777201000463e-03	-5.191221e-06
1.816777201000463e-03	-5.190809e-06
1.826777201000463e-03	-5.190416e-06
1.836777201000463e-03	-5.190043e-06
1.846777201000463e-03	-5.189688e-06
1.856777201000463e-03	-5.189351e-06
1.866777201000463e-03	-5.189030e-06
1.876777201000463e-03	-5.188725e-06
1.886777201000463e-03	-5.188434e-06
1.896777201000463e-03	-5.188158e-06
1.906777201000463e-03	-5.187896e-06
1.916777201000463e-03	-5.187646e-06
1.926777201000463e-03	-5.187409e-06
1.936777201000463e-03	-5.187183e-06
1.946777201000463e-03	-5.186968e-06
1.956777201000463e-03	-5.186764e-06
1.966777201000463e-03	-5.186569e-06
1.976777201000463e-03	-5.186384e-06
1.986777201000463e-03	-5.186208e-06
1.996777201000463e-03	-5.186042e-06
2.006777201000463e-03	-5.185882e-06
2.016777201000463e-03	-5.185731e-06
2.026777201000463e-03	-5.185587e-06
2.036777201000463e-03	-5.185450e-06
2.046777201000463e-03	-5.185320e-06
2.056777201000463e-03	-5.185197e-06
2.066777201000463e-03	-5.185078e-06
2.076777201000463e-03	-5.184967e-06
2.086777201000463e-03	-5.184860e-06
2.096777201000463e-03	-5.184758e-06
2.106777201000463e-03	-5.184662e-06
2.116777201000463e-03	-5.184570e-06
2.126777201000463e-03	-5.184483e-06
2.136777201000463e-03	-5.184400e-06
2.146777201000463e-03	-5.184321e-06
2.156777201000463e-03	-5.184246e-06
2.166777201000463e-03	-5.184174e-06
2.176777201000463e-03	-5.184106e-06
2.186777201000463e-03	-5.184042e-06
2.196777201000463e-03	-5.183980e-06
2.206777201000463e-03	-5.183922e-06
2.216777201000463e-03	-5.183866e-06
2.226777201000463e-03	-5.183812e-06
2.236777201000463e-03	-5.183762e-06
2.246777201000463e-03	-5.183714e-06
2.256777201000463e-03	-5.183669e-06
2.266777201000463e-03	-5.183625e-06
2.276777201000463e-03	-5.183584e-06
2.286777201000463e-03	-5.183544e-06
2.296777201000463e-03	-5.183507e-06
2.306777201000463e-03	-5.183471e-06
2.316777201000463e-03	-5.183437e-06
2.326777201000463e-03	-5.183405e-06
2.336777201000463e-03	-5.183374e-06
2.346777201000463e-03	-5.183345e-06
2.356777201000463e-03	-5.183317e-06
2.366777201000463e-03	-5.183290e-06
2.376777201000463e-03	-5.183265e-06
2.386777201000463e-03	-5.183241e-06
2.396777201000463e-03	-5.183218e-06
2.406777201000463e-03	-5.183197e-06
2.416777201000463e-03	-5.183176e-06
2.426777201000463e-03	-5.183156e-06
2.436777201000463e-03	-5.183138e-06
2.446777201000463e-03	-5.183119e-06
2.456777201000463e-03	-5.183103e-06
2.466777201000463e-03	-5.183087e-06
2.476777201000463e-03	-5.183071e-06
2.486777201000463e-03	-5.183056e-06
2.496777201000463e-03	-5.183042e-06
2.506777201000463e-03	-5.183029e-06
2.516777201000463e-03	-5.183017e-06
2.526777201000463e-03	-5.183004e-06
2.536777201000463e-03	-5.182993e-06
2.546777201000463e-03	-5.182982e-06
2.556777201000463e-03	-5.182972e-06
2.566777201000463e-03	-5.182962e-06
2.576777201000463e-03	-5.182952e-06
2.586777201000463e-03	-5.182943e-06
2.596777201000463e-03	-5.182935e-06
2.606777201000463e-03	-5.182926e-06
2.616777201000463e-03	-5.182918e-06
2.626777201000463e-03	-5.182911e-06
2.636777201000463e-03	-5.182904e-06
2.646777201000463e-03	-5.182897e-06
2.656777201000463e-03	-5.182891e-06
2.666777201000463e-03	-5.182885e-06
2.676777201000463e-03	-5.182879e-06
2.686777201000463e-03	-5.182873e-06
2.696777201000463e-03	-5.182868e-06
2.706777201000463e-03	-5.182863e-06
2.716777201000463e-03	-5.182858e-06
2.726777201000463e-03	-5.182853e-06
2.736777201000463e-03	-5.182849e-06
2.746777201000463e-03	-5.182845e-06
2.756777201000463e-03	-5.182841e-06
2.766777201000463e-03	-5.182837e-06
2.776777201000463e-03	-5.182833e-06
2.786777201000463e-03	-5.182830e-06
2.796777201000463e-03	-5.182826e-06
2.806777201000463e-03	-5.182824e-06
2.816777201000463e-03	-5.182821e-06
2.826777201000463e-03	-5.182817e-06
2.836777201000463e-03	-5.182815e-06
2.846777201000463e-03	-5.182812e-06
2.856777201000463e-03	-5.182810e-06
2.866777201000463e-03	-5.182807e-06
2.876777201000463e-03	-5.182805e-06
2.886777201000463e-03	-5.182803e-06
2.896777201000463e-03	-5.182801e-06
2.906777201000463e-03	-5.182799e-06
2.916777201000463e-03	-5.182797e-06
2.926777201000463e-03	-5.182795e-06
2.936777201000463e-03	-5.182793e-06
2.946777201000463e-03	-5.182792e-06
2.956777201000463e-03	-5.182790e-06
2.966777201000463e-03	-5.182789e-06
2.976777201000463e-03	-5.182787e-06
2.986777201000463e-03	-5.182786e-06
2.996777201000463e-03	-5.182785e-06
3.006777201000463e-03	-5.182783e-06
3.016777201000463e-03	-5.182782e-06
3.026777201000463e-03	-5.182781e-06
3.036777201000463e-03	-5.182780e-06
3.046777201000463e-03	-5.182779e-06
3.056777201000463e-03	-5.182777e-06
3.066777201000463e-03	-5.182776e-06
3.076777201000463e-03	-5.182776e-06
3.086777201000463e-03	-5.182775e-06
3.096777201000463e-03	-5.182774e-06
3.106777201000463e-03	-5.182773e-06
3.116777201000463e-03	-5.182772e-06
3.126777201000463e-03	-5.182771e-06
3.136777201000463e-03	-5.182771e-06
3.146777201000463e-03	-5.182770e-06
3.156777201000463e-03	-5.182770e-06
3.166777201000463e-03	-5.182769e-06
3.176777201000463e-03	-5.182768e-06
3.186777201000463e-03	-5.182767e-06
3.196777201000463e-03	-5.182767e-06
3.206777201000463e-03	-5.182766e-06
3.216777201000463e-03	-5.182766e-06
3.226777201000463e-03	-5.182766e-06
3.236777201000463e-03	-5.182765e-06
3.246777201000463e-03	-5.182765e-06
3.256777201000463e-03	-5.182764e-06
3.266777201000463e-03	-5.182764e-06
3.276777201000463e-03	-5.182763e-06
3.286777201000463e-03	-5.182763e-06
3.296777201000463e-03	-5.182762e-06
3.306777201000463e-03	-5.182762e-06
3.316777201000463e-03	-5.182761e-06
3.326777201000463e-03	-5.182761e-06
3.336777201000463e-03	-5.182761e-06
3.346777201000463e-03	-5.182761e-06
3.356777201000463e-03	-5.182760e-06
3.366777201000463e-03	-5.182760e-06
3.376777201000463e-03	-5.182760e-06
3.386777201000463e-03	-5.182759e-06
3.396777201000463e-03	-5.182759e-06
3.406777201000463e-03	-5.182759e-06
3.416777201000463e-03	-5.182759e-06
3.426777201000463e-03	-5.182758e-06
3.436777201000463e-03	-5.182758e-06
3.446777201000463e-03	-5.182758e-06
3.456777201000463e-03	-5.182758e-06
3.466777201000463e-03	-5.182757e-06
3.476777201000463e-03	-5.182757e-06
3.486777201000463e-03	-5.182757e-06
3.496777201000463e-03	-5.182757e-06
3.506777201000463e-03	-5.182757e-06
3.516777201000463e-03	-5.182756e-06
3.526777201000463e-03	-5.182756e-06
3.536777201000463e-03	-5.182756e-06
3.546777201000463e-03	-5.182756e-06
3.556777201000463e-03	-5.182756e-06
3.566777201000463e-03	-5.182756e-06
3.576777201000463e-03	-5.182756e-06
3.586777201000463e-03	-5.182756e-06
3.596777201000463e-03	-5.182755e-06
3.606777201000463e-03	-5.182755e-06
3.616777201000463e-03	-5.182755e-06
3.626777201000463e-03	-5.182755e-06
3.636777201000463e-03	-5.182755e-06
3.646777201000463e-03	-5.182755e-06
3.656777201000463e-03	-5.182755e-06
3.666777201000463e-03	-5.182755e-06
3.676777201000463e-03	-5.182754e-06
3.686777201000463e-03	-5.182754e-06
3.696777201000463e-03	-5.182754e-06
3.706777201000463e-03	-5.182754e-06
3.716777201000463e-03	-5.182754e-06
3.726777201000463e-03	-5.182754e-06
3.736777201000463e-03	-5.182754e-06
3.746777201000463e-03	-5.182754e-06
3.756777201000463e-03	-5.182754e-06
3.766777201000463e-03	-5.182754e-06
3.776777201000463e-03	-5.182753e-06
3.786777201000463e-03	-5.182753e-06
3.796777201000463e-03	-5.182753e-06
3.806777201000463e-03	-5.182753e-06
3.816777201000463e-03	-5.182753e-06
3.826777201000463e-03	-5.182753e-06
3.836777201000463e-03	-5.182753e-06
3.846777201000463e-03	-5.182753e-06
3.856777201000463e-03	-5.182753e-06
3.866777201000463e-03	-5.182753e-06
3.876777201000463e-03	-5.182752e-06
3.886777201000463e-03	-5.182752e-06
3.896777201000463e-03	-5.182752e-06
3.906777201000463e-03	-5.182752e-06
3.916777201000463e-03	-5.182752e-06
3.926777201000463e-03	-5.182752e-06
3.936777201000463e-03	-5.182752e-06
3.946777201000463e-03	-5.182752e-06
3.956777201000463e-03	-5.182752e-06
3.966777201000463e-03	-5.182752e-06
3.976777201000463e-03	-5.182752e-06
3.986777201000463e-03	-5.182752e-06
3.996777201000463e-03	-5.182752e-06
4.006777201000463e-03	-5.182752e-06
4.016777201000463e-03	-5.182752e-06
4.026777201000463e-03	-5.182751e-06
4.036777201000463e-03	-5.182751e-06
4.046777201000462e-03	-5.182751e-06
4.056777201000463e-03	-5.182751e-06
4.066777201000463e-03	-5.182751e-06
4.076777201000463e-03	-5.182751e-06
4.086777201000463e-03	-5.182751e-06
4.096777201000463e-03	-5.182751e-06
4.106777201000463e-03	-5.182751e-06
4.116777201000463e-03	-5.182751e-06
4.126777201000463e-03	-5.182751e-06
4.136777201000463e-03	-5.182751e-06
4.146777201000463e-03	-5.182751e-06
4.156777201000463e-03	-5.182751e-06
4.166777201000463e-03	-5.182751e-06
4.176777201000463e-03	-5.182751e-06
4.186777201000463e-03	-5.182751e-06
4.196777201000462e-03	-5.182751e-06
4.206777201000463e-03	-5.182751e-06
4.216777201000462e-03	-5.182751e-06
4.226777201000463e-03	-5.182751e-06
4.236777201000463e-03	-5.182751e-06
4.246777201000463e-03	-5.182751e-06
4.256777201000463e-03	-5.182751e-06
4.266777201000463e-03	-5.182751e-06
4.276777201000463e-03	-5.182751e-06
4.286777201000463e-03	-5.182751e-06
4.296777201000463e-03	-5.182751e-06
4.306777201000463e-03	-5.182751e-06
4.316777201000463e-03	-5.182751e-06
4.326777201000463e-03	-5.182750e-06
4.336777201000463e-03	-5.182750e-06
4.346777201000463e-03	-5.182750e-06
4.356777201000463e-03	-5.182750e-06
4.366777201000462e-03	-5.182750e-06
4.376777201000463e-03	-5.182750e-06
4.386777201000462e-03	-5.182750e-06
4.396777201000463e-03	-5.182750e-06
4.406777201000463e-03	-5.182750e-06
4.416777201000463e-03	-5.182750e-06
4.426777201000463e-03	-5.182750e-06
4.436777201000463e-03	-5.182750e-06
4.446777201000463e-03	-5.182750e-06
4.456777201000463e-03	-5.182750e-06
4.466777201000463e-03	-5.182750e-06
4.476777201000463e-03	-5.182750e-06
4.486777201000463e-03	-5.182750e-06
4.496777201000463e-03	-5.182750e-06
4.506777201000463e-03	-5.182750e-06
4.516777201000462e-03	-5.182750e-06
4.526777201000463e-03	-5.182750e-06
4.536777201000462e-03	-5.182750e-06
4.546777201000463e-03	-5.182750e-06
4.556777201000463e-03	-5.182750e-06
4.566777201000463e-03	-5.182750e-06
4.576777201000463e-03	-5.182750e-06
4.586777201000463e-03	-5.182750e-06
4.596777201000463e-03	-5.182750e-06
4.606777201000463e-03	-5.182750e-06
4.616777201000463e-03	-5.182750e-06
4.626777201000463e-03	-5.182750e-06
4.636777201000463e-03	-5.182750e-06
4.646777201000463e-03	-5.182750e-06
4.656777201000463e-03	-5.182750e-06
4.666777201000463e-03	-5.182750e-06
4.676777201000463e-03	-5.182750e-06
4.686777201000462e-03	-5.182750e-06
4.696777201000463e-03	-5.182750e-06
4.706777201000462e-03	-5.182750e-06
4.716777201000463e-03	-5.182750e-06
4.726777201000463e-03	-5.182750e-06
4.736777201000463e-03	-5.182750e-06
4.746777201000463e-03	-5.182750e-06
4.756777201000463e-03	-5.182750e-06
4.766777201000463e-03	-5.182750e-06
4.776777201000463e-03	-5.182749e-06
4.786777201000463e-03	-5.182749e-06
4.796777201000463e-03	-5.182749e-06
4.806777201000463e-03	-5.182749e-06
4.816777201000463e-03	-5.182749e-06
4.826777201000463e-03	-5.182749e-06
4.836777201000462e-03	-5.182749e-06
4.846777201000463e-03	-5.182749e-06
4.856777201000462e-03	-5.182749e-06
4.866777201000463e-03	-5.182749e-06
4.876777201000462e-03	-5.182749e-06
4.886777201000463e-03	-5.182749e-06
4.896777201000463e-03	-5.182749e-06
4.906777201000463e-03	-5.182749e-06
4.916777201000463e-03	-5.182749e-06
4.926777201000463e-03	-5.182749e-06
4.936777201000463e-03	-5.182749e-06
4.946777201000463e-03	-5.182749e-06
4.956777201000463e-03	-5.182749e-06
4.966777201000463e-03	-5.182749e-06
4.976777201000463e-03	-5.182749e-06
4.986777201000463e-03	-5.182749e-06
4.996777201000463e-03	-5.182749e-06
5.006777201000462e-03	-5.182749e-06
5.016777201000463e-03	-5.182749e-06
5.026777201000462e-03	-5.182749e-06
5.036777201000463e-03	-5.182749e-06
5.046777201000462e-03	-5.182749e-06
5.056777201000463e-03	-5.182749e-06
5.066777201000463e-03	-5.182749e-06
5.076777201000463e-03	-5.182749e-06
5.086777201000463e-03	-5.182749e-06
5.096777201000463e-03	-5.182749e-06
5.106777201000463e-03	-5.182749e-06
5.116777201000463e-03	-5.182749e-06
5.126777201000463e-03	-5.182749e-06
5.136777201000463e-03	-5.182749e-06
5.146777201000463e-03	-5.182749e-06
5.156777201000462e-03	-5.182749e-06
5.166777201000463e-03	-5.182749e-06
5.176777201000462e-03	-5.182749e-06
5.186777201000463e-03	-5.182749e-06
5.196777201000462e-03	-5.182749e-06
5.206777201000463e-03	-5.182749e-06
5.216777201000463e-03	-5.182749e-06
5.226777201000463e-03	-5.182749e-06
5.236777201000463e-03	-5.182749e-06
5.246777201000463e-03	-5.182749e-06
5.256777201000463e-03	-5.182749e-06
5.266777201000463e-03	-5.182749e-06
5.276777201000463e-03	-5.182749e-06
5.286777201000463e-03	-5.182749e-06
5.296777201000463e-03	-5.182749e-06
5.306777201000463e-03	-5.182749e-06
5.316777201000463e-03	-5.182749e-06
5.326777201000462e-03	-5.182749e-06
5.336777201000463e-03	-5.182749e-06
5.346777201000462e-03	-5.182749e-06
5.356777201000463e-03	-5.182749e-06
5.366777201000462e-03	-5.182749e-06
5.376777201000463e-03	-5.182749e-06
5.386777201000463e-03	-5.182749e-06
5.396777201000463e-03	-5.182749e-06
5.406777201000463e-03	-5.182749e-06
5.416777201000463e-03	-5.182748e-06
5.426777201000463e-03	-5.182748e-06
5.436777201000463e-03	-5.182748e-06
5.446777201000463e-03	-5.182748e-06
5.456777201000463e-03	-5.182748e-06
5.466777201000463e-03	-5.182748e-06
5.476777201000462e-03	-5.182748e-06
5.486777201000463e-03	-5.182748e-06
5.496777201000462e-03	-5.182748e-06
5.506777201000463e-03	-5.182749e-06
5.516777201000462e-03	-5.182749e-06
5.526777201000463e-03	-5.182749e-06
5.536777201000462e-03	-5.182749e-06
5.546777201000463e-03	-5.182749e-06
5.556777201000463e-03	-5.182749e-06
5.566777201000463e-03	-5.182749e-06
5.576777201000463e-03	-5.182749e-06
5.586777201000463e-03	-5.182748e-06
5.596777201000463e-03	-5.182748e-06
5.606777201000463e-03	-5.182748e-06
5.616777201000463e-03	-5.182748e-06
5.626777201000463e-03	-5.182748e-06
5.636777201000463e-03	-5.182748e-06
5.646777201000462e-03	-5.182749e-06
5.656777201000463e-03	-5.182749e-06
5.666777201000462e-03	-5.182749e-06
5.676777201000463e-03	-5.182749e-06
5.686777201000462e-03	-5.182748e-06
5.696777201000463e-03	-5.182748e-06
5.706777201000462e-03	-5.182748e-06
5.716777201000463e-03	-5.182748e-06
5.726777201000463e-03	-5.182749e-06
5.736777201000463e-03	-5.182749e-06
5.746777201000463e-03	-5.182748e-06
5.756777201000463e-03	-5.182748e-06
5.766777201000463e-03	-5.182748e-06
5.776777201000463e-03	-5.182748e-06
5.786777201000463e-03	-5.182748e-06
5.796777201000462e-03	-5.182748e-06
5.806777201000463e-03	-5.182748e-06
5.816777201000462e-03	-5.182748e-06
5.826777201000463e-03	-5.182748e-06
5.836777201000462e-03	-5.182748e-06
5.846777201000463e-03	-5.182749e-06
5.856777201000462e-03	-5.182749e-06
5.866777201000463e-03	-5.182748e-06
5.876777201000462e-03	-5.182748e-06
5.886777201000463e-03	-5.182748e-06
5.896777201000463e-03	-5.182748e-06
5.906777201000463e-03	-5.182748e-06
5.916777201000463e-03	-5.182748e-06
5.926777201000463e-03	-5.182748e-06
5.936777201000463e-03	-5.182748e-06
5.946777201000463e-03	-5.182748e-06
5.956777201000463e-03	-5.182748e-06
5.966777201000462e-03	-5.182748e-06
5.976777201000463e-03	-5.182748e-06
5.986777201000462e-03	-5.182748e-06
5.996777201000463e-03	-5.182748e-06
6.006777201000462e-03	-5.182748e-06
6.016777201000463e-03	-5.182748e-06
6.026777201000462e-03	-5.182748e-06
6.036777201000463e-03	-5.182748e-06
6.046777201000463e-03	-5.182748e-06
6.056777201000463e-03	-5.182748e-06
6.066777201000463e-03	-5.182748e-06
6.076777201000463e-03	-5.182748e-06
6.086777201000463e-03	-5.182748e-06
6.096777201000463e-03	-5.182748e-06
6.106777201000463e-03	-5.182748e-06
6.116777201000462e-03	-5.182748e-06
6.126777201000463e-03	-5.182748e-06
6.136777201000462e-03	-5.182748e-06
6.146777201000463e-03	-5.182748e-06
6.156777201000462e-03	-5.182748e-06
6.166777201000463e-03	-5.182748e-06
6.176777201000462e-03	-5.182748e-06
6.186777201000463e-03	-5.182748e-06
6.196777201000462e-03	-5.182748e-06
6.206777201000463e-03	-5.182748e-06
6.216777201000463e-03	-5.182748e-06
6.226777201000463e-03	-5.182748e-06
6.236777201000463e-03	-5.182748e-06
6.246777201000463e-03	-5.182748e-06
6.256777201000463e-03	-5.182748e-06
6.266777201000463e-03	-5.182748e-06
6.276777201000463e-03	-5.182748e-06
6.286777201000462e-03	-5.182748e-06
6.296777201000463e-03	-5.182748e-06
6.306777201000462e-03	-5.182748e-06
6.316777201000463e-03	-5.182748e-06
6.326777201000462e-03	-5.182748e-06
6.336777201000463e-03	-5.182748e-06
6.346777201000462e-03	-5.182748e-06
6.356777201000463e-03	-5.182748e-06
6.366777201000462e-03	-5.182748e-06
6.376777201000463e-03	-5.182748e-06
6.386777201000463e-03	-5.182748e-06
6.396777201000463e-03	-5.182748e-06
6.406777201000463e-03	-5.182748e-06
6.416777201000463e-03	-5.182748e-06
6.426777201000463e-03	-5.182748e-06
6.436777201000462e-03	-5.182748e-06
6.446777201000463e-03	-5.182748e-06
6.456777201000462e-03	-5.182748e-06
6.466777201000463e-03	-5.182748e-06
6.476777201000462e-03	-5.182748e-06
6.486777201000463e-03	-5.182748e-06
6.496777201000462e-03	-5.182748e-06
6.506777201000463e-03	-5.182748e-06
6.516777201000462e-03	-5.182748e-06
6.526777201000463e-03	-5.182748e-06
6.536777201000462e-03	-5.182748e-06
6.546777201000463e-03	-5.182748e-06
6.556777201000463e-03	-5.182748e-06
6.566777201000463e-03	-5.182748e-06
6.576777201000463e-03	-5.182748e-06
6.586777201000463e-03	-5.182748e-06
6.596777201000463e-03	-5.182748e-06
6.606777201000462e-03	-5.182748e-06
6.616777201000463e-03	-5.182748e-06
6.626777201000462e-03	-5.182748e-06
6.636777201000463e-03	-5.182748e-06
6.646777201000462e-03	-5.182748e-06
6.656777201000463e-03	-5.182748e-06
6.666777201000462e-03	-5.182748e-06
6.676777201000463e-03	-5.182748e-06
6.686777201000462e-03	-5.182748e-06
6.696777201000463e-03	-5.182748e-06
6.706777201000463e-03	-5.182748e-06
6.716777201000463e-03	-5.182748e-06
6.726777201000463e-03	-5.182748e-06
6.736777201000463e-03	-5.182748e-06
6.746777201000463e-03	-5.182748e-06
6.756777201000462e-03	-5.182748e-06
6.766777201000463e-03	-5.182748e-06
6.776777201000462e-03	-5.182748e-06
6.786777201000463e-03	-5.182748e-06
6.796777201000462e-03	-5.182748e-06
6.806777201000463e-03	-5.182748e-06
6.816777201000462e-03	-5.182748e-06
6.826777201000463e-03	-5.182748e-06
6.836777201000462e-03	-5.182748e-06
6.846777201000463e-03	-5.182748e-06
6.856777201000462e-03	-5.182748e-06
6.866777201000463e-03	-5.182748e-06
6.876777201000463e-03	-5.182748e-06
6.886777201000463e-03	-5.182748e-06
6.896777201000463e-03	-5.182748e-06
6.906777201000463e-03	-5.182748e-06
6.916777201000463e-03	-5.182748e-06
6.926777201000462e-03	-5.182748e-06
6.936777201000463e-03	-5.182748e-06
6.946777201000462e-03	-5.182748e-06
6.956777201000463e-03	-5.182748e-06
6.966777201000462e-03	-5.182748e-06
6.976777201000463e-03	-5.182748e-06
6.986777201000462e-03	-5.182748e-06
6.996777201000463e-03	-5.182748e-06
7.006777201000462e-03	-5.182748e-06
7.016777201000463e-03	-5.182748e-06
7.026777201000462e-03	-5.182748e-06
7.036777201000463e-03	-5.182748e-06
7.046777201000463e-03	-5.182748e-06
7.056777201000463e-03	-5.182748e-06
7.066777201000463e-03	-5.182748e-06
7.076777201000462e-03	-5.182748e-06
7.086777201000463e-03	-5.182748e-06
7.096777201000462e-03	-5.182748e-06
7.106777201000463e-03	-5.182748e-06
7.116777201000462e-03	-5.182748e-06
7.126777201000463e-03	-5.182748e-06
7.136777201000462e-03	-5.182748e-06
7.146777201000463e-03	-5.182748e-06
7.156777201000462e-03	-5.182748e-06
7.166777201000463e-03	-5.182748e-06
7.176777201000462e-03	-5.182748e-06
7.186777201000463e-03	-5.182748e-06
7.196777201000462e-03	-5.182748e-06
7.206777201000463e-03	-5.182748e-06
7.216777201000463e-03	-5.182748e-06
7.226777201000463e-03	-5.182748e-06
7.236777201000463e-03	-5.182748e-06
7.246777201000462e-03	-5.182748e-06
7.256777201000463e-03	-5.182748e-06
7.266777201000462e-03	-5.182748e-06
7.276777201000463e-03	-5.182748e-06
7.286777201000462e-03	-5.182748e-06
7.296777201000463e-03	-5.182748e-06
7.306777201000462e-03	-5.182748e-06
7.316777201000463e-03	-5.182748e-06
7.326777201000462e-03	-5.182748e-06
7.336777201000463e-03	-5.182748e-06
7.346777201000462e-03	-5.182748e-06
7.356777201000463e-03	-5.182748e-06
7.366777201000463e-03	-5.182748e-06
7.376777201000463e-03	-5.182748e-06
7.386777201000463e-03	-5.182748e-06
7.396777201000462e-03	-5.182748e-06
7.406777201000463e-03	-5.182748e-06
7.416777201000462e-03	-5.182748e-06
7.426777201000463e-03	-5.182748e-06
7.436777201000462e-03	-5.182748e-06
7.446777201000463e-03	-5.182748e-06
7.456777201000462e-03	-5.182748e-06
7.466777201000463e-03	-5.182748e-06
7.476777201000462e-03	-5.182748e-06
7.486777201000463e-03	-5.182748e-06
7.496777201000462e-03	-5.182748e-06
7.506777201000463e-03	-5.182748e-06
7.516777201000462e-03	-5.182748e-06
7.526777201000463e-03	-5.182748e-06
7.536777201000463e-03	-5.182748e-06
7.546777201000463e-03	-5.182748e-06
7.556777201000463e-03	-5.182748e-06
7.566777201000462e-03	-5.182748e-06
7.576777201000463e-03	-5.182748e-06
7.586777201000462e-03	-5.182748e-06
7.596777201000463e-03	-5.182748e-06
7.606777201000462e-03	-5.182748e-06
7.616777201000463e-03	-5.182748e-06
7.626777201000462e-03	-5.182748e-06
7.636777201000463e-03	-5.182748e-06
7.646777201000462e-03	-5.182748e-06
7.656777201000463e-03	-5.182748e-06
7.666777201000462e-03	-5.182748e-06
7.676777201000463e-03	-5.182748e-06
7.686777201000462e-03	-5.182748e-06
7.696777201000463e-03	-5.182748e-06
7.706777201000463e-03	-5.182748e-06
7.716777201000462e-03	-5.182748e-06
7.726777201000463e-03	-5.182748e-06
7.736777201000462e-03	-5.182748e-06
7.746777201000463e-03	-5.182748e-06
7.756777201000462e-03	-5.182748e-06
7.766777201000463e-03	-5.182748e-06
7.776777201000462e-03	-5.182748e-06
7.786777201000463e-03	-5.182748e-06
7.796777201000462e-03	-5.182748e-06
7.806777201000463e-03	-5.182748e-06
7.816777201000463e-03	-5.182748e-06
7.826777201000463e-03	-5.182748e-06
7.836777201000462e-03	-5.182748e-06
7.846777201000462e-03	-5.182748e-06
7.856777201000463e-03	-5.182748e-06
7.866777201000463e-03	-5.182748e-06
7.876777201000463e-03	-5.182748e-06
7.886777201000462e-03	-5.182748e-06
7.896777201000462e-03	-5.182748e-06
7.906777201000463e-03	-5.182748e-06
7.916777201000463e-03	-5.182748e-06
7.926777201000462e-03	-5.182748e-06
7.936777201000462e-03	-5.182748e-06
7.946777201000463e-03	-5.182748e-06
7.956777201000463e-03	-5.182748e-06
7.966777201000462e-03	-5.182748e-06
7.976777201000462e-03	-5.182748e-06
7.986777201000463e-03	-5.182748e-06
7.996777201000463e-03	-5.182748e-06
8.006777201000462e-03	-5.182748e-06
8.016777201000462e-03	-5.182748e-06
8.026777201000463e-03	-5.182748e-06
8.036777201000463e-03	-5.182748e-06
8.046777201000463e-03	-5.182748e-06
8.056777201000462e-03	-5.182748e-06
8.066777201000462e-03	-5.182748e-06
8.076777201000463e-03	-5.182748e-06
8.086777201000463e-03	-5.182748e-06
8.096777201000462e-03	-5.182748e-06
8.106777201000462e-03	-5.182748e-06
8.116777201000463e-03	-5.182748e-06
8.126777201000463e-03	-5.182748e-06
8.136777201000462e-03	-5.182748e-06
8.146777201000462e-03	-5.182748e-06
8.156777201000463e-03	-5.182748e-06
8.166777201000463e-03	-5.182748e-06
8.176777201000462e-03	-5.182748e-06
8.186777201000462e-03	-5.182748e-06
8.196777201000462e-03	-5.182748e-06
8.206777201000463e-03	-5.182748e-06
8.216777201000463e-03	-5.182748e-06
8.226777201000462e-03	-5.182748e-06
8.236777201000462e-03	-5.182748e-06
8.246777201000463e-03	-5.182748e-06
8.256777201000463e-03	-5.182748e-06
8.266777201000462e-03	-5.182748e-06
8.276777201000462e-03	-5.182748e-06
8.286777201000463e-03	-5.182748e-06
8.296777201000463e-03	-5.182748e-06
8.306777201000462e-03	-5.182748e-06
8.316777201000462e-03	-5.182748e-06
8.326777201000463e-03	-5.182748e-06
8.336777201000463e-03	-5.182748e-06
8.346777201000462e-03	-5.182748e-06
8.356777201000462e-03	-5.182748e-06
8.366777201000462e-03	-5.182748e-06
8.376777201000463e-03	-5.182748e-06
8.386777201000463e-03	-5.182748e-06
8.396777201000462e-03	-5.182748e-06
8.406777201000462e-03	-5.182748e-06
8.416777201000463e-03	-5.182748e-06
8.426777201000463e-03	-5.182748e-06
8.436777201000462e-03	-5.182748e-06
8.446777201000462e-03	-5.182748e-06
8.456777201000463e-03	-5.182748e-06
8.466777201000463e-03	-5.182748e-06
8.476777201000462e-03	-5.182748e-06
8.486777201000462e-03	-5.182748e-06
8.496777201000463e-03	-5.182748e-06
8.506777201000463e-03	-5.182748e-06
8.516777201000462e-03	-5.182748e-06
8.526777201000462e-03	-5.182748e-06
8.536777201000462e-03	-5.182748e-06
8.546777201000463e-03	-5.182748e-06
8.556777201000463e-03	-5.182748e-06
8.566777201000462e-03	-5.182748e-06
8.576777201000462e-03	-5.182748e-06
8.586777201000463e-03	-5.182748e-06
8.596777201000463e-03	-5.182748e-06
8.606777201000462e-03	-5.182748e-06
8.616777201000462e-03	-5.182748e-06
8.626777201000463e-03	-5.182748e-06
8.636777201000463e-03	-5.182748e-06
8.646777201000462e-03	-5.182748e-06
8.656777201000462e-03	-5.182748e-06
8.666777201000463e-03	-5.182748e-06
8.676777201000463e-03	-5.182748e-06
8.686777201000462e-03	-5.182748e-06
8.696777201000462e-03	-5.182748e-06
8.706777201000462e-03	-5.182748e-06
8.716777201000463e-03	-5.182748e-06
8.726777201000463e-03	-5.182748e-06
8.736777201000462e-03	-5.182748e-06
8.746777201000462e-03	-5.182748e-06
8.756777201000463e-03	-5.182748e-06
8.766777201000463e-03	-5.182748e-06
8.776777201000462e-03	-5.182748e-06
8.786777201000462e-03	-5.182748e-06
8.796777201000463e-03	-5.182748e-06
8.806777201000463e-03	-5.182748e-06
8.816777201000462e-03	-5.182748e-06
8.826777201000462e-03	-5.182748e-06
8.836777201000462e-03	-5.182748e-06
8.846777201000463e-03	-5.182748e-06
8.856777201000463e-03	-5.182748e-06
8.866777201000462e-03	-5.182748e-06
8.876777201000462e-03	-5.182748e-06
8.886777201000463e-03	-5.182748e-06
8.896777201000463e-03	-5.182748e-06
8.906777201000462e-03	-5.182748e-06
8.916777201000462e-03	-5.182748e-06
8.926777201000463e-03	-5.182748e-06
8.936777201000463e-03	-5.182748e-06
8.946777201000462e-03	-5.182748e-06
8.956777201000462e-03	-5.182748e-06
8.966777201000463e-03	-5.182748e-06
8.976777201000463e-03	-5.182748e-06
8.986777201000462e-03	-5.182748e-06
8.996777201000462e-03	-5.182748e-06
9.006777201000462e-03	-5.182748e-06
9.016777201000463e-03	-5.182748e-06
9.026777201000463e-03	-5.182748e-06
9.036777201000462e-03	-5.182748e-06
9.046777201000462e-03	-5.182748e-06
9.056777201000463e-03	-5.182748e-06
9.066777201000463e-03	-5.182748e-06
9.076777201000462e-03	-5.182748e-06
9.086777201000462e-03	-5.182748e-06
9.096777201000463e-03	-5.182748e-06
9.106777201000463e-03	-5.182748e-06
9.116777201000462e-03	-5.182748e-06
9.126777201000462e-03	-5.182748e-06
9.136777201000463e-03	-5.182748e-06
9.146777201000463e-03	-5.182748e-06
9.156777201000462e-03	-5.182748e-06
9.166777201000462e-03	-5.182748e-06
9.176777201000462e-03	-5.182748e-06
9.186777201000463e-03	-5.182748e-06
9.196777201000463e-03	-5.182748e-06
9.206777201000462e-03	-5.182748e-06
9.216777201000462e-03	-5.182748e-06
9.226777201000463e-03	-5.182748e-06
9.236777201000463e-03	-5.182748e-06
9.246777201000462e-03	-5.182748e-06
9.256777201000462e-03	-5.182748e-06
9.266777201000463e-03	-5.182748e-06
9.276777201000463e-03	-5.182748e-06
9.286777201000462e-03	-5.182748e-06
9.296777201000462e-03	-5.182748e-06
9.306777201000463e-03	-5.182748e-06
9.316777201000463e-03	-5.182748e-06
9.326777201000462e-03	-5.182748e-06
9.336777201000462e-03	-5.182748e-06
9.346777201000462e-03	-5.182748e-06
9.356777201000463e-03	-5.182748e-06
9.366777201000463e-03	-5.182748e-06
9.376777201000462e-03	-5.182748e-06
9.386777201000462e-03	-5.182748e-06
9.396777201000463e-03	-5.182748e-06
9.406777201000463e-03	-5.182748e-06
9.416777201000462e-03	-5.182748e-06
9.426777201000462e-03	-5.182748e-06
9.436777201000463e-03	-5.182748e-06
9.446777201000463e-03	-5.182748e-06
9.456777201000462e-03	-5.182748e-06
9.466777201000462e-03	-5.182748e-06
9.476777201000462e-03	-5.182748e-06
9.486777201000463e-03	-5.182748e-06
9.496777201000462e-03	-5.182748e-06
9.506777201000462e-03	-5.182748e-06
9.516777201000462e-03	-5.182748e-06
9.526777201000463e-03	-5.182748e-06
9.536777201000463e-03	-5.182748e-06
9.546777201000462e-03	-5.182748e-06
9.556777201000462e-03	-5.182748e-06
9.566777201000463e-03	-5.182748e-06
9.576777201000463e-03	-5.182748e-06
9.586777201000462e-03	-5.182748e-06
9.596777201000462e-03	-5.182748e-06
9.606777201000463e-03	-5.182748e-06
9.616777201000463e-03	-5.182748e-06
9.626777201000462e-03	-5.182748e-06
9.636777201000462e-03	-5.182748e-06
9.646777201000462e-03	-5.182748e-06
9.656777201000463e-03	-5.182748e-06
9.666777201000462e-03	-5.182748e-06
9.676777201000462e-03	-5.182748e-06
9.686777201000462e-03	-5.182748e-06
9.696777201000463e-03	-5.182748e-06
9.706777201000463e-03	-5.182748e-06
9.716777201000462e-03	-5.182748e-06
9.726777201000462e-03	-5.182748e-06
9.736777201000463e-03	-5.182748e-06
9.746777201000463e-03	-5.182748e-06
9.756777201000462e-03	-5.182748e-06
9.766777201000462e-03	-5.182748e-06
9.776777201000463e-03	-5.182748e-06
9.786777201000463e-03	-5.182748e-06
9.796777201000462e-03	-5.182748e-06
9.806777201000462e-03	-5.182748e-06
9.816777201000462e-03	-5.182748e-06
9.826777201000463e-03	-5.182748e-06
9.836777201000462e-03	-5.182748e-06
9.846777201000462e-03	-5.182748e-06
9.856777201000462e-03	-5.182748e-06
9.866777201000463e-03	-5.182748e-06
9.876777201000463e-03	-5.182748e-06
9.886777201000462e-03	-5.182748e-06
9.896777201000462e-03	-5.182748e-06
9.906777201000463e-03	-5.182748e-06
9.916777201000463e-03	-5.182748e-06
9.926777201000462e-03	-5.182748e-06
9.936777201000462e-03	-5.182748e-06
9.946777201000463e-03	-5.182748e-06
9.956777201000463e-03	-5.182748e-06
9.966777201000462e-03	-5.182748e-06
9.976777201000462e-03	-5.182748e-06
9.986777201000462e-03	-5.182748e-06
9.996777201000463e-03	-5.182748e-06
1.000000000000000e-02	-5.182570e-06
1.000000000100000e-02	-5.182565e-06
1.000000000200000e-02	-5.182565e-06
1.000000000440036e-02	-5.182562e-06
1.000000000670974e-02	-5.182535e-06
1.000000001132851e-02	-5.182485e-06
1.000000002056605e-02	-5.182394e-06
1.000000003904114e-02	-5.182215e-06
1.000000007599130e-02	-5.181853e-06
1.000000014989163e-02	-5.181115e-06
1.000000029769228e-02	-5.179600e-06
1.000000059329359e-02	-5.176434e-06
1.000000118449621e-02	-5.169625e-06
1.000000236690145e-02	-5.154513e-06
1.000000473171193e-02	-5.120548e-06
1.000000946133288e-02	-5.046116e-06
1.000001768974453e-02	-4.910939e-06
1.000002963193180e-02	-4.693575e-06
1.000005351630633e-02	-2.778151e-06
1.000010099211722e-02	4.145944e-07
1.000015399174585e-02	-2.876033e-06
1.000020605492801e-02	-7.053126e-06
1.000026204290272e-02	-9.267799e-06
1.000031701510436e-02	-1.088137e-05
1.000042695950766e-02	-1.286284e-05
1.000045444560848e-02	-1.310342e-05
1.000050941781013e-02	-1.332275e-05
1.000061936221343e-02	-1.391029e-05
1.000083925102003e-02	-1.526047e-05
1.000118355096460e-02	-1.717169e-05
1.000178014341608e-02	-1.939072e-05
1.000250495157335e-02	-2.057010e-05
1.000264196014571e-02	-2.058506e-05
1.000291597729044e-02	-2.042381e-05
1.000346401157991e-02	-2.004455e-05
1.000456008015883e-02	-1.926089e-05
1.000675221731669e-02	-1.792200e-05
1.000947219981180e-02	-1.672068e-05
1.001364843820815e-02	-1.528030e-05
1.001755033682126e-02	-1.400498e-05
1.002032578569307e-02	-1.332141e-05
1.002167795163884e-02	-1.320522e-05
1.002254909616907e-02	-1.321931e-05
1.002341866838804e-02	-1.324517e-05
1.002430851605936e-02	-1.326973e-05
1.002540613345165e-02	-1.329692e-05
1.002662233916394e-02	-1.332506e-05
1.002792091211630e-02	-1.335143e-05
1.003007300112240e-02	-1.338723e-05
1.003211722098293e-02	-1.340628e-05
1.003620566070400e-02	-1.340155e-05
1.004137179319014e-02	-1.333527e-05
1.005137179319014e-02	-1.312301e-05
1.006137179319014e-02	-1.288653e-05
1.007137179319014e-02	-1.265876e-05
1.008137179319014e-02	-1.245068e-05
1.009137179319014e-02	-1.225916e-05
1.010000000000000e-02	-1.208299e-05
1.010000000100000e-02	-1.208298e-05
1.010000001700000e-02	-1.208292e-05
1.010000004900000e-02	-1.208321e-05
1.010000011300000e-02	-1.208373e-05
1.010000024100000e-02	-1.208471e-05
1.010000049700000e-02	-1.208690e-05
1.010000100900000e-02	-1.209126e-05
1.010000203300000e-02	-1.209784e-05
1.010000408100000e-02	-1.210460e-05
1.010000817700000e-02	-1.210906e-05
1.010001636900000e-02	-1.211050e-05
1.010003275300001e-02	-1.210855e-05
1.010006552100002e-02	-1.210410e-05
1.010013105700003e-02	-1.210047e-05
1.010026212900006e-02	-1.209797e-05
1.010052427300013e-02	-1.209352e-05
1.010104856100025e-02	-1.208451e-05
1.010209713700050e-02	-1.206660e-05
1.010419428900100e-02	-1.203114e-05
1.010838859300201e-02	-1.196183e-05
1.011677720100402e-02	-1.182830e-05
1.012677720100402e-02	-1.167726e-05
1.013677720100402e-02	-1.153795e-05
1.014677720100401e-02	-1.145363e-05
1.015277249717158e-02	-1.156833e-05
1.015622030427478e-02	-1.179287e-05
1.015961392130058e-02	-1.205722e-05
1.016248218470478e-02	-1.221470e-05
1.016508545514827e-02	-1.231948e-05
1.017029199603526e-02	-1.252451e-05
1.018029199603526e-02	-1.297528e-05
1.019029199603526e-02	-1.376880e-05
1.020029199603526e-02	-1.557086e-05
1.021029199603526e-02	-1.689937e-05
1.022029199603526e-02	-1.710714e-05
1.023029199603526e-02	-1.734473e-05
1.024029199603526e-02	-1.751929e-05
1.025029199603526e-02	-1.767027e-05
1.026029199603526e-02	-1.780288e-05
1.027029199603526e-02	-1.791814e-05
1.028029199603526e-02	-1.801778e-05
1.029029199603526e-02	-1.810203e-05
1.030029199603526e-02	-1.816827e-05
1.031029199603526e-02	-1.820616e-05
1.032029199603526e-02	-1.816597e-05
1.033029199603526e-02	-1.791206e-05
1.034029199603526e-02	-1.774874e-05
1.035029199603526e-02	-1.783459e-05
1.036029199603526e-02	-1.789171e-05
1.037029199603526e-02	-1.751178e-05
1.038029199603526e-02	-1.681476e-05
1.039029199603526e-02	-1.654350e-05
1.040029199603526e-02	-1.579606e-05
1.041029199603526e-02	-1.440368e-05
1.042029199603526e-02	-1.360987e-05
1.043029199603526e-02	-1.220759e-05
1.044029199603526e-02	-1.000047e-05
1.045029199603526e-02	-9.943315e-06
1.046029199603526e-02	-1.157527e-05
1.047029199603526e-02	-1.226532e-05
1.048029199603526e-02	-1.222204e-05
1.049029199603526e-02	-1.215250e-05
1.050029199603526e-02	-1.208703e-05
1.051029199603526e-02	-1.202160e-05
1.052029199603526e-02	-1.195745e-05
1.053029199603526e-02	-1.189428e-05
1.054029199603526e-02	-1.183212e-05
1.055029199603526e-02	-1.177096e-05
1.056029199603526e-02	-1.171079e-05
1.057029199603526e-02	-1.165160e-05
1.058029199603526e-02	-1.159337e-05
1.059029199603526e-02	-1.153609e-05
1.060029199603526e-02	-1.147975e-05
1.061029199603526e-02	-1.142432e-05
1.062029199603526e-02	-1.136980e-05
1.063029199603526e-02	-1.131524e-05
1.064029199603526e-02	-1.125904e-05
1.065029199603526e-02	-1.120083e-05
1.066029199603526e-02	-1.114135e-05
1.067029199603526e-02	-1.108131e-05
1.068029199603526e-02	-1.102126e-05
1.069029199603526e-02	-1.096157e-05
1.070029199603526e-02	-1.090252e-05
1.071029199603526e-02	-1.084427e-05
1.072029199603526e-02	-1.078699e-05
1.073029199603526e-02	-1.073076e-05
1.074029199603526e-02	-1.067567e-05
1.075029199603526e-02	-1.062175e-05
1.076029199603526e-02	-1.056903e-05
1.077029199603526e-02	-1.051752e-05
1.078029199603526e-02	-1.046725e-05
1.079029199603526e-02	-1.041817e-05
1.080029199603526e-02	-1.037032e-05
1.081029199603526e-02	-1.032363e-05
1.082029199603526e-02	-1.027812e-05
1.083029199603526e-02	-1.023374e-05
1.084029199603526e-02	-1.019049e-05
1.085029199603526e-02	-1.014831e-05
1.086029199603526e-02	-1.010721e-05
1.087029199603526e-02	-1.006711e-05
1.088029199603526e-02	-1.002803e-05
1.089029199603526e-02	-9.989891e-06
1.090029199603526e-02	-9.952708e-06
1.091029199603526e-02	-9.916412e-06
1.092029199603526e-02	-9.881009e-06
1.093029199603526e-02	-9.846433e-06
1.094029199603526e-02	-9.812693e-06
1.095029199603526e-02	-9.779725e-06
1.096029199603526e-02	-9.747536e-06
1.097029199603526e-02	-9.716066e-06
1.098029199603526e-02	-9.685322e-06
1.099029199603526e-02	-9.655307e-06
1.100000000100000e-02	-8.805536e-06
1.100000000200000e-02	-8.805395e-06
1.100000001800000e-02	-8.802945e-06
1.100000005000000e-02	-8.802135e-06
1.100000011400000e-02	-8.800223e-06
1.100000024200000e-02	-8.796575e-06
1.100000049800000e-02	-8.792882e-06
1.100000101000000e-02	-8.798002e-06
1.100000203400000e-02	-8.836841e-06
1.100000408200000e-02	-8.945412e-06
1.100000817800000e-02	-9.135099e-06
1.100001637000000e-02	-9.361091e-06
1.100003275400001e-02	-9.540490e-06
1.100006552200002e-02	-9.618269e-06
1.100013105800003e-02	-9.627043e-06
1.100026213000006e-02	-9.625543e-06
1.100052427400013e-02	-9.625101e-06
1.100104856200025e-02	-9.623456e-06
1.100209713800050e-02	-9.620473e-06
1.100419429000100e-02	-9.614398e-06
1.100838859400201e-02	-9.602414e-06
1.101677720200402e-02	-9.578734e-06
1.102677720200402e-02	-9.550999e-06
1.103677720200402e-02	-9.523819e-06
1.104677720200402e-02	-9.497202e-06
1.105677720200402e-02	-9.471128e-06
1.106677720200402e-02	-9.445577e-06
1.107677720200402e-02	-9.420533e-06
1.108677720200402e-02	-9.395978e-06
1.109677720200402e-02	-9.371897e-06
1.110677720200402e-02	-9.348273e-06
1.111677720200402e-02	-9.325093e-06
1.112677720200402e-02	-9.302340e-06
1.113677720200402e-02	-9.280002e-06
1.114677720200402e-02	-9.258065e-06
1.115677720200402e-02	-9.236517e-06
1.116677720200402e-02	-9.215347e-06
1.117677720200402e-02	-9.194541e-06
1.118677720200402e-02	-9.174090e-06
1.119677720200402e-02	-9.153983e-06
1.120677720200402e-02	-9.134210e-06
1.121677720200402e-02	-9.114760e-06
1.122677720200402e-02	-9.095626e-06
1.123677720200402e-02	-9.076798e-06
1.124677720200402e-02	-9.058267e-06
1.125677720200402e-02	-9.040025e-06
1.126677720200402e-02	-9.022066e-06
1.127677720200402e-02	-9.004380e-06
1.128677720200402e-02	-8.986960e-06
1.129677720200402e-02	-8.969801e-06
1.130677720200402e-02	-8.952896e-06
1.131677720200402e-02	-8.936237e-06
1.132677720200402e-02	-8.919820e-06
1.133677720200402e-02	-8.903638e-06
1.134677720200402e-02	-8.887687e-06
1.135677720200402e-02	-8.871961e-06
1.136677720200402e-02	-8.856453e-06
1.137677720200402e-02	-8.841160e-06
1.138677720200402e-02	-8.826077e-06
1.139677720200402e-02	-8.811199e-06
1.140677720200402e-02	-8.796522e-06
1.141677720200402e-02	-8.782043e-06
1.142677720200402e-02	-8.767755e-06
1.143677720200402e-02	-8.753656e-06
1.144677720200402e-02	-8.739744e-06
1.145677720200402e-02	-8.726012e-06
1.146677720200402e-02	-8.712459e-06
1.147677720200402e-02	-8.699080e-06
1.148677720200402e-02	-8.685873e-06
1.149677720200402e-02	-8.672834e-06
1.150677720200402e-02	-8.659962e-06
1.151677720200402e-02	-8.647252e-06
1.152677720200402e-02	-8.634702e-06
1.153677720200402e-02	-8.622310e-06
1.154677720200402e-02	-8.610072e-06
1.155677720200402e-02	-8.597986e-06
1.156677720200402e-02	-8.586051e-06
1.157677720200402e-02	-8.574264e-06
1.158677720200402e-02	-8.562622e-06
1.159677720200402e-02	-8.551123e-06
1.160677720200402e-02	-8.539766e-06
1.161677720200402e-02	-8.528548e-06
1.162677720200402e-02	-8.517468e-06
1.163677720200402e-02	-8.506524e-06
1.164677720200402e-02	-8.495713e-06
1.165677720200402e-02	-8.485034e-06
1.166677720200402e-02	-8.474488e-06
1.167677720200402e-02	-8.464070e-06
1.168677720200402e-02	-8.453779e-06
1.169677720200402e-02	-8.443615e-06
1.170677720200402e-02	-8.433576e-06
1.171677720200402e-02	-8.423660e-06
1.172677720200402e-02	-8.413867e-06
1.173677720200402e-02	-8.404196e-06
1.174677720200402e-02	-8.394645e-06
1.175677720200402e-02	-8.385213e-06
1.176677720200402e-02	-8.375899e-06
1.177677720200402e-02	-8.366703e-06
1.178677720200402e-02	-8.357623e-06
1.179677720200402e-02	-8.348659e-06
1.180677720200402e-02	-8.339810e-06
1.181677720200402e-02	-8.331076e-06
1.182677720200402e-02	-8.322456e-06
1.183677720200402e-02	-8.313949e-06
1.184677720200402e-02	-8.305556e-06
1.185677720200402e-02	-8.297275e-06
1.186677720200402e-02	-8.289107e-06
1.187677720200402e-02	-8.281051e-06
1.188677720200402e-02	-8.273108e-06
1.189677720200402e-02	-8.265276e-06
1.190677720200402e-02	-8.257557e-06
1.191677720200402e-02	-8.249951e-06
1.192677720200402e-02	-8.242458e-06
1.193677720200402e-02	-8.235078e-06
1.194677720200402e-02	-8.227813e-06
1.195677720200402e-02	-8.220662e-06
1.196677720200402e-02	-8.213626e-06
1.197677720200402e-02	-8.206706e-06
1.198677720200402e-02	-8.199904e-06
1.199677720200402e-02	-8.193221e-06
1.200677720200402e-02	-8.186657e-06
1.201677720200402e-02	-8.180215e-06
1.202677720200402e-02	-8.173895e-06
1.203677720200402e-02	-8.167701e-06
1.204677720200402e-02	-8.161633e-06
1.205677720200402e-02	-8.155692e-06
1.206677720200402e-02	-8.149883e-06
1.207677720200402e-02	-8.144207e-06
1.208677720200402e-02	-8.138666e-06
1.209677720200402e-02	-8.133262e-06
1.210677720200402e-02	-8.127998e-06
1.211677720200402e-02	-8.122877e-06
1.212677720200402e-02	-8.117901e-06
1.213677720200402e-02	-8.113069e-06
1.214677720200402e-02	-8.108387e-06
1.215677720200402e-02	-8.103854e-06
1.216677720200402e-02	-8.099471e-06
1.217677720200402e-02	-8.095237e-06
1.218677720200402e-02	-8.091150e-06
1.219677720200402e-02	-8.087210e-06
1.220677720200402e-02	-8.083410e-06
1.221677720200402e-02	-8.079744e-06
1.222677720200402e-02	-8.076204e-06
1.223677720200402e-02	-8.072779e-06
1.224677720200402e-02	-8.069455e-06
1.225677720200402e-02	-8.066218e-06
1.226677720200402e-02	-8.063049e-06
1.227677720200402e-02	-8.059927e-06
1.228677720200402e-02	-8.056832e-06
1.229677720200402e-02	-8.053738e-06
1.230677720200402e-02	-8.050626e-06
1.231677720200402e-02	-8.047473e-06
1.232677720200402e-02	-8.044258e-06
1.233677720200402e-02	-8.040965e-06
1.234677720200402e-02	-8.037581e-06
1.235677720200402e-02	-8.034098e-06
1.236677720200402e-02	-8.030510e-06
1.237677720200402e-02	-8.026818e-06
1.238677720200402e-02	-8.023027e-06
1.239677720200402e-02	-8.019142e-06
1.240677720200402e-02	-8.015177e-06
1.241677720200402e-02	-8.011143e-06
1.242677720200402e-02	-8.007055e-06
1.243677720200402e-02	-8.002928e-06
1.244677720200402e-02	-7.998775e-06
1.245677720200402e-02	-7.994614e-06
1.246677720200402e-02	-7.990457e-06
1.247677720200402e-02	-7.986318e-06
1.248677720200402e-02	-7.982208e-06
1.249677720200402e-02	-7.978138e-06
1.250677720200402e-02	-7.974120e-06
1.251677720200402e-02	-7.970160e-06
1.252677720200402e-02	-7.966268e-06
1.253677720200402e-02	-7.962448e-06
1.254677720200402e-02	-7.958706e-06
1.255677720200402e-02	-7.955048e-06
1.256677720200402e-02	-7.951477e-06
1.257677720200402e-02	-7.947995e-06
1.258677720200402e-02	-7.944607e-06
1.259677720200402e-02	-7.941312e-06
1.260677720200402e-02	-7.938113e-06
1.261677720200402e-02	-7.935012e-06
1.262677720200402e-02	-7.932007e-06
1.263677720200402e-02	-7.929100e-06
1.264677720200402e-02	-7.926292e-06
1.265677720200402e-02	-7.923580e-06
1.266677720200402e-02	-7.920965e-06
1.267677720200402e-02	-7.918446e-06
1.268677720200402e-02	-7.916022e-06
1.269677720200402e-02	-7.913692e-06
1.270677720200402e-02	-7.911454e-06
1.271677720200402e-02	-7.909308e-06
1.272677720200402e-02	-7.907252e-06
1.273677720200402e-02	-7.905282e-06
1.274677720200402e-02	-7.903401e-06
1.275677720200402e-02	-7.901604e-06
1.276677720200402e-02	-7.899889e-06
1.277677720200402e-02	-7.898256e-06
1.278677720200402e-02	-7.896700e-06
1.279677720200402e-02	-7.895222e-06
1.280677720200402e-02	-7.893819e-06
1.281677720200402e-02	-7.892489e-06
1.282677720200402e-02	-7.891229e-06
1.283677720200402e-02	-7.890038e-06
1.284677720200402e-02	-7.888913e-06
1.285677720200402e-02	-7.887853e-06
1.286677720200402e-02	-7.886855e-06
1.287677720200402e-02	-7.885917e-06
1.288677720200402e-02	-7.885037e-06
1.289677720200402e-02	-7.884213e-06
1.290677720200402e-02	-7.883443e-06
1.291677720200402e-02	-7.882724e-06
1.292677720200402e-02	-7.882056e-06
1.293677720200402e-02	-7.881435e-06
1.294677720200402e-02	-7.880859e-06
1.295677720200402e-02	-7.880328e-06
1.296677720200402e-02	-7.879838e-06
1.297677720200402e-02	-7.879388e-06
1.298677720200402e-02	-7.878976e-06
1.299677720200402e-02	-7.878601e-06
1.300677720200402e-02	-7.878260e-06
1.301677720200402e-02	-7.877950e-06
1.302677720200402e-02	-7.877674e-06
1.303677720200402e-02	-7.877426e-06
1.304677720200402e-02	-7.877206e-06
1.305677720200402e-02	-7.877014e-06
1.306677720200402e-02	-7.876844e-06
1.307677720200402e-02	-7.876700e-06
1.308677720200402e-02	-7.876577e-06
1.309677720200402e-02	-7.876474e-06
1.310677720200402e-02	-7.876391e-06
1.311677720200402e-02	-7.876327e-06
1.312677720200402e-02	-7.876280e-06
1.313677720200402e-02	-7.876248e-06
1.314677720200402e-02	-7.876231e-06
1.315677720200402e-02	-7.876228e-06
1.316677720200402e-02	-7.876238e-06
1.317677720200402e-02	-7.876259e-06
1.318677720200402e-02	-7.876291e-06
1.319677720200402e-02	-7.876333e-06
1.320677720200402e-02	-7.876385e-06
1.321677720200402e-02	-7.876445e-06
1.322677720200402e-02	-7.876513e-06
1.323677720200402e-02	-7.876588e-06
1.324677720200402e-02	-7.876669e-06
1.325677720200402e-02	-7.876755e-06
1.326677720200402e-02	-7.876847e-06
1.327677720200402e-02	-7.876944e-06
1.328677720200402e-02	-7.877044e-06
1.329677720200402e-02	-7.877147e-06
1.330677720200402e-02	-7.877254e-06
1.331677720200402e-02	-7.877364e-06
1.332677720200402e-02	-7.877476e-06
1.333677720200402e-02	-7.877589e-06
1.334677720200402e-02	-7.877704e-06
1.335677720200402e-02	-7.877820e-06
1.336677720200402e-02	-7.877938e-06
1.337677720200402e-02	-7.878055e-06
1.338677720200402e-02	-7.878172e-06
1.339677720200402e-02	-7.878290e-06
1.340677720200402e-02	-7.878408e-06
1.341677720200402e-02	-7.878525e-06
1.342677720200402e-02	-7.878642e-06
1.343677720200402e-02	-7.878758e-06
1.344677720200402e-02	-7.878873e-06
1.345677720200402e-02	-7.878987e-06
1.346677720200402e-02	-7.879101e-06
1.347677720200402e-02	-7.879213e-06
1.348677720200402e-02	-7.879323e-06
1.349677720200402e-02	-7.879431e-06
1.350677720200402e-02	-7.879538e-06
1.351677720200402e-02	-7.879644e-06
1.352677720200402e-02	-7.879747e-06
1.353677720200402e-02	-7.879849e-06
1.354677720200402e-02	-7.879950e-06
1.355677720200401e-02	-7.880049e-06
1.356677720200402e-02	-7.880145e-06
1.357677720200402e-02	-7.880240e-06
1.358677720200402e-02	-7.880332e-06
1.359677720200402e-02	-7.880423e-06
1.360677720200402e-02	-7.880511e-06
1.361677720200402e-02	-7.880599e-06
1.362677720200402e-02	-7.880684e-06
1.363677720200402e-02	-7.880767e-06
1.364677720200402e-02	-7.880848e-06
1.365677720200402e-02	-7.880927e-06
1.366677720200402e-02	-7.881004e-06
1.367677720200402e-02	-7.881079e-06
1.368677720200402e-02	-7.881153e-06
1.369677720200402e-02	-7.881225e-06
1.370677720200402e-02	-7.881294e-06
1.371677720200402e-02	-7.881362e-06
1.372677720200401e-02	-7.881427e-06
1.373677720200402e-02	-7.881492e-06
1.374677720200402e-02	-7.881554e-06
1.375677720200402e-02	-7.881615e-06
1.376677720200402e-02	-7.881674e-06
1.377677720200402e-02	-7.881732e-06
1.378677720200402e-02	-7.881787e-06
1.379677720200402e-02	-7.881841e-06
1.380677720200402e-02	-7.881894e-06
1.381677720200402e-02	-7.881945e-06
1.382677720200402e-02	-7.881995e-06
1.383677720200402e-02	-7.882043e-06
1.384677720200402e-02	-7.882089e-06
1.385677720200402e-02	-7.882135e-06
1.386677720200402e-02	-7.882179e-06
1.387677720200402e-02	-7.882221e-06
1.388677720200402e-02	-7.882262e-06
1.389677720200401e-02	-7.882302e-06
1.390677720200402e-02	-7.882341e-06
1.391677720200402e-02	-7.882379e-06
1.392677720200402e-02	-7.882415e-06
1.393677720200402e-02	-7.882451e-06
1.394677720200402e-02	-7.882485e-06
1.395677720200402e-02	-7.882518e-06
1.396677720200402e-02	-7.882549e-06
1.397677720200402e-02	-7.882581e-06
1.398677720200402e-02	-7.882611e-06
1.399677720200402e-02	-7.882640e-06
1.400677720200402e-02	-7.882667e-06
1.401677720200402e-02	-7.882694e-06
1.402677720200402e-02	-7.882720e-06
1.403677720200402e-02	-7.882745e-06
1.404677720200402e-02	-7.882770e-06
1.405677720200402e-02	-7.882793e-06
1.406677720200402e-02	-7.882816e-06
1.407677720200402e-02	-7.882839e-06
1.408677720200402e-02	-7.882860e-06
1.409677720200402e-02	-7.882881e-06
1.410677720200402e-02	-7.882900e-06
1.411677720200402e-02	-7.882919e-06
1.412677720200402e-02	-7.882938e-06
1.413677720200402e-02	-7.882956e-06
1.414677720200402e-02	-7.882973e-06
1.415677720200402e-02	-7.882990e-06
1.416677720200402e-02	-7.883005e-06
1.417677720200402e-02	-7.883022e-06
1.418677720200402e-02	-7.883036e-06
1.419677720200401e-02	-7.883051e-06
1.420677720200402e-02	-7.883064e-06
1.421677720200402e-02	-7.883078e-06
1.422677720200402e-02	-7.883091e-06
1.423677720200402e-02	-7.883104e-06
1.424677720200402e-02	-7.883115e-06
1.425677720200402e-02	-7.883127e-06
1.426677720200402e-02	-7.883139e-06
1.427677720200402e-02	-7.883149e-06
1.428677720200402e-02	-7.883160e-06
1.429677720200402e-02	-7.883170e-06
1.430677720200402e-02	-7.883180e-06
1.431677720200402e-02	-7.883189e-06
1.432677720200402e-02	-7.883198e-06
1.433677720200402e-02	-7.883206e-06
1.434677720200402e-02	-7.883214e-06
1.435677720200402e-02	-7.883222e-06
1.436677720200401e-02	-7.883230e-06
1.437677720200402e-02	-7.883237e-06
1.438677720200402e-02	-7.883245e-06
1.439677720200402e-02	-7.883251e-06
1.440677720200402e-02	-7.883258e-06
1.441677720200402e-02	-7.883265e-06
1.442677720200402e-02	-7.883271e-06
1.443677720200402e-02	-7.883276e-06
1.444677720200402e-02	-7.883282e-06
1.445677720200402e-02	-7.883287e-06
1.446677720200402e-02	-7.883293e-06
1.447677720200402e-02	-7.883297e-06
1.448677720200402e-02	-7.883302e-06
1.449677720200402e-02	-7.883306e-06
1.450677720200402e-02	-7.883311e-06
1.451677720200402e-02	-7.883315e-06
1.452677720200402e-02	-7.883320e-06
1.453677720200401e-02	-7.883324e-06
1.454677720200402e-02	-7.883327e-06
1.455677720200402e-02	-7.883331e-06
1.456677720200402e-02	-7.883334e-06
1.457677720200402e-02	-7.883337e-06
1.458677720200402e-02	-7.883340e-06
1.459677720200402e-02	-7.883344e-06
1.460677720200402e-02	-7.883346e-06
1.461677720200402e-02	-7.883349e-06
1.462677720200402e-02	-7.883352e-06
1.463677720200402e-02	-7.883355e-06
1.464677720200402e-02	-7.883356e-06
1.465677720200402e-02	-7.883358e-06
1.466677720200402e-02	-7.883361e-06
1.467677720200402e-02	-7.883363e-06
1.468677720200402e-02	-7.883365e-06
1.469677720200402e-02	-7.883367e-06
1.470677720200401e-02	-7.883369e-06
1.471677720200402e-02	-7.883371e-06
1.472677720200402e-02	-7.883372e-06
1.473677720200402e-02	-7.883374e-06
1.474677720200402e-02	-7.883375e-06
1.475677720200402e-02	-7.883376e-06
1.476677720200402e-02	-7.883378e-06
1.477677720200402e-02	-7.883379e-06
1.478677720200402e-02	-7.883380e-06
1.479677720200402e-02	-7.883382e-06
1.480677720200402e-02	-7.883383e-06
1.481677720200402e-02	-7.883384e-06
1.482677720200402e-02	-7.883385e-06
1.483677720200401e-02	-7.883385e-06
1.484677720200402e-02	-7.883387e-06
1.485677720200402e-02	-7.883387e-06
1.486677720200402e-02	-7.883388e-06
1.487677720200401e-02	-7.883389e-06
1.488677720200402e-02	-7.883390e-06
1.489677720200402e-02	-7.883391e-06
1.490677720200402e-02	-7.883391e-06
1.491677720200402e-02	-7.883392e-06
1.492677720200402e-02	-7.883393e-06
1.493677720200402e-02	-7.883393e-06
1.494677720200402e-02	-7.883393e-06
1.495677720200402e-02	-7.883394e-06
1.496677720200402e-02	-7.883395e-06
1.497677720200402e-02	-7.883395e-06
1.498677720200402e-02	-7.883395e-06
1.499677720200402e-02	-7.883395e-06
1.500677720200401e-02	-7.883395e-06
1.501677720200402e-02	-7.883395e-06
1.502677720200402e-02	-7.883396e-06
1.503677720200402e-02	-7.883396e-06
1.504677720200401e-02	-7.883396e-06
1.505677720200402e-02	-7.883396e-06
1.506677720200402e-02	-7.883396e-06
1.507677720200402e-02	-7.883396e-06
1.508677720200402e-02	-7.883396e-06
1.509677720200402e-02	-7.883397e-06
1.510677720200402e-02	-7.883397e-06
1.511677720200402e-02	-7.883396e-06
1.512677720200402e-02	-7.883396e-06
1.513677720200402e-02	-7.883396e-06
1.514677720200402e-02	-7.883396e-06
1.515677720200402e-02	-7.883397e-06
1.516677720200402e-02	-7.883397e-06
1.517677720200401e-02	-7.883396e-06
1.518677720200402e-02	-7.883396e-06
1.519677720200402e-02	-7.883396e-06
1.520677720200402e-02	-7.883396e-06
1.521677720200401e-02	-7.883396e-06
1.522677720200402e-02	-7.883396e-06
1.523677720200402e-02	-7.883396e-06
1.524677720200402e-02	-7.883396e-06
1.525677720200402e-02	-7.883396e-06
1.526677720200402e-02	-7.883396e-06
1.527677720200402e-02	-7.883396e-06
1.528677720200402e-02	-7.883396e-06
1.529677720200402e-02	-7.883396e-06
1.530677720200402e-02	-7.883395e-06
1.531677720200402e-02	-7.883395e-06
1.532677720200402e-02	-7.883395e-06
1.533677720200402e-02	-7.883395e-06
1.534677720200401e-02	-7.883395e-06
1.535677720200402e-02	-7.883395e-06
1.536677720200402e-02	-7.883395e-06
1.537677720200402e-02	-7.883395e-06
1.538677720200401e-02	-7.883395e-06
1.539677720200402e-02	-7.883395e-06
1.540677720200402e-02	-7.883395e-06
1.541677720200402e-02	-7.883395e-06
1.542677720200402e-02	-7.883394e-06
1.543677720200402e-02	-7.883394e-06
1.544677720200402e-02	-7.883394e-06
1.545677720200402e-02	-7.883394e-06
1.546677720200402e-02	-7.883393e-06
1.547677720200401e-02	-7.883393e-06
1.548677720200402e-02	-7.883393e-06
1.549677720200402e-02	-7.883393e-06
1.550677720200402e-02	-7.883392e-06
1.551677720200401e-02	-7.883392e-06
1.552677720200402e-02	-7.883392e-06
1.553677720200402e-02	-7.883392e-06
1.554677720200402e-02	-7.883392e-06
1.555677720200402e-02	-7.883391e-06
1.556677720200402e-02	-7.883391e-06
1.557677720200402e-02	-7.883391e-06
1.558677720200402e-02	-7.883391e-06
1.559677720200402e-02	-7.883390e-06
1.560677720200402e-02	-7.883390e-06
1.561677720200402e-02	-7.883390e-06
1.562677720200402e-02	-7.883390e-06
1.563677720200402e-02	-7.883389e-06
1.564677720200401e-02	-7.883389e-06
1.565677720200401e-02	-7.883389e-06
1.566677720200401e-02	-7.883389e-06
1.567677720200402e-02	-7.883389e-06
1.568677720200402e-02	-7.883388e-06
1.569677720200402e-02	-7.883388e-06
1.570677720200402e-02	-7.883388e-06
1.571677720200402e-02	-7.883388e-06
1.572677720200402e-02	-7.883387e-06
1.573677720200401e-02	-7.883387e-06
1.574677720200401e-02	-7.883387e-06
1.575677720200402e-02	-7.883387e-06
1.576677720200402e-02	-7.883387e-06
1.577677720200402e-02	-7.883387e-06
1.578677720200402e-02	-7.883387e-06
1.579677720200402e-02	-7.883386e-06
1.580677720200402e-02	-7.883386e-06
1.581677720200401e-02	-7.883385e-06
1.582677720200401e-02	-7.883385e-06
1.583677720200401e-02	-7.883385e-06
1.584677720200402e-02	-7.883385e-06
1.585677720200402e-02	-7.883385e-06
1.586677720200402e-02	-7.883385e-06
1.587677720200402e-02	-7.883385e-06
1.588677720200402e-02	-7.883385e-06
1.589677720200402e-02	-7.883385e-06
1.590677720200401e-02	-7.883384e-06
1.591677720200401e-02	-7.883384e-06
1.592677720200402e-02	-7.883384e-06
1.593677720200402e-02	-7.883384e-06
1.594677720200402e-02	-7.883384e-06
1.595677720200402e-02	-7.883384e-06
1.596677720200402e-02	-7.883384e-06
1.597677720200402e-02	-7.883384e-06
1.598677720200401e-02	-7.883384e-06
1.599677720200401e-02	-7.883383e-06
1.600677720200401e-02	-7.883383e-06
1.601677720200402e-02	-7.883383e-06
1.602677720200402e-02	-7.883383e-06
1.603677720200402e-02	-7.883383e-06
1.604677720200402e-02	-7.883382e-06
1.605677720200402e-02	-7.883382e-06
1.606677720200402e-02	-7.883382e-06
1.607677720200401e-02	-7.883382e-06
1.608677720200401e-02	-7.883382e-06
1.609677720200402e-02	-7.883382e-06
1.610677720200402e-02	-7.883382e-06
1.611677720200402e-02	-7.883382e-06
1.612677720200402e-02	-7.883382e-06
1.613677720200402e-02	-7.883381e-06
1.614677720200402e-02	-7.883381e-06
1.615677720200401e-02	-7.883381e-06
1.616677720200401e-02	-7.883380e-06
1.617677720200401e-02	-7.883380e-06
1.618677720200402e-02	-7.883380e-06
1.619677720200402e-02	-7.883380e-06
1.620677720200402e-02	-7.883380e-06
1.621677720200402e-02	-7.883380e-06
1.622677720200402e-02	-7.883380e-06
1.623677720200402e-02	-7.883380e-06
1.624677720200401e-02	-7.883380e-06
1.625677720200401e-02	-7.883379e-06
1.626677720200402e-02	-7.883379e-06
1.627677720200402e-02	-7.883379e-06
1.628677720200402e-02	-7.883378e-06
1.629677720200402e-02	-7.883378e-06
1.630677720200402e-02	-7.883379e-06
1.631677720200402e-02	-7.883379e-06
1.632677720200401e-02	-7.883378e-06
1.633677720200401e-02	-7.883378e-06
1.634677720200401e-02	-7.883378e-06
1.635677720200402e-02	-7.883378e-06
1.636677720200402e-02	-7.883378e-06
1.637677720200402e-02	-7.883378e-06
1.638677720200402e-02	-7.883378e-06
1.639677720200402e-02	-7.883377e-06
1.640677720200402e-02	-7.883377e-06
1.641677720200401e-02	-7.883378e-06
1.642677720200401e-02	-7.883378e-06
1.643677720200401e-02	-7.883377e-06
1.644677720200402e-02	-7.883377e-06
1.645677720200402e-02	-7.883377e-06
1.646677720200402e-02	-7.883377e-06
1.647677720200402e-02	-7.883377e-06
1.648677720200402e-02	-7.883376e-06
1.649677720200401e-02	-7.883376e-06
1.650677720200401e-02	-7.883376e-06
1.651677720200401e-02	-7.883376e-06
1.652677720200402e-02	-7.883376e-06
1.653677720200402e-02	-7.883376e-06
1.654677720200402e-02	-7.883376e-06
1.655677720200402e-02	-7.883376e-06
1.656677720200402e-02	-7.883376e-06
1.657677720200402e-02	-7.883376e-06
1.658677720200401e-02	-7.883376e-06
1.659677720200401e-02	-7.883376e-06
1.660677720200401e-02	-7.883376e-06
1.661677720200402e-02	-7.883375e-06
1.662677720200402e-02	-7.883375e-06
1.663677720200402e-02	-7.883376e-06
1.664677720200402e-02	-7.883376e-06
1.665677720200402e-02	-7.883375e-06
1.666677720200401e-02	-7.883375e-06
1.667677720200401e-02	-7.883375e-06
1.668677720200401e-02	-7.883375e-06
1.669677720200402e-02	-7.883375e-06
1.670677720200402e-02	-7.883375e-06
1.671677720200402e-02	-7.883375e-06
1.672677720200402e-02	-7.883375e-06
1.673677720200402e-02	-7.883375e-06
1.674677720200402e-02	-7.883375e-06
1.675677720200401e-02	-7.883375e-06
1.676677720200401e-02	-7.883375e-06
1.677677720200401e-02	-7.883375e-06
1.678677720200402e-02	-7.883375e-06
1.679677720200402e-02	-7.883375e-06
1.680677720200402e-02	-7.883375e-06
1.681677720200402e-02	-7.883375e-06
1.682677720200402e-02	-7.883375e-06
1.683677720200401e-02	-7.883375e-06
1.684677720200401e-02	-7.883375e-06
1.685677720200401e-02	-7.883375e-06
1.686677720200402e-02	-7.883375e-06
1.687677720200402e-02	-7.883375e-06
1.688677720200402e-02	-7.883375e-06
1.689677720200402e-02	-7.883374e-06
1.690677720200402e-02	-7.883374e-06
1.691677720200402e-02	-7.883374e-06
1.692677720200401e-02	-7.883374e-06
1.693677720200401e-02	-7.883375e-06
1.694677720200401e-02	-7.883375e-06
1.695677720200402e-02	-7.883374e-06
1.696677720200402e-02	-7.883374e-06
1.697677720200402e-02	-7.883374e-06
1.698677720200402e-02	-7.883374e-06
1.699677720200402e-02	-7.883374e-06
1.700677720200401e-02	-7.883374e-06
1.701677720200401e-02	-7.883374e-06
1.702677720200401e-02	-7.883374e-06
1.703677720200402e-02	-7.883374e-06
1.704677720200402e-02	-7.883374e-06
1.705677720200402e-02	-7.883374e-06
1.706677720200402e-02	-7.883373e-06
1.707677720200402e-02	-7.883373e-06
1.708677720200402e-02	-7.883374e-06
1.709677720200401e-02	-7.883374e-06
1.710677720200401e-02	-7.883374e-06
1.711677720200401e-02	-7.883374e-06
1.712677720200402e-02	-7.883374e-06
1.713677720200402e-02	-7.883374e-06
1.714677720200402e-02	-7.883373e-06
1.715677720200402e-02	-7.883373e-06
1.716677720200402e-02	-7.883373e-06
1.717677720200401e-02	-7.883373e-06
1.718677720200401e-02	-7.883373e-06
1.719677720200401e-02	-7.883373e-06
1.720677720200402e-02	-7.883373e-06
1.721677720200402e-02	-7.883373e-06
1.722677720200402e-02	-7.883373e-06
1.723677720200402e-02	-7.883373e-06
1.724677720200402e-02	-7.883373e-06
1.725677720200402e-02	-7.883373e-06
1.726677720200401e-02	-7.883373e-06
1.727677720200401e-02	-7.883373e-06
1.728677720200401e-02	-7.883373e-06
1.729677720200402e-02	-7.883373e-06
1.730677720200402e-02	-7.883373e-06
1.731677720200402e-02	-7.883373e-06
1.732677720200402e-02	-7.883373e-06
1.733677720200402e-02	-7.883373e-06
1.734677720200401e-02	-7.883373e-06
1.735677720200401e-02	-7.883373e-06
1.736677720200401e-02	-7.883373e-06
1.737677720200402e-02	-7.883373e-06
1.738677720200402e-02	-7.883373e-06
1.739677720200402e-02	-7.883373e-06
1.740677720200402e-02	-7.883373e-06
1.741677720200402e-02	-7.883373e-06
1.742677720200402e-02	-7.883373e-06
1.743677720200401e-02	-7.883373e-06
1.744677720200401e-02	-7.883373e-06
1.745677720200401e-02	-7.883373e-06
1.746677720200402e-02	-7.883373e-06
1.747677720200402e-02	-7.883373e-06
1.748677720200402e-02	-7.883373e-06
1.749677720200402e-02	-7.883372e-06
1.750677720200402e-02	-7.883372e-06
1.751677720200401e-02	-7.883372e-06
1.752677720200401e-02	-7.883372e-06
1.753677720200401e-02	-7.883372e-06
1.754677720200402e-02	-7.883372e-06
1.755677720200402e-02	-7.883372e-06
1.756677720200402e-02	-7.883372e-06
1.757677720200402e-02	-7.883372e-06
1.758677720200402e-02	-7.883372e-06
1.759677720200402e-02	-7.883372e-06
1.760677720200401e-02	-7.883372e-06
1.761677720200401e-02	-7.883372e-06
1.762677720200401e-02	-7.883372e-06
1.763677720200402e-02	-7.883372e-06
1.764677720200402e-02	-7.883372e-06
1.765677720200402e-02	-7.883372e-06
1.766677720200402e-02	-7.883372e-06
1.767677720200402e-02	-7.883372e-06
1.768677720200401e-02	-7.883372e-06
1.769677720200401e-02	-7.883372e-06
1.770677720200401e-02	-7.883372e-06
1.771677720200401e-02	-7.883372e-06
1.772677720200402e-02	-7.883372e-06
1.773677720200402e-02	-7.883372e-06
1.774677720200402e-02	-7.883372e-06
1.775677720200402e-02	-7.883372e-06
1.776677720200402e-02	-7.883372e-06
1.777677720200401e-02	-7.883372e-06
1.778677720200401e-02	-7.883372e-06
1.779677720200401e-02	-7.883372e-06
1.780677720200402e-02	-7.883372e-06
1.781677720200402e-02	-7.883372e-06
1.782677720200402e-02	-7.883372e-06
1.783677720200402e-02	-7.883372e-06
1.784677720200402e-02	-7.883372e-06
1.785677720200401e-02	-7.883371e-06
1.786677720200401e-02	-7.883371e-06
1.787677720200401e-02	-7.883371e-06
1.788677720200401e-02	-7.883371e-06
1.789677720200402e-02	-7.883371e-06
1.790677720200402e-02	-7.883371e-06
1.791677720200402e-02	-7.883371e-06
1.792677720200402e-02	-7.883371e-06
1.793677720200402e-02	-7.883371e-06
1.794677720200401e-02	-7.883371e-06
1.795677720200401e-02	-7.883372e-06
1.796677720200401e-02	-7.883372e-06
1.797677720200402e-02	-7.883372e-06
1.798677720200402e-02	-7.883372e-06
1.799677720200402e-02	-7.883371e-06
1.800677720200402e-02	-7.883371e-06
1.801677720200402e-02	-7.883371e-06
1.802677720200401e-02	-7.883371e-06
1.803677720200401e-02	-7.883371e-06
1.804677720200401e-02	-7.883371e-06
1.805677720200401e-02	-7.883371e-06
1.806677720200402e-02	-7.883371e-06
1.807677720200402e-02	-7.883371e-06
1.808677720200402e-02	-7.883371e-06
1.809677720200402e-02	-7.883371e-06
1.810677720200402e-02	-7.883371e-06
1.811677720200401e-02	-7.883371e-06
1.812677720200401e-02	-7.883371e-06
1.813677720200401e-02	-7.883371e-06
1.814677720200402e-02	-7.883371e-06
1.815677720200402e-02	-7.883371e-06
1.816677720200402e-02	-7.883371e-06
1.817677720200402e-02	-7.883371e-06
1.818677720200402e-02	-7.883371e-06
1.819677720200401e-02	-7.883371e-06
1.820677720200401e-02	-7.883371e-06
1.821677720200401e-02	-7.883371e-06
1.822677720200401e-02	-7.883371e-06
1.823677720200402e-02	-7.883371e-06
1.824677720200402e-02	-7.883371e-06
1.825677720200402e-02	-7.883371e-06
1.826677720200402e-02	-7.883371e-06
1.827677720200402e-02	-7.883371e-06
1.828677720200401e-02	-7.883371e-06
1.829677720200401e-02	-7.883371e-06
1.830677720200401e-02	-7.883371e-06
1.831677720200402e-02	-7.883371e-06
1.832677720200402e-02	-7.883371e-06
1.833677720200402e-02	-7.883371e-06
1.834677720200402e-02	-7.883371e-06
1.835677720200402e-02	-7.883371e-06
1.836677720200402e-02	-7.883371e-06
1.837677720200401e-02	-7.883371e-06
1.838677720200401e-02	-7.883371e-06
1.839677720200401e-02	-7.883371e-06
1.840677720200402e-02	-7.883371e-06
1.841677720200402e-02	-7.883371e-06
1.842677720200402e-02	-7.883371e-06
1.843677720200402e-02	-7.883371e-06
1.844677720200402e-02	-7.883371e-06
1.845677720200401e-02	-7.883371e-06
1.846677720200401e-02	-7.883371e-06
1.847677720200401e-02	-7.883371e-06
1.848677720200402e-02	-7.883371e-06
1.849677720200402e-02	-7.883371e-06
1.850677720200402e-02	-7.883371e-06
1.851677720200402e-02	-7.883371e-06
1.852677720200402e-02	-7.883371e-06
1.853677720200402e-02	-7.883371e-06
1.854677720200401e-02	-7.883371e-06
1.855677720200401e-02	-7.883371e-06
1.856677720200401e-02	-7.883371e-06
1.857677720200402e-02	-7.883371e-06
1.858677720200402e-02	-7.883371e-06
1.859677720200402e-02	-7.883371e-06
1.860677720200402e-02	-7.883371e-06
1.861677720200402e-02	-7.883371e-06
1.862677720200401e-02	-7.883371e-06
1.863677720200401e-02	-7.883371e-06
1.864677720200401e-02	-7.883371e-06
1.865677720200402e-02	-7.883371e-06
1.866677720200402e-02	-7.883371e-06
1.867677720200402e-02	-7.883371e-06
1.868677720200402e-02	-7.883371e-06
1.869677720200402e-02	-7.883371e-06
1.870677720200402e-02	-7.883371e-06
1.871677720200401e-02	-7.883371e-06
1.872677720200401e-02	-7.883371e-06
1.873677720200401e-02	-7.883371e-06
1.874677720200402e-02	-7.883371e-06
1.875677720200402e-02	-7.883371e-06
1.876677720200402e-02	-7.883371e-06
1.877677720200402e-02	-7.883371e-06
1.878677720200402e-02	-7.883371e-06
1.879677720200401e-02	-7.883371e-06
1.880677720200401e-02	-7.883371e-06
1.881677720200401e-02	-7.883371e-06
1.882677720200402e-02	-7.883371e-06
1.883677720200402e-02	-7.883371e-06
1.884677720200402e-02	-7.883371e-06
1.885677720200402e-02	-7.883371e-06
1.886677720200402e-02	-7.883371e-06
1.887677720200402e-02	-7.883371e-06
1.888677720200401e-02	-7.883371e-06
1.889677720200401e-02	-7.883371e-06
1.890677720200401e-02	-7.883371e-06
1.891677720200402e-02	-7.883371e-06
1.892677720200402e-02	-7.883371e-06
1.893677720200402e-02	-7.883371e-06
1.894677720200402e-02	-7.883371e-06
1.895677720200402e-02	-7.883371e-06
1.896677720200401e-02	-7.883371e-06
1.897677720200401e-02	-7.883371e-06
1.898677720200401e-02	-7.883371e-06
1.899677720200401e-02	-7.883371e-06
1.900677720200402e-02	-7.883371e-06
1.901677720200402e-02	-7.883371e-06
1.902677720200402e-02	-7.883371e-06
1.903677720200402e-02	-7.883371e-06
1.904677720200402e-02	-7.883371e-06
1.905677720200401e-02	-7.883371e-06
1.906677720200401e-02	-7.883371e-06
1.907677720200401e-02	-7.883371e-06
1.908677720200402e-02	-7.883371e-06
1.909677720200402e-02	-7.883371e-06
1.910677720200402e-02	-7.883371e-06
1.911677720200402e-02	-7.883371e-06
1.912677720200402e-02	-7.883371e-06
1.913677720200401e-02	-7.883371e-06
1.914677720200401e-02	-7.883371e-06
1.915677720200401e-02	-7.883371e-06
1.916677720200401e-02	-7.883371e-06
1.917677720200402e-02	-7.883371e-06
1.918677720200402e-02	-7.883371e-06
1.919677720200402e-02	-7.883371e-06
1.920677720200402e-02	-7.883371e-06
1.921677720200402e-02	-7.883371e-06
1.922677720200401e-02	-7.883371e-06
1.923677720200401e-02	-7.883371e-06
1.924677720200401e-02	-7.883371e-06
1.925677720200402e-02	-7.883371e-06
1.926677720200402e-02	-7.883371e-06
1.927677720200402e-02	-7.883371e-06
1.928677720200402e-02	-7.883371e-06
1.929677720200402e-02	-7.883371e-06
1.930677720200401e-02	-7.883371e-06
1.931677720200401e-02	-7.883371e-06
1.932677720200401e-02	-7.883371e-06
1.933677720200401e-02	-7.883371e-06
1.934677720200402e-02	-7.883371e-06
1.935677720200402e-02	-7.883371e-06
1.936677720200402e-02	-7.883371e-06
1.937677720200402e-02	-7.883371e-06
1.938677720200402e-02	-7.883371e-06
1.939677720200401e-02	-7.883371e-06
1.940677720200401e-02	-7.883371e-06
1.941677720200401e-02	-7.883371e-06
1.942677720200402e-02	-7.883371e-06
1.943677720200402e-02	-7.883371e-06
1.944677720200402e-02	-7.883371e-06
1.945677720200402e-02	-7.883371e-06
1.946677720200402e-02	-7.883371e-06
1.947677720200401e-02	-7.883371e-06
1.948677720200401e-02	-7.883371e-06
1.949677720200401e-02	-7.883371e-06
1.950677720200401e-02	-7.883371e-06
1.951677720200402e-02	-7.883371e-06
1.952677720200402e-02	-7.883371e-06
1.953677720200402e-02	-7.883371e-06
1.954677720200402e-02	-7.883371e-06
1.955677720200402e-02	-7.883371e-06
1.956677720200401e-02	-7.883371e-06
1.957677720200401e-02	-7.883371e-06
1.958677720200401e-02	-7.883371e-06
1.959677720200402e-02	-7.883371e-06
1.960677720200402e-02	-7.883371e-06
1.961677720200402e-02	-7.883371e-06
1.962677720200402e-02	-7.883371e-06
1.963677720200402e-02	-7.883371e-06
1.964677720200401e-02	-7.883371e-06
1.965677720200401e-02	-7.883371e-06
1.966677720200401e-02	-7.883371e-06
1.967677720200401e-02	-7.883371e-06
1.968677720200402e-02	-7.883371e-06
1.969677720200402e-02	-7.883371e-06
1.970677720200402e-02	-7.883371e-06
1.971677720200402e-02	-7.883371e-06
1.972677720200402e-02	-7.883371e-06
1.973677720200401e-02	-7.883371e-06
1.974677720200401e-02	-7.883371e-06
1.975677720200401e-02	-7.883371e-06
1.976677720200402e-02	-7.883371e-06
1.977677720200402e-02	-7.883371e-06
1.978677720200402e-02	-7.883371e-06
1.979677720200402e-02	-7.883371e-06
1.980677720200402e-02	-7.883371e-06
1.981677720200401e-02	-7.883371e-06
1.982677720200401e-02	-7.883371e-06
1.983677720200401e-02	-7.883371e-06
1.984677720200401e-02	-7.883371e-06
1.985677720200402e-02	-7.883371e-06
1.986677720200402e-02	-7.883371e-06
1.987677720200402e-02	-7.883371e-06
1.988677720200402e-02	-7.883371e-06
1.989677720200402e-02	-7.883371e-06
1.990677720200401e-02	-7.883371e-06
1.991677720200401e-02	-7.883371e-06
1.992677720200401e-02	-7.883371e-06
1.993677720200402e-02	-7.883371e-06
1.994677720200402e-02	-7.883371e-06
1.995677720200402e-02	-7.883371e-06
1.996677720200402e-02	-7.883371e-06
1.997677720200402e-02	-7.883371e-06
1.998677720200401e-02	-7.883371e-06
1.999677720200401e-02	-7.883371e-06
2.000000000000000e-02	-7.883371e-06
