time	I(Vcell25)
0.000000000000000e+00	-2.647137e-07
9.999999439624929e-11	-2.644106e-07
1.999999887924986e-10	-2.641156e-07
3.999999775849972e-10	-2.635200e-07
7.999999551699943e-10	-2.623244e-07
1.599999910339989e-09	-2.599795e-07
3.199999820679977e-09	-2.554246e-07
6.399999641359955e-09	-2.466374e-07
1.279999928271991e-08	-2.298910e-07
2.559999856543982e-08	-1.984958e-07
5.119999713087964e-08	-1.110906e-07
9.248630850171440e-08	2.454213e-06
1.509534381396734e-07	-3.574094e-07
2.056480128373649e-07	-6.275773e-07
2.711143867170323e-07	-1.100532e-06
3.307377656508653e-07	-1.310546e-06
4.437946652846665e-07	-1.499305e-06
4.651394947561105e-07	-1.488377e-06
5.078291536989987e-07	-1.481943e-06
5.932084715847752e-07	-1.482077e-06
7.639671073563279e-07	-1.480280e-06
1.105484378899433e-06	-1.487814e-06
1.673051841019030e-06	-1.490285e-06
2.376510633154691e-06	-1.492419e-06
3.374090772425429e-06	-1.488845e-06
5.041396145730399e-06	-1.484788e-06
8.376006892340335e-06	-1.455413e-06
1.504522838556021e-05	-1.079761e-06
2.504522838556021e-05	-1.763461e-07
3.504522838556021e-05	3.536514e-07
4.504522838556021e-05	5.280050e-07
5.504522838556020e-05	7.683064e-07
6.504522838556020e-05	6.776230e-07
7.504522838556020e-05	8.790161e-07
8.504522838556020e-05	8.102492e-07
9.504522838556020e-05	9.642490e-07
1.000000009999994e-04	8.574821e-07
1.000000019999994e-04	8.533854e-07
1.000000179999994e-04	8.505455e-07
1.000000499999994e-04	8.515620e-07
1.000001139999994e-04	8.488838e-07
1.000002419999994e-04	8.500138e-07
1.000004979999994e-04	8.477409e-07
1.000010099999994e-04	8.507511e-07
1.000020339999994e-04	8.527880e-07
1.000040819999994e-04	8.643033e-07
1.000081779999994e-04	8.782330e-07
1.000163699999994e-04	8.989924e-07
1.000327539999994e-04	9.109522e-07
1.000655219999995e-04	9.165161e-07
1.001310579999995e-04	9.150721e-07
1.002621299999997e-04	9.185879e-07
1.005242740000000e-04	9.172850e-07
1.010485620000006e-04	9.206926e-07
1.020971380000018e-04	9.209809e-07
1.041942900000042e-04	9.279015e-07
1.083885940000089e-04	9.345891e-07
1.167772020000184e-04	9.521541e-07
1.267772020000184e-04	9.649322e-07
1.367772020000184e-04	9.790069e-07
1.467772020000184e-04	9.022417e-07
1.567772020000184e-04	4.732591e-07
1.667772020000184e-04	1.788749e-07
1.767772020000184e-04	6.407286e-08
1.867772020000184e-04	1.180983e-08
1.967772020000184e-04	-1.336619e-08
2.067772020000184e-04	-3.922577e-08
2.167772020000184e-04	-4.553081e-08
2.267772020000184e-04	-6.161976e-08
2.367772020000184e-04	-6.388592e-08
2.467772020000184e-04	-7.725077e-08
2.567772020000184e-04	-7.819402e-08
2.667772020000184e-04	-9.056094e-08
2.767772020000184e-04	-9.091470e-08
2.867772020000184e-04	-1.027784e-07
2.967772020000184e-04	-1.842158e-09
3.067772020000184e-04	2.488043e-07
3.136073933012695e-04	-9.580557e-07
3.199080178786833e-04	-6.474213e-08
3.270924828583317e-04	-8.180600e-07
3.338519288579994e-04	5.748792e-08
3.401720122438808e-04	-4.350779e-07
3.471085104513955e-04	5.113135e-07
3.533205664494880e-04	-4.177787e-07
3.605006339090419e-04	5.105920e-07
3.705006339090419e-04	-4.589858e-07
3.805006339090419e-04	4.800293e-07
3.905006339090419e-04	-5.045259e-07
4.005006339090419e-04	4.479734e-07
4.105006339090419e-04	-5.464103e-07
4.205006339090419e-04	4.189942e-07
4.305006339090419e-04	-5.842364e-07
4.405006339090419e-04	3.929916e-07
4.505006339090418e-04	-6.181815e-07
4.605006339090419e-04	3.699716e-07
4.705006339090418e-04	-6.484713e-07
4.805006339090419e-04	3.498197e-07
4.905006339090418e-04	-6.753746e-07
5.005006339090419e-04	3.323599e-07
5.105006339090419e-04	-6.991795e-07
5.205006339090418e-04	3.173804e-07
5.305006339090418e-04	-6.868959e-07
5.405006339090419e-04	4.201189e-07
5.505006339090419e-04	-6.821073e-07
5.605006339090418e-04	4.221063e-07
5.705006339090418e-04	-6.986568e-07
5.805006339090419e-04	4.159217e-07
5.905006339090419e-04	-7.182564e-07
6.005006339090418e-04	4.082712e-07
6.105006339090418e-04	-7.374667e-07
6.205006339090419e-04	4.011575e-07
6.305006339090419e-04	-7.553247e-07
6.405006339090418e-04	3.951465e-07
6.505006339090418e-04	-7.716102e-07
6.605006339090419e-04	3.903503e-07
6.705006339090419e-04	-7.863700e-07
6.805006339090418e-04	3.867141e-07
6.905006339090418e-04	-7.997411e-07
7.005006339090419e-04	3.841268e-07
7.105006339090419e-04	-8.118836e-07
7.205006339090418e-04	3.824645e-07
7.305006339090418e-04	-8.229530e-07
7.405006339090419e-04	3.816077e-07
7.505006339090419e-04	-8.330916e-07
7.605006339090418e-04	3.814478e-07
7.705006339090418e-04	-8.424250e-07
7.805006339090418e-04	3.818888e-07
7.905006339090419e-04	-8.510632e-07
8.005006339090418e-04	3.828466e-07
8.105006339090418e-04	-8.591013e-07
8.205006339090418e-04	3.842484e-07
8.305006339090419e-04	-8.666214e-07
8.405006339090418e-04	3.860315e-07
8.505006339090418e-04	-8.736944e-07
8.605006339090418e-04	3.881417e-07
8.705006339090419e-04	-8.803810e-07
8.805006339090418e-04	3.905326e-07
8.905006339090418e-04	-8.867338e-07
9.005006339090418e-04	3.931641e-07
9.105006339090419e-04	-8.927976e-07
9.205006339090418e-04	3.960020e-07
9.305006339090418e-04	-8.986113e-07
9.405006339090418e-04	3.990169e-07
9.505006339090419e-04	-9.042083e-07
9.605006339090418e-04	4.021834e-07
9.705006339090418e-04	-9.096171e-07
9.805006339090418e-04	4.054801e-07
9.905006339090419e-04	-9.148625e-07
1.000000000000000e-03	4.090225e-07
1.000000001000000e-03	8.190114e-07
1.000000017000000e-03	-1.993545e-06
1.000000049000000e-03	-2.848516e-06
1.000000113000000e-03	-4.003564e-06
1.000000241000000e-03	-4.112022e-06
1.000000497000000e-03	-3.633591e-06
1.000001009000000e-03	-2.292887e-06
1.000002033000000e-03	-1.057259e-06
1.000004081000000e-03	-2.290506e-07
1.000008177000000e-03	-2.898984e-07
1.000016369000001e-03	-2.133045e-07
1.000032753000001e-03	-2.966158e-07
1.000065521000002e-03	-2.114774e-07
1.000131057000004e-03	-2.972587e-07
1.000262129000007e-03	-2.111463e-07
1.000524273000015e-03	-2.974388e-07
1.001048561000029e-03	-2.110980e-07
1.002097137000058e-03	-2.975429e-07
1.004194289000116e-03	-2.112056e-07
1.008388593000232e-03	-2.978032e-07
1.016777201000463e-03	-2.116839e-07
1.026777201000463e-03	-2.984792e-07
1.036777201000463e-03	-2.123682e-07
1.046777201000463e-03	-2.991231e-07
1.056777201000463e-03	-2.129640e-07
1.066777201000463e-03	-2.996850e-07
1.076777201000463e-03	-2.134837e-07
1.086777201000463e-03	-3.001759e-07
1.096777201000463e-03	-2.139373e-07
1.106777201000463e-03	-3.006054e-07
1.116777201000463e-03	-2.143337e-07
1.126777201000463e-03	-3.009815e-07
1.136777201000463e-03	-2.146802e-07
1.146777201000463e-03	-3.013111e-07
1.156777201000463e-03	-2.149834e-07
1.166777201000463e-03	-3.016003e-07
1.176777201000463e-03	-2.152488e-07
1.186777201000463e-03	-3.018542e-07
1.196777201000463e-03	-2.154815e-07
1.206777201000463e-03	-3.020775e-07
1.216777201000463e-03	-2.156854e-07
1.226777201000463e-03	-3.022740e-07
1.236777201000463e-03	-2.158643e-07
1.246777201000463e-03	-3.024471e-07
1.256777201000463e-03	-2.160214e-07
1.266777201000463e-03	-3.025997e-07
1.276777201000463e-03	-2.161593e-07
1.286777201000463e-03	-3.027345e-07
1.296777201000463e-03	-2.162806e-07
1.306777201000463e-03	-3.028536e-07
1.316777201000463e-03	-2.163871e-07
1.326777201000463e-03	-3.029589e-07
1.336777201000463e-03	-2.164808e-07
1.346777201000463e-03	-3.030522e-07
1.356777201000463e-03	-2.165632e-07
1.366777201000463e-03	-3.031350e-07
1.376777201000463e-03	-2.166357e-07
1.386777201000463e-03	-3.032084e-07
1.396777201000463e-03	-2.166995e-07
1.406777201000463e-03	-3.032737e-07
1.416777201000463e-03	-2.167556e-07
1.426777201000463e-03	-3.033317e-07
1.436777201000463e-03	-2.168050e-07
1.446777201000463e-03	-3.033835e-07
1.456777201000463e-03	-2.168484e-07
1.466777201000463e-03	-3.034296e-07
1.476777201000463e-03	-2.168866e-07
1.486777201000463e-03	-3.034709e-07
1.496777201000463e-03	-2.169202e-07
1.506777201000463e-03	-3.035077e-07
1.516777201000463e-03	-2.169497e-07
1.526777201000463e-03	-3.035408e-07
1.536777201000463e-03	-2.169756e-07
1.546777201000463e-03	-3.035704e-07
1.556777201000463e-03	-2.169983e-07
1.566777201000463e-03	-3.035971e-07
1.576777201000463e-03	-2.170182e-07
1.586777201000463e-03	-3.036211e-07
1.596777201000463e-03	-2.170356e-07
1.606777201000463e-03	-3.036427e-07
1.616777201000463e-03	-2.170508e-07
1.626777201000463e-03	-3.036622e-07
1.636777201000463e-03	-2.170640e-07
1.646777201000463e-03	-3.036799e-07
1.656777201000463e-03	-2.170755e-07
1.666777201000463e-03	-3.036960e-07
1.676777201000463e-03	-2.170854e-07
1.686777201000463e-03	-3.037106e-07
1.696777201000463e-03	-2.170940e-07
1.706777201000463e-03	-3.037239e-07
1.716777201000463e-03	-2.171014e-07
1.726777201000463e-03	-3.037361e-07
1.736777201000463e-03	-2.171077e-07
1.746777201000463e-03	-3.037473e-07
1.756777201000463e-03	-2.171130e-07
1.766777201000463e-03	-3.037575e-07
1.776777201000463e-03	-2.171175e-07
1.786777201000463e-03	-3.037670e-07
1.796777201000463e-03	-2.171212e-07
1.806777201000463e-03	-3.037757e-07
1.816777201000463e-03	-2.171243e-07
1.826777201000463e-03	-3.037838e-07
1.836777201000463e-03	-2.171268e-07
1.846777201000463e-03	-3.037913e-07
1.856777201000463e-03	-2.171287e-07
1.866777201000463e-03	-3.037983e-07
1.876777201000463e-03	-2.171302e-07
1.886777201000463e-03	-3.038049e-07
1.896777201000463e-03	-2.171312e-07
1.906777201000463e-03	-3.038111e-07
1.916777201000463e-03	-2.171319e-07
1.926777201000463e-03	-3.038169e-07
1.936777201000463e-03	-2.171322e-07
1.946777201000463e-03	-3.038224e-07
1.956777201000463e-03	-2.171322e-07
1.966777201000463e-03	-3.038276e-07
1.976777201000463e-03	-2.171320e-07
1.986777201000463e-03	-3.038325e-07
1.996777201000463e-03	-2.171315e-07
2.006777201000463e-03	-3.038373e-07
2.016777201000463e-03	-2.171308e-07
2.026777201000463e-03	-3.038418e-07
2.036777201000463e-03	-2.171299e-07
2.046777201000463e-03	-3.038461e-07
2.056777201000463e-03	-2.171289e-07
2.066777201000463e-03	-3.038503e-07
2.076777201000463e-03	-2.171277e-07
2.086777201000463e-03	-3.038543e-07
2.096777201000463e-03	-2.171264e-07
2.106777201000463e-03	-3.038582e-07
2.116777201000463e-03	-2.171249e-07
2.126777201000463e-03	-3.038620e-07
2.136777201000463e-03	-2.171233e-07
2.146777201000463e-03	-3.038656e-07
2.156777201000463e-03	-2.171217e-07
2.166777201000463e-03	-3.038692e-07
2.176777201000463e-03	-2.171199e-07
2.186777201000463e-03	-3.038727e-07
2.196777201000463e-03	-2.171181e-07
2.206777201000463e-03	-3.038761e-07
2.216777201000463e-03	-2.171162e-07
2.226777201000463e-03	-3.038795e-07
2.236777201000463e-03	-2.171143e-07
2.246777201000463e-03	-3.038827e-07
2.256777201000463e-03	-2.171123e-07
2.266777201000463e-03	-3.038859e-07
2.276777201000463e-03	-2.171102e-07
2.286777201000463e-03	-3.038891e-07
2.296777201000463e-03	-2.171081e-07
2.306777201000463e-03	-3.038923e-07
2.316777201000463e-03	-2.171060e-07
2.326777201000463e-03	-3.038953e-07
2.336777201000463e-03	-2.171038e-07
2.346777201000463e-03	-3.038984e-07
2.356777201000463e-03	-2.171016e-07
2.366777201000463e-03	-3.039014e-07
2.376777201000463e-03	-2.170993e-07
2.386777201000463e-03	-3.039044e-07
2.396777201000463e-03	-2.170971e-07
2.406777201000463e-03	-3.039073e-07
2.416777201000463e-03	-2.170948e-07
2.426777201000463e-03	-3.039102e-07
2.436777201000463e-03	-2.170925e-07
2.446777201000463e-03	-3.039131e-07
2.456777201000463e-03	-2.170901e-07
2.466777201000463e-03	-3.039160e-07
2.476777201000463e-03	-2.170878e-07
2.486777201000463e-03	-3.039189e-07
2.496777201000463e-03	-2.170854e-07
2.506777201000463e-03	-3.039217e-07
2.516777201000463e-03	-2.170831e-07
2.526777201000463e-03	-3.039245e-07
2.536777201000463e-03	-2.170807e-07
2.546777201000463e-03	-3.039274e-07
2.556777201000463e-03	-2.170783e-07
2.566777201000463e-03	-3.039301e-07
2.576777201000463e-03	-2.170759e-07
2.586777201000463e-03	-3.039329e-07
2.596777201000463e-03	-2.170735e-07
2.606777201000463e-03	-3.039357e-07
2.616777201000463e-03	-2.170710e-07
2.626777201000463e-03	-3.039384e-07
2.636777201000463e-03	-2.170686e-07
2.646777201000463e-03	-3.039412e-07
2.656777201000463e-03	-2.170662e-07
2.666777201000463e-03	-3.039439e-07
2.676777201000463e-03	-2.170637e-07
2.686777201000463e-03	-3.039466e-07
2.696777201000463e-03	-2.170613e-07
2.706777201000463e-03	-3.039494e-07
2.716777201000463e-03	-2.170588e-07
2.726777201000463e-03	-3.039521e-07
2.736777201000463e-03	-2.170564e-07
2.746777201000463e-03	-3.039548e-07
2.756777201000463e-03	-2.170539e-07
2.766777201000463e-03	-3.039575e-07
2.776777201000463e-03	-2.170514e-07
2.786777201000463e-03	-3.039602e-07
2.796777201000463e-03	-2.170489e-07
2.806777201000463e-03	-3.039628e-07
2.816777201000463e-03	-2.170465e-07
2.826777201000463e-03	-3.039655e-07
2.836777201000463e-03	-2.170440e-07
2.846777201000463e-03	-3.039682e-07
2.856777201000463e-03	-2.170415e-07
2.866777201000463e-03	-3.039709e-07
2.876777201000463e-03	-2.170390e-07
2.886777201000463e-03	-3.039735e-07
2.896777201000463e-03	-2.170366e-07
2.906777201000463e-03	-3.039762e-07
2.916777201000463e-03	-2.170341e-07
2.926777201000463e-03	-3.039788e-07
2.936777201000463e-03	-2.170316e-07
2.946777201000463e-03	-3.039815e-07
2.956777201000463e-03	-2.170291e-07
2.966777201000463e-03	-3.039841e-07
2.976777201000463e-03	-2.170266e-07
2.986777201000463e-03	-3.039867e-07
2.996777201000463e-03	-2.170241e-07
3.006777201000463e-03	-3.039893e-07
3.016777201000463e-03	-2.170217e-07
3.026777201000463e-03	-3.039920e-07
3.036777201000463e-03	-2.170192e-07
3.046777201000463e-03	-3.039946e-07
3.056777201000463e-03	-2.170167e-07
3.066777201000463e-03	-3.039972e-07
3.076777201000463e-03	-2.170142e-07
3.086777201000463e-03	-3.039998e-07
3.096777201000463e-03	-2.170117e-07
3.106777201000463e-03	-3.040024e-07
3.116777201000463e-03	-2.170092e-07
3.126777201000463e-03	-3.040050e-07
3.136777201000463e-03	-2.170067e-07
3.146777201000463e-03	-3.040076e-07
3.156777201000463e-03	-2.170042e-07
3.166777201000463e-03	-3.040102e-07
3.176777201000463e-03	-2.170017e-07
3.186777201000463e-03	-3.040128e-07
3.196777201000463e-03	-2.169993e-07
3.206777201000463e-03	-3.040154e-07
3.216777201000463e-03	-2.169968e-07
3.226777201000463e-03	-3.040180e-07
3.236777201000463e-03	-2.169943e-07
3.246777201000463e-03	-3.040206e-07
3.256777201000463e-03	-2.169918e-07
3.266777201000463e-03	-3.040232e-07
3.276777201000463e-03	-2.169893e-07
3.286777201000463e-03	-3.040257e-07
3.296777201000463e-03	-2.169868e-07
3.306777201000463e-03	-3.040283e-07
3.316777201000463e-03	-2.169843e-07
3.326777201000463e-03	-3.040309e-07
3.336777201000463e-03	-2.169818e-07
3.346777201000463e-03	-3.040334e-07
3.356777201000463e-03	-2.169794e-07
3.366777201000463e-03	-3.040360e-07
3.376777201000463e-03	-2.169769e-07
3.386777201000463e-03	-3.040386e-07
3.396777201000463e-03	-2.169744e-07
3.406777201000463e-03	-3.040411e-07
3.416777201000463e-03	-2.169719e-07
3.426777201000463e-03	-3.040437e-07
3.436777201000463e-03	-2.169694e-07
3.446777201000463e-03	-3.040462e-07
3.456777201000463e-03	-2.169669e-07
3.466777201000463e-03	-3.040488e-07
3.476777201000463e-03	-2.169645e-07
3.486777201000463e-03	-3.040513e-07
3.496777201000463e-03	-2.169620e-07
3.506777201000463e-03	-3.040539e-07
3.516777201000463e-03	-2.169595e-07
3.526777201000463e-03	-3.040564e-07
3.536777201000463e-03	-2.169570e-07
3.546777201000463e-03	-3.040589e-07
3.556777201000463e-03	-2.169545e-07
3.566777201000463e-03	-3.040615e-07
3.576777201000463e-03	-2.169521e-07
3.586777201000463e-03	-3.040640e-07
3.596777201000463e-03	-2.169496e-07
3.606777201000463e-03	-3.040665e-07
3.616777201000463e-03	-2.169471e-07
3.626777201000463e-03	-3.040691e-07
3.636777201000463e-03	-2.169446e-07
3.646777201000463e-03	-3.040716e-07
3.656777201000463e-03	-2.169422e-07
3.666777201000463e-03	-3.040741e-07
3.676777201000463e-03	-2.169397e-07
3.686777201000463e-03	-3.040766e-07
3.696777201000463e-03	-2.169372e-07
3.706777201000463e-03	-3.040792e-07
3.716777201000463e-03	-2.169348e-07
3.726777201000463e-03	-3.040817e-07
3.736777201000463e-03	-2.169323e-07
3.746777201000463e-03	-3.040842e-07
3.756777201000463e-03	-2.169298e-07
3.766777201000463e-03	-3.040867e-07
3.776777201000463e-03	-2.169273e-07
3.786777201000463e-03	-3.040892e-07
3.796777201000463e-03	-2.169249e-07
3.806777201000463e-03	-3.040917e-07
3.816777201000463e-03	-2.169224e-07
3.826777201000463e-03	-3.040942e-07
3.836777201000463e-03	-2.169200e-07
3.846777201000463e-03	-3.040967e-07
3.856777201000463e-03	-2.169175e-07
3.866777201000463e-03	-3.040992e-07
3.876777201000463e-03	-2.169150e-07
3.886777201000463e-03	-3.041017e-07
3.896777201000463e-03	-2.169126e-07
3.906777201000463e-03	-3.041042e-07
3.916777201000463e-03	-2.169101e-07
3.926777201000463e-03	-3.041067e-07
3.936777201000463e-03	-2.169077e-07
3.946777201000463e-03	-3.041091e-07
3.956777201000463e-03	-2.169052e-07
3.966777201000463e-03	-3.041116e-07
3.976777201000463e-03	-2.169027e-07
3.986777201000463e-03	-3.041141e-07
3.996777201000463e-03	-2.169003e-07
4.006777201000463e-03	-3.041166e-07
4.016777201000463e-03	-2.168978e-07
4.026777201000463e-03	-3.041191e-07
4.036777201000463e-03	-2.168954e-07
4.046777201000462e-03	-3.041216e-07
4.056777201000463e-03	-2.168930e-07
4.066777201000463e-03	-3.041240e-07
4.076777201000463e-03	-2.168905e-07
4.086777201000463e-03	-3.041265e-07
4.096777201000463e-03	-2.168881e-07
4.106777201000463e-03	-3.041290e-07
4.116777201000463e-03	-2.168856e-07
4.126777201000463e-03	-3.041314e-07
4.136777201000463e-03	-2.168832e-07
4.146777201000463e-03	-3.041339e-07
4.156777201000463e-03	-2.168807e-07
4.166777201000463e-03	-3.041364e-07
4.176777201000463e-03	-2.168783e-07
4.186777201000463e-03	-3.041388e-07
4.196777201000462e-03	-2.168759e-07
4.206777201000463e-03	-3.041413e-07
4.216777201000462e-03	-2.168734e-07
4.226777201000463e-03	-3.041438e-07
4.236777201000463e-03	-2.168710e-07
4.246777201000463e-03	-3.041462e-07
4.256777201000463e-03	-2.168686e-07
4.266777201000463e-03	-3.041487e-07
4.276777201000463e-03	-2.168661e-07
4.286777201000463e-03	-3.041511e-07
4.296777201000463e-03	-2.168637e-07
4.306777201000463e-03	-3.041536e-07
4.316777201000463e-03	-2.168613e-07
4.326777201000463e-03	-3.041560e-07
4.336777201000463e-03	-2.168588e-07
4.346777201000463e-03	-3.041584e-07
4.356777201000463e-03	-2.168564e-07
4.366777201000462e-03	-3.041609e-07
4.376777201000463e-03	-2.168540e-07
4.386777201000462e-03	-3.041633e-07
4.396777201000463e-03	-2.168516e-07
4.406777201000463e-03	-3.041658e-07
4.416777201000463e-03	-2.168491e-07
4.426777201000463e-03	-3.041682e-07
4.436777201000463e-03	-2.168467e-07
4.446777201000463e-03	-3.041706e-07
4.456777201000463e-03	-2.168443e-07
4.466777201000463e-03	-3.041731e-07
4.476777201000463e-03	-2.168419e-07
4.486777201000463e-03	-3.041755e-07
4.496777201000463e-03	-2.168395e-07
4.506777201000463e-03	-3.041779e-07
4.516777201000462e-03	-2.168371e-07
4.526777201000463e-03	-3.041804e-07
4.536777201000462e-03	-2.168346e-07
4.546777201000463e-03	-3.041828e-07
4.556777201000463e-03	-2.168322e-07
4.566777201000463e-03	-3.041852e-07
4.576777201000463e-03	-2.168298e-07
4.586777201000463e-03	-3.041876e-07
4.596777201000463e-03	-2.168274e-07
4.606777201000463e-03	-3.041901e-07
4.616777201000463e-03	-2.168250e-07
4.626777201000463e-03	-3.041925e-07
4.636777201000463e-03	-2.168226e-07
4.646777201000463e-03	-3.041949e-07
4.656777201000463e-03	-2.168202e-07
4.666777201000463e-03	-3.041973e-07
4.676777201000463e-03	-2.168178e-07
4.686777201000462e-03	-3.041997e-07
4.696777201000463e-03	-2.168154e-07
4.706777201000462e-03	-3.042021e-07
4.716777201000463e-03	-2.168130e-07
4.726777201000463e-03	-3.042045e-07
4.736777201000463e-03	-2.168106e-07
4.746777201000463e-03	-3.042069e-07
4.756777201000463e-03	-2.168082e-07
4.766777201000463e-03	-3.042094e-07
4.776777201000463e-03	-2.168058e-07
4.786777201000463e-03	-3.042117e-07
4.796777201000463e-03	-2.168034e-07
4.806777201000463e-03	-3.042142e-07
4.816777201000463e-03	-2.168010e-07
4.826777201000463e-03	-3.042165e-07
4.836777201000462e-03	-2.167986e-07
4.846777201000463e-03	-3.042189e-07
4.856777201000462e-03	-2.167963e-07
4.866777201000463e-03	-3.042213e-07
4.876777201000462e-03	-2.167939e-07
4.886777201000463e-03	-3.042237e-07
4.896777201000463e-03	-2.167915e-07
4.906777201000463e-03	-3.042261e-07
4.916777201000463e-03	-2.167891e-07
4.926777201000463e-03	-3.042285e-07
4.936777201000463e-03	-2.167867e-07
4.946777201000463e-03	-3.042309e-07
4.956777201000463e-03	-2.167843e-07
4.966777201000463e-03	-3.042333e-07
4.976777201000463e-03	-2.167820e-07
4.986777201000463e-03	-3.042357e-07
4.996777201000463e-03	-2.167796e-07
5.006777201000462e-03	-3.042381e-07
5.016777201000463e-03	-2.167772e-07
5.026777201000462e-03	-3.042404e-07
5.036777201000463e-03	-2.167748e-07
5.046777201000462e-03	-3.042428e-07
5.056777201000463e-03	-2.167725e-07
5.066777201000463e-03	-3.042452e-07
5.076777201000463e-03	-2.167701e-07
5.086777201000463e-03	-3.042475e-07
5.096777201000463e-03	-2.167677e-07
5.106777201000463e-03	-3.042499e-07
5.116777201000463e-03	-2.167654e-07
5.126777201000463e-03	-3.042523e-07
5.136777201000463e-03	-2.167630e-07
5.146777201000463e-03	-3.042547e-07
5.156777201000462e-03	-2.167606e-07
5.166777201000463e-03	-3.042570e-07
5.176777201000462e-03	-2.167583e-07
5.186777201000463e-03	-3.042594e-07
5.196777201000462e-03	-2.167559e-07
5.206777201000463e-03	-3.042618e-07
5.216777201000463e-03	-2.167536e-07
5.226777201000463e-03	-3.042641e-07
5.236777201000463e-03	-2.167512e-07
5.246777201000463e-03	-3.042665e-07
5.256777201000463e-03	-2.167488e-07
5.266777201000463e-03	-3.042688e-07
5.276777201000463e-03	-2.167465e-07
5.286777201000463e-03	-3.042712e-07
5.296777201000463e-03	-2.167441e-07
5.306777201000463e-03	-3.042736e-07
5.316777201000463e-03	-2.167418e-07
5.326777201000462e-03	-3.042759e-07
5.336777201000463e-03	-2.167395e-07
5.346777201000462e-03	-3.042783e-07
5.356777201000463e-03	-2.167371e-07
5.366777201000462e-03	-3.042806e-07
5.376777201000463e-03	-2.167347e-07
5.386777201000463e-03	-3.042830e-07
5.396777201000463e-03	-2.167324e-07
5.406777201000463e-03	-3.042853e-07
5.416777201000463e-03	-2.167301e-07
5.426777201000463e-03	-3.042877e-07
5.436777201000463e-03	-2.167277e-07
5.446777201000463e-03	-3.042900e-07
5.456777201000463e-03	-2.167254e-07
5.466777201000463e-03	-3.042923e-07
5.476777201000462e-03	-2.167231e-07
5.486777201000463e-03	-3.042947e-07
5.496777201000462e-03	-2.167207e-07
5.506777201000463e-03	-3.042970e-07
5.516777201000462e-03	-2.167184e-07
5.526777201000463e-03	-3.042994e-07
5.536777201000462e-03	-2.167161e-07
5.546777201000463e-03	-3.043017e-07
5.556777201000463e-03	-2.167137e-07
5.566777201000463e-03	-3.043040e-07
5.576777201000463e-03	-2.167114e-07
5.586777201000463e-03	-3.043064e-07
5.596777201000463e-03	-2.167091e-07
5.606777201000463e-03	-3.043087e-07
5.616777201000463e-03	-2.167067e-07
5.626777201000463e-03	-3.043110e-07
5.636777201000463e-03	-2.167044e-07
5.646777201000462e-03	-3.043133e-07
5.656777201000463e-03	-2.167021e-07
5.666777201000462e-03	-3.043156e-07
5.676777201000463e-03	-2.166998e-07
5.686777201000462e-03	-3.043180e-07
5.696777201000463e-03	-2.166975e-07
5.706777201000462e-03	-3.043203e-07
5.716777201000463e-03	-2.166951e-07
5.726777201000463e-03	-3.043226e-07
5.736777201000463e-03	-2.166928e-07
5.746777201000463e-03	-3.043249e-07
5.756777201000463e-03	-2.166905e-07
5.766777201000463e-03	-3.043272e-07
5.776777201000463e-03	-2.166882e-07
5.786777201000463e-03	-3.043295e-07
5.796777201000462e-03	-2.166859e-07
5.806777201000463e-03	-3.043319e-07
5.816777201000462e-03	-2.166836e-07
5.826777201000463e-03	-3.043342e-07
5.836777201000462e-03	-2.166813e-07
5.846777201000463e-03	-3.043365e-07
5.856777201000462e-03	-2.166790e-07
5.866777201000463e-03	-3.043388e-07
5.876777201000462e-03	-2.166767e-07
5.886777201000463e-03	-3.043411e-07
5.896777201000463e-03	-2.166744e-07
5.906777201000463e-03	-3.043434e-07
5.916777201000463e-03	-2.166721e-07
5.926777201000463e-03	-3.043457e-07
5.936777201000463e-03	-2.166698e-07
5.946777201000463e-03	-3.043480e-07
5.956777201000463e-03	-2.166675e-07
5.966777201000462e-03	-3.043503e-07
5.976777201000463e-03	-2.166652e-07
5.986777201000462e-03	-3.043526e-07
5.996777201000463e-03	-2.166629e-07
6.006777201000462e-03	-3.043549e-07
6.016777201000463e-03	-2.166606e-07
6.026777201000462e-03	-3.043572e-07
6.036777201000463e-03	-2.166583e-07
6.046777201000463e-03	-3.043595e-07
6.056777201000463e-03	-2.166560e-07
6.066777201000463e-03	-3.043617e-07
6.076777201000463e-03	-2.166537e-07
6.086777201000463e-03	-3.043641e-07
6.096777201000463e-03	-2.166514e-07
6.106777201000463e-03	-3.043663e-07
6.116777201000462e-03	-2.166492e-07
6.126777201000463e-03	-3.043686e-07
6.136777201000462e-03	-2.166469e-07
6.146777201000463e-03	-3.043709e-07
6.156777201000462e-03	-2.166446e-07
6.166777201000463e-03	-3.043732e-07
6.176777201000462e-03	-2.166423e-07
6.186777201000463e-03	-3.043755e-07
6.196777201000462e-03	-2.166400e-07
6.206777201000463e-03	-3.043777e-07
6.216777201000463e-03	-2.166378e-07
6.226777201000463e-03	-3.043800e-07
6.236777201000463e-03	-2.166355e-07
6.246777201000463e-03	-3.043823e-07
6.256777201000463e-03	-2.166332e-07
6.266777201000463e-03	-3.043846e-07
6.276777201000463e-03	-2.166309e-07
6.286777201000462e-03	-3.043868e-07
6.296777201000463e-03	-2.166287e-07
6.306777201000462e-03	-3.043891e-07
6.316777201000463e-03	-2.166264e-07
6.326777201000462e-03	-3.043914e-07
6.336777201000463e-03	-2.166241e-07
6.346777201000462e-03	-3.043936e-07
6.356777201000463e-03	-2.166219e-07
6.366777201000462e-03	-3.043959e-07
6.376777201000463e-03	-2.166196e-07
6.386777201000463e-03	-3.043982e-07
6.396777201000463e-03	-2.166174e-07
6.406777201000463e-03	-3.044004e-07
6.416777201000463e-03	-2.166151e-07
6.426777201000463e-03	-3.044027e-07
6.436777201000462e-03	-2.166128e-07
6.446777201000463e-03	-3.044049e-07
6.456777201000462e-03	-2.166106e-07
6.466777201000463e-03	-3.044072e-07
6.476777201000462e-03	-2.166083e-07
6.486777201000463e-03	-3.044095e-07
6.496777201000462e-03	-2.166061e-07
6.506777201000463e-03	-3.044117e-07
6.516777201000462e-03	-2.166038e-07
6.526777201000463e-03	-3.044140e-07
6.536777201000462e-03	-2.166016e-07
6.546777201000463e-03	-3.044162e-07
6.556777201000463e-03	-2.165993e-07
6.566777201000463e-03	-3.044184e-07
6.576777201000463e-03	-2.165971e-07
6.586777201000463e-03	-3.044207e-07
6.596777201000463e-03	-2.165948e-07
6.606777201000462e-03	-3.044229e-07
6.616777201000463e-03	-2.165926e-07
6.626777201000462e-03	-3.044252e-07
6.636777201000463e-03	-2.165904e-07
6.646777201000462e-03	-3.044274e-07
6.656777201000463e-03	-2.165881e-07
6.666777201000462e-03	-3.044297e-07
6.676777201000463e-03	-2.165859e-07
6.686777201000462e-03	-3.044319e-07
6.696777201000463e-03	-2.165836e-07
6.706777201000463e-03	-3.044341e-07
6.716777201000463e-03	-2.165814e-07
6.726777201000463e-03	-3.044364e-07
6.736777201000463e-03	-2.165792e-07
6.746777201000463e-03	-3.044386e-07
6.756777201000462e-03	-2.165769e-07
6.766777201000463e-03	-3.044408e-07
6.776777201000462e-03	-2.165747e-07
6.786777201000463e-03	-3.044431e-07
6.796777201000462e-03	-2.165725e-07
6.806777201000463e-03	-3.044453e-07
6.816777201000462e-03	-2.165702e-07
6.826777201000463e-03	-3.044475e-07
6.836777201000462e-03	-2.165680e-07
6.846777201000463e-03	-3.044498e-07
6.856777201000462e-03	-2.165658e-07
6.866777201000463e-03	-3.044520e-07
6.876777201000463e-03	-2.165636e-07
6.886777201000463e-03	-3.044542e-07
6.896777201000463e-03	-2.165613e-07
6.906777201000463e-03	-3.044564e-07
6.916777201000463e-03	-2.165591e-07
6.926777201000462e-03	-3.044586e-07
6.936777201000463e-03	-2.165569e-07
6.946777201000462e-03	-3.044609e-07
6.956777201000463e-03	-2.165547e-07
6.966777201000462e-03	-3.044631e-07
6.976777201000463e-03	-2.165525e-07
6.986777201000462e-03	-3.044653e-07
6.996777201000463e-03	-2.165503e-07
7.006777201000462e-03	-3.044675e-07
7.016777201000463e-03	-2.165481e-07
7.026777201000462e-03	-3.044697e-07
7.036777201000463e-03	-2.165459e-07
7.046777201000463e-03	-3.044719e-07
7.056777201000463e-03	-2.165436e-07
7.066777201000463e-03	-3.044741e-07
7.076777201000462e-03	-2.165414e-07
7.086777201000463e-03	-3.044763e-07
7.096777201000462e-03	-2.165392e-07
7.106777201000463e-03	-3.044785e-07
7.116777201000462e-03	-2.165370e-07
7.126777201000463e-03	-3.044807e-07
7.136777201000462e-03	-2.165348e-07
7.146777201000463e-03	-3.044829e-07
7.156777201000462e-03	-2.165326e-07
7.166777201000463e-03	-3.044851e-07
7.176777201000462e-03	-2.165304e-07
7.186777201000463e-03	-3.044873e-07
7.196777201000462e-03	-2.165282e-07
7.206777201000463e-03	-3.044895e-07
7.216777201000463e-03	-2.165260e-07
7.226777201000463e-03	-3.044917e-07
7.236777201000463e-03	-2.165238e-07
7.246777201000462e-03	-3.044939e-07
7.256777201000463e-03	-2.165217e-07
7.266777201000462e-03	-3.044961e-07
7.276777201000463e-03	-2.165195e-07
7.286777201000462e-03	-3.044983e-07
7.296777201000463e-03	-2.165173e-07
7.306777201000462e-03	-3.045005e-07
7.316777201000463e-03	-2.165151e-07
7.326777201000462e-03	-3.045027e-07
7.336777201000463e-03	-2.165129e-07
7.346777201000462e-03	-3.045049e-07
7.356777201000463e-03	-2.165107e-07
7.366777201000463e-03	-3.045070e-07
7.376777201000463e-03	-2.165085e-07
7.386777201000463e-03	-3.045092e-07
7.396777201000462e-03	-2.165064e-07
7.406777201000463e-03	-3.045114e-07
7.416777201000462e-03	-2.165042e-07
7.426777201000463e-03	-3.045136e-07
7.436777201000462e-03	-2.165020e-07
7.446777201000463e-03	-3.045158e-07
7.456777201000462e-03	-2.164998e-07
7.466777201000463e-03	-3.045179e-07
7.476777201000462e-03	-2.164977e-07
7.486777201000463e-03	-3.045201e-07
7.496777201000462e-03	-2.164955e-07
7.506777201000463e-03	-3.045223e-07
7.516777201000462e-03	-2.164933e-07
7.526777201000463e-03	-3.045245e-07
7.536777201000463e-03	-2.164911e-07
7.546777201000463e-03	-3.045266e-07
7.556777201000463e-03	-2.164890e-07
7.566777201000462e-03	-3.045288e-07
7.576777201000463e-03	-2.164868e-07
7.586777201000462e-03	-3.045310e-07
7.596777201000463e-03	-2.164846e-07
7.606777201000462e-03	-3.045331e-07
7.616777201000463e-03	-2.164825e-07
7.626777201000462e-03	-3.045353e-07
7.636777201000463e-03	-2.164803e-07
7.646777201000462e-03	-3.045375e-07
7.656777201000463e-03	-2.164781e-07
7.666777201000462e-03	-3.045396e-07
7.676777201000463e-03	-2.164760e-07
7.686777201000462e-03	-3.045418e-07
7.696777201000463e-03	-2.164738e-07
7.706777201000463e-03	-3.045439e-07
7.716777201000462e-03	-2.164717e-07
7.726777201000463e-03	-3.045461e-07
7.736777201000462e-03	-2.164695e-07
7.746777201000463e-03	-3.045482e-07
7.756777201000462e-03	-2.164674e-07
7.766777201000463e-03	-3.045504e-07
7.776777201000462e-03	-2.164652e-07
7.786777201000463e-03	-3.045525e-07
7.796777201000462e-03	-2.164631e-07
7.806777201000463e-03	-3.045547e-07
7.816777201000463e-03	-2.164609e-07
7.826777201000463e-03	-3.045568e-07
7.836777201000462e-03	-2.164588e-07
7.846777201000462e-03	-3.045590e-07
7.856777201000463e-03	-2.164566e-07
7.866777201000463e-03	-3.045611e-07
7.876777201000463e-03	-2.164545e-07
7.886777201000462e-03	-3.045633e-07
7.896777201000462e-03	-2.164523e-07
7.906777201000463e-03	-3.045654e-07
7.916777201000463e-03	-2.164502e-07
7.926777201000462e-03	-3.045675e-07
7.936777201000462e-03	-2.164481e-07
7.946777201000463e-03	-3.045697e-07
7.956777201000463e-03	-2.164459e-07
7.966777201000462e-03	-3.045718e-07
7.976777201000462e-03	-2.164438e-07
7.986777201000463e-03	-3.045739e-07
7.996777201000463e-03	-2.164417e-07
8.006777201000462e-03	-3.045761e-07
8.016777201000462e-03	-2.164395e-07
8.026777201000463e-03	-3.045782e-07
8.036777201000463e-03	-2.164374e-07
8.046777201000463e-03	-3.045803e-07
8.056777201000462e-03	-2.164353e-07
8.066777201000462e-03	-3.045825e-07
8.076777201000463e-03	-2.164331e-07
8.086777201000463e-03	-3.045846e-07
8.096777201000462e-03	-2.164310e-07
8.106777201000462e-03	-3.045867e-07
8.116777201000463e-03	-2.164289e-07
8.126777201000463e-03	-3.045888e-07
8.136777201000462e-03	-2.164268e-07
8.146777201000462e-03	-3.045910e-07
8.156777201000463e-03	-2.164246e-07
8.166777201000463e-03	-3.045931e-07
8.176777201000462e-03	-2.164225e-07
8.186777201000462e-03	-3.045952e-07
8.196777201000462e-03	-2.164204e-07
8.206777201000463e-03	-3.045973e-07
8.216777201000463e-03	-2.164183e-07
8.226777201000462e-03	-3.045994e-07
8.236777201000462e-03	-2.164162e-07
8.246777201000463e-03	-3.046016e-07
8.256777201000463e-03	-2.164141e-07
8.266777201000462e-03	-3.046037e-07
8.276777201000462e-03	-2.164119e-07
8.286777201000463e-03	-3.046058e-07
8.296777201000463e-03	-2.164098e-07
8.306777201000462e-03	-3.046079e-07
8.316777201000462e-03	-2.164077e-07
8.326777201000463e-03	-3.046100e-07
8.336777201000463e-03	-2.164056e-07
8.346777201000462e-03	-3.046121e-07
8.356777201000462e-03	-2.164035e-07
8.366777201000462e-03	-3.046142e-07
8.376777201000463e-03	-2.164014e-07
8.386777201000463e-03	-3.046163e-07
8.396777201000462e-03	-2.163993e-07
8.406777201000462e-03	-3.046184e-07
8.416777201000463e-03	-2.163972e-07
8.426777201000463e-03	-3.046205e-07
8.436777201000462e-03	-2.163951e-07
8.446777201000462e-03	-3.046226e-07
8.456777201000463e-03	-2.163930e-07
8.466777201000463e-03	-3.046247e-07
8.476777201000462e-03	-2.163909e-07
8.486777201000462e-03	-3.046268e-07
8.496777201000463e-03	-2.163888e-07
8.506777201000463e-03	-3.046289e-07
8.516777201000462e-03	-2.163867e-07
8.526777201000462e-03	-3.046310e-07
8.536777201000462e-03	-2.163846e-07
8.546777201000463e-03	-3.046331e-07
8.556777201000463e-03	-2.163825e-07
8.566777201000462e-03	-3.046352e-07
8.576777201000462e-03	-2.163804e-07
8.586777201000463e-03	-3.046373e-07
8.596777201000463e-03	-2.163784e-07
8.606777201000462e-03	-3.046394e-07
8.616777201000462e-03	-2.163763e-07
8.626777201000463e-03	-3.046414e-07
8.636777201000463e-03	-2.163742e-07
8.646777201000462e-03	-3.046435e-07
8.656777201000462e-03	-2.163721e-07
8.666777201000463e-03	-3.046456e-07
8.676777201000463e-03	-2.163700e-07
8.686777201000462e-03	-3.046477e-07
8.696777201000462e-03	-2.163679e-07
8.706777201000462e-03	-3.046498e-07
8.716777201000463e-03	-2.163659e-07
8.726777201000463e-03	-3.046518e-07
8.736777201000462e-03	-2.163638e-07
8.746777201000462e-03	-3.046539e-07
8.756777201000463e-03	-2.163617e-07
8.766777201000463e-03	-3.046560e-07
8.776777201000462e-03	-2.163596e-07
8.786777201000462e-03	-3.046581e-07
8.796777201000463e-03	-2.163576e-07
8.806777201000463e-03	-3.046601e-07
8.816777201000462e-03	-2.163555e-07
8.826777201000462e-03	-3.046622e-07
8.836777201000462e-03	-2.163534e-07
8.846777201000463e-03	-3.046643e-07
8.856777201000463e-03	-2.163514e-07
8.866777201000462e-03	-3.046664e-07
8.876777201000462e-03	-2.163493e-07
8.886777201000463e-03	-3.046684e-07
8.896777201000463e-03	-2.163472e-07
8.906777201000462e-03	-3.046705e-07
8.916777201000462e-03	-2.163452e-07
8.926777201000463e-03	-3.046726e-07
8.936777201000463e-03	-2.163431e-07
8.946777201000462e-03	-3.046746e-07
8.956777201000462e-03	-2.163410e-07
8.966777201000463e-03	-3.046767e-07
8.976777201000463e-03	-2.163390e-07
8.986777201000462e-03	-3.046787e-07
8.996777201000462e-03	-2.163369e-07
9.006777201000462e-03	-3.046808e-07
9.016777201000463e-03	-2.163349e-07
9.026777201000463e-03	-3.046829e-07
9.036777201000462e-03	-2.163328e-07
9.046777201000462e-03	-3.046849e-07
9.056777201000463e-03	-2.163307e-07
9.066777201000463e-03	-3.046869e-07
9.076777201000462e-03	-2.163287e-07
9.086777201000462e-03	-3.046890e-07
9.096777201000463e-03	-2.163266e-07
9.106777201000463e-03	-3.046910e-07
9.116777201000462e-03	-2.163246e-07
9.126777201000462e-03	-3.046931e-07
9.136777201000463e-03	-2.163225e-07
9.146777201000463e-03	-3.046952e-07
9.156777201000462e-03	-2.163205e-07
9.166777201000462e-03	-3.046972e-07
9.176777201000462e-03	-2.163185e-07
9.186777201000463e-03	-3.046992e-07
9.196777201000463e-03	-2.163164e-07
9.206777201000462e-03	-3.047013e-07
9.216777201000462e-03	-2.163144e-07
9.226777201000463e-03	-3.047033e-07
9.236777201000463e-03	-2.163123e-07
9.246777201000462e-03	-3.047054e-07
9.256777201000462e-03	-2.163103e-07
9.266777201000463e-03	-3.047074e-07
9.276777201000463e-03	-2.163083e-07
9.286777201000462e-03	-3.047094e-07
9.296777201000462e-03	-2.163062e-07
9.306777201000463e-03	-3.047115e-07
9.316777201000463e-03	-2.163042e-07
9.326777201000462e-03	-3.047135e-07
9.336777201000462e-03	-2.163022e-07
9.346777201000462e-03	-3.047155e-07
9.356777201000463e-03	-2.163001e-07
9.366777201000463e-03	-3.047176e-07
9.376777201000462e-03	-2.162981e-07
9.386777201000462e-03	-3.047196e-07
9.396777201000463e-03	-2.162961e-07
9.406777201000463e-03	-3.047216e-07
9.416777201000462e-03	-2.162940e-07
9.426777201000462e-03	-3.047236e-07
9.436777201000463e-03	-2.162920e-07
9.446777201000463e-03	-3.047257e-07
9.456777201000462e-03	-2.162900e-07
9.466777201000462e-03	-3.047277e-07
9.476777201000462e-03	-2.162880e-07
9.486777201000463e-03	-3.047297e-07
9.496777201000462e-03	-2.162860e-07
9.506777201000462e-03	-3.047317e-07
9.516777201000462e-03	-2.162839e-07
9.526777201000463e-03	-3.047338e-07
9.536777201000463e-03	-2.162819e-07
9.546777201000462e-03	-3.047358e-07
9.556777201000462e-03	-2.162799e-07
9.566777201000463e-03	-3.047378e-07
9.576777201000463e-03	-2.162779e-07
9.586777201000462e-03	-3.047398e-07
9.596777201000462e-03	-2.162759e-07
9.606777201000463e-03	-3.047418e-07
9.616777201000463e-03	-2.162739e-07
9.626777201000462e-03	-3.047438e-07
9.636777201000462e-03	-2.162718e-07
9.646777201000462e-03	-3.047458e-07
9.656777201000463e-03	-2.162698e-07
9.666777201000462e-03	-3.047479e-07
9.676777201000462e-03	-2.162678e-07
9.686777201000462e-03	-3.047498e-07
9.696777201000463e-03	-2.162658e-07
9.706777201000463e-03	-3.047519e-07
9.716777201000462e-03	-2.162638e-07
9.726777201000462e-03	-3.047539e-07
9.736777201000463e-03	-2.162618e-07
9.746777201000463e-03	-3.047559e-07
9.756777201000462e-03	-2.162598e-07
9.766777201000462e-03	-3.047579e-07
9.776777201000463e-03	-2.162578e-07
9.786777201000463e-03	-3.047599e-07
9.796777201000462e-03	-2.162558e-07
9.806777201000462e-03	-3.047619e-07
9.816777201000462e-03	-2.162538e-07
9.826777201000463e-03	-3.047639e-07
9.836777201000462e-03	-2.162518e-07
9.846777201000462e-03	-3.047658e-07
9.856777201000462e-03	-2.162498e-07
9.866777201000463e-03	-3.047678e-07
9.876777201000463e-03	-2.162478e-07
9.886777201000462e-03	-3.047699e-07
9.896777201000462e-03	-2.162458e-07
9.906777201000463e-03	-3.047718e-07
9.916777201000463e-03	-2.162438e-07
9.926777201000462e-03	-3.047738e-07
9.936777201000462e-03	-2.162419e-07
9.946777201000463e-03	-3.047758e-07
9.956777201000463e-03	-2.162399e-07
9.966777201000462e-03	-3.047778e-07
9.976777201000462e-03	-2.162379e-07
9.986777201000462e-03	-3.047798e-07
9.996777201000463e-03	-2.162359e-07
1.000000000000000e-02	-3.047840e-07
1.000000000100000e-02	-1.517712e-07
1.000000000200000e-02	-2.742244e-07
1.000000000440036e-02	-2.647011e-07
1.000000000670974e-02	-2.807980e-07
1.000000001132851e-02	-2.625777e-07
1.000000002056605e-02	-2.550956e-07
1.000000003904114e-02	-2.551136e-07
1.000000007599130e-02	-2.567936e-07
1.000000014989163e-02	-2.586113e-07
1.000000029769228e-02	-2.581022e-07
1.000000059329359e-02	-2.593191e-07
1.000000118449621e-02	-2.579079e-07
1.000000236690145e-02	-2.571913e-07
1.000000473171193e-02	-2.510143e-07
1.000000946133288e-02	-2.434616e-07
1.000001768974453e-02	-2.330213e-07
1.000002963193180e-02	-2.275102e-07
1.000005351630633e-02	-2.214577e-07
1.000010099211722e-02	-2.211917e-07
1.000015399174585e-02	-2.175241e-07
1.000020605492801e-02	-2.016874e-07
1.000026204290272e-02	-1.648032e-07
1.000031701510436e-02	-1.165061e-07
1.000042695950766e-02	1.015929e-08
1.000045444560848e-02	4.484360e-08
1.000050941781013e-02	1.148941e-07
1.000061936221343e-02	2.509736e-07
1.000083925102003e-02	4.889867e-07
1.000118355096460e-02	7.443916e-07
1.000178014341608e-02	9.161222e-07
1.000250495157335e-02	8.810733e-07
1.000264196014571e-02	8.605524e-07
1.000291597729044e-02	8.168193e-07
1.000346401157991e-02	7.218740e-07
1.000456008015883e-02	5.258386e-07
1.000675221731669e-02	-6.692351e-07
1.000947219981180e-02	-2.806831e-06
1.001364843820815e-02	-1.277631e-05
1.001755033682126e-02	-8.414352e-05
1.002032578569307e-02	-3.828855e-05
1.002167795163884e-02	-3.124776e-05
1.002254909616907e-02	-1.604306e-05
1.002341866838804e-02	-2.594733e-05
1.002430851605936e-02	-1.502064e-05
1.002540613345165e-02	-2.557222e-05
1.002662233916394e-02	-1.628540e-05
1.002792091211630e-02	-2.699104e-05
1.003007300112240e-02	-1.868521e-05
1.003211722098293e-02	-2.951322e-05
1.003620566070400e-02	-2.198874e-05
1.004137179319014e-02	-3.307621e-05
1.005137179319014e-02	-2.383988e-05
1.006137179319014e-02	-3.004568e-05
1.007137179319014e-02	-1.700339e-05
1.008137179319014e-02	-2.341315e-05
1.009137179319014e-02	-1.145624e-05
1.010000000000000e-02	-1.888732e-05
1.010000000100000e-02	-1.252642e-05
1.010000001700000e-02	-1.750433e-05
1.010000004900000e-02	-1.472131e-05
1.010000011300000e-02	-1.799907e-05
1.010000024100000e-02	-1.502233e-05
1.010000049700000e-02	-1.764216e-05
1.010000100900000e-02	-1.464778e-05
1.010000203300000e-02	-1.725226e-05
1.010000408100000e-02	-1.425202e-05
1.010000817700000e-02	-1.666607e-05
1.010001636900000e-02	-1.340719e-05
1.010003275300001e-02	-1.575689e-05
1.010006552100002e-02	-1.281707e-05
1.010013105700003e-02	-1.559592e-05
1.010026212900006e-02	-1.278456e-05
1.010052427300013e-02	-1.551094e-05
1.010104856100025e-02	-1.262157e-05
1.010209713700050e-02	-1.518779e-05
1.010419428900100e-02	-1.199294e-05
1.010838859300201e-02	-1.398497e-05
1.011677720100402e-02	-9.774931e-06
1.012677720100402e-02	-1.107662e-05
1.013677720100402e-02	-7.027969e-06
1.014677720100401e-02	-9.896385e-03
1.015277249717158e-02	-9.545366e-02
1.015622030427478e-02	-1.320178e-01
1.015961392130058e-02	-1.411894e-01
1.016248218470478e-02	-1.474974e-01
1.016508545514827e-02	-1.535157e-01
1.017029199603526e-02	-1.648202e-01
1.018029199603526e-02	-1.863959e-01
1.019029199603526e-02	-2.053211e-01
1.020029199603526e-02	-2.107872e-01
1.021029199603526e-02	-2.112542e-01
1.022029199603526e-02	-2.114600e-01
1.023029199603526e-02	-2.111377e-01
1.024029199603526e-02	-2.106986e-01
1.025029199603526e-02	-2.099870e-01
1.026029199603526e-02	-2.092603e-01
1.027029199603526e-02	-2.083374e-01
1.028029199603526e-02	-2.074603e-01
1.029029199603526e-02	-2.064390e-01
1.030029199603526e-02	-2.055091e-01
1.031029199603526e-02	-2.044846e-01
1.032029199603526e-02	-2.036229e-01
1.033029199603526e-02	-2.028756e-01
1.034029199603526e-02	-2.028401e-01
1.035029199603526e-02	-2.026508e-01
1.036029199603526e-02	-2.024210e-01
1.037029199603526e-02	-2.015454e-01
1.038029199603526e-02	-1.951986e-01
1.039029199603526e-02	-1.813557e-01
1.040029199603526e-02	-1.663099e-01
1.041029199603526e-02	-1.584754e-01
1.042029199603526e-02	-1.562626e-01
1.043029199603526e-02	-1.554745e-01
1.044029199603526e-02	-1.556862e-01
1.045029199603526e-02	-1.558806e-01
1.046029199603526e-02	-1.561211e-01
1.047029199603526e-02	-1.562491e-01
1.048029199603526e-02	-1.564432e-01
1.049029199603526e-02	-1.565346e-01
1.050029199603526e-02	-1.566981e-01
1.051029199603526e-02	-1.567633e-01
1.052029199603526e-02	-1.569043e-01
1.053029199603526e-02	-1.569500e-01
1.054029199603526e-02	-1.570742e-01
1.055029199603526e-02	-1.571049e-01
1.056029199603526e-02	-1.572161e-01
1.057029199603526e-02	-1.572352e-01
1.058029199603526e-02	-1.573362e-01
1.059029199603526e-02	-1.573460e-01
1.060029199603526e-02	-1.574390e-01
1.061029199603526e-02	-1.574413e-01
1.062029199603526e-02	-1.575277e-01
1.063029199603526e-02	-1.575239e-01
1.064029199603526e-02	-1.576092e-01
1.065029199603526e-02	-1.576100e-01
1.066029199603526e-02	-1.576990e-01
1.067029199603526e-02	-1.576993e-01
1.068029199603526e-02	-1.577857e-01
1.069029199603526e-02	-1.577820e-01
1.070029199603526e-02	-1.578639e-01
1.071029199603526e-02	-1.578553e-01
1.072029199603526e-02	-1.579325e-01
1.073029199603526e-02	-1.579190e-01
1.074029199603526e-02	-1.579918e-01
1.075029199603526e-02	-1.579741e-01
1.076029199603526e-02	-1.580430e-01
1.077029199603526e-02	-1.580215e-01
1.078029199603526e-02	-1.580871e-01
1.079029199603526e-02	-1.580624e-01
1.080029199603526e-02	-1.581252e-01
1.081029199603526e-02	-1.580977e-01
1.082029199603526e-02	-1.581581e-01
1.083029199603526e-02	-1.581282e-01
1.084029199603526e-02	-1.581866e-01
1.085029199603526e-02	-1.581546e-01
1.086029199603526e-02	-1.582114e-01
1.087029199603526e-02	-1.581777e-01
1.088029199603526e-02	-1.582330e-01
1.089029199603526e-02	-1.581977e-01
1.090029199603526e-02	-1.582518e-01
1.091029199603526e-02	-1.582153e-01
1.092029199603526e-02	-1.582684e-01
1.093029199603526e-02	-1.582306e-01
1.094029199603526e-02	-1.582829e-01
1.095029199603526e-02	-1.582441e-01
1.096029199603526e-02	-1.582956e-01
1.097029199603526e-02	-1.582560e-01
1.098029199603526e-02	-1.583069e-01
1.099029199603526e-02	-1.582664e-01
1.100000000100000e-02	-1.583167e-01
1.100000000200000e-02	-1.582856e-01
1.100000001800000e-02	-1.582154e-01
1.100000005000000e-02	-1.582591e-01
1.100000011400000e-02	-1.582123e-01
1.100000024200000e-02	-1.582595e-01
1.100000049800000e-02	-1.582289e-01
1.100000101000000e-02	-1.582862e-01
1.100000203400000e-02	-1.582628e-01
1.100000408200000e-02	-1.583135e-01
1.100000817800000e-02	-1.582738e-01
1.100001637000000e-02	-1.583140e-01
1.100003275400001e-02	-1.582737e-01
1.100006552200002e-02	-1.583141e-01
1.100013105800003e-02	-1.582737e-01
1.100026213000006e-02	-1.583142e-01
1.100052427400013e-02	-1.582739e-01
1.100104856200025e-02	-1.583146e-01
1.100209713800050e-02	-1.582746e-01
1.100419429000100e-02	-1.583160e-01
1.100838859400201e-02	-1.582774e-01
1.101677720200402e-02	-1.583215e-01
1.102677720200402e-02	-1.582851e-01
1.103677720200402e-02	-1.583294e-01
1.104677720200402e-02	-1.582925e-01
1.105677720200402e-02	-1.583364e-01
1.106677720200402e-02	-1.582991e-01
1.107677720200402e-02	-1.583426e-01
1.108677720200402e-02	-1.583050e-01
1.109677720200402e-02	-1.583481e-01
1.110677720200402e-02	-1.583102e-01
1.111677720200402e-02	-1.583530e-01
1.112677720200402e-02	-1.583148e-01
1.113677720200402e-02	-1.583574e-01
1.114677720200402e-02	-1.583189e-01
1.115677720200402e-02	-1.583612e-01
1.116677720200402e-02	-1.583226e-01
1.117677720200402e-02	-1.583647e-01
1.118677720200402e-02	-1.583259e-01
1.119677720200402e-02	-1.583678e-01
1.120677720200402e-02	-1.583288e-01
1.121677720200402e-02	-1.583706e-01
1.122677720200402e-02	-1.583314e-01
1.123677720200402e-02	-1.583731e-01
1.124677720200402e-02	-1.583338e-01
1.125677720200402e-02	-1.583753e-01
1.126677720200402e-02	-1.583359e-01
1.127677720200402e-02	-1.583773e-01
1.128677720200402e-02	-1.583378e-01
1.129677720200402e-02	-1.583791e-01
1.130677720200402e-02	-1.583395e-01
1.131677720200402e-02	-1.583807e-01
1.132677720200402e-02	-1.583410e-01
1.133677720200402e-02	-1.583821e-01
1.134677720200402e-02	-1.583423e-01
1.135677720200402e-02	-1.583834e-01
1.136677720200402e-02	-1.583436e-01
1.137677720200402e-02	-1.583846e-01
1.138677720200402e-02	-1.583447e-01
1.139677720200402e-02	-1.583856e-01
1.140677720200402e-02	-1.583457e-01
1.141677720200402e-02	-1.583866e-01
1.142677720200402e-02	-1.583466e-01
1.143677720200402e-02	-1.583875e-01
1.144677720200402e-02	-1.583474e-01
1.145677720200402e-02	-1.583882e-01
1.146677720200402e-02	-1.583482e-01
1.147677720200402e-02	-1.583889e-01
1.148677720200402e-02	-1.583488e-01
1.149677720200402e-02	-1.583896e-01
1.150677720200402e-02	-1.583494e-01
1.151677720200402e-02	-1.583902e-01
1.152677720200402e-02	-1.583500e-01
1.153677720200402e-02	-1.583907e-01
1.154677720200402e-02	-1.583505e-01
1.155677720200402e-02	-1.583912e-01
1.156677720200402e-02	-1.583510e-01
1.157677720200402e-02	-1.583916e-01
1.158677720200402e-02	-1.583514e-01
1.159677720200402e-02	-1.583920e-01
1.160677720200402e-02	-1.583517e-01
1.161677720200402e-02	-1.583924e-01
1.162677720200402e-02	-1.583521e-01
1.163677720200402e-02	-1.583927e-01
1.164677720200402e-02	-1.583524e-01
1.165677720200402e-02	-1.583930e-01
1.166677720200402e-02	-1.583527e-01
1.167677720200402e-02	-1.583933e-01
1.168677720200402e-02	-1.583530e-01
1.169677720200402e-02	-1.583936e-01
1.170677720200402e-02	-1.583533e-01
1.171677720200402e-02	-1.583938e-01
1.172677720200402e-02	-1.583535e-01
1.173677720200402e-02	-1.583940e-01
1.174677720200402e-02	-1.583537e-01
1.175677720200402e-02	-1.583942e-01
1.176677720200402e-02	-1.583539e-01
1.177677720200402e-02	-1.583944e-01
1.178677720200402e-02	-1.583541e-01
1.179677720200402e-02	-1.583946e-01
1.180677720200402e-02	-1.583543e-01
1.181677720200402e-02	-1.583948e-01
1.182677720200402e-02	-1.583544e-01
1.183677720200402e-02	-1.583949e-01
1.184677720200402e-02	-1.583546e-01
1.185677720200402e-02	-1.583951e-01
1.186677720200402e-02	-1.583547e-01
1.187677720200402e-02	-1.583952e-01
1.188677720200402e-02	-1.583549e-01
1.189677720200402e-02	-1.583954e-01
1.190677720200402e-02	-1.583550e-01
1.191677720200402e-02	-1.583955e-01
1.192677720200402e-02	-1.583551e-01
1.193677720200402e-02	-1.583956e-01
1.194677720200402e-02	-1.583552e-01
1.195677720200402e-02	-1.583957e-01
1.196677720200402e-02	-1.583553e-01
1.197677720200402e-02	-1.583958e-01
1.198677720200402e-02	-1.583554e-01
1.199677720200402e-02	-1.583959e-01
1.200677720200402e-02	-1.583555e-01
1.201677720200402e-02	-1.583960e-01
1.202677720200402e-02	-1.583556e-01
1.203677720200402e-02	-1.583961e-01
1.204677720200402e-02	-1.583557e-01
1.205677720200402e-02	-1.583962e-01
1.206677720200402e-02	-1.583558e-01
1.207677720200402e-02	-1.583963e-01
1.208677720200402e-02	-1.583559e-01
1.209677720200402e-02	-1.583964e-01
1.210677720200402e-02	-1.583560e-01
1.211677720200402e-02	-1.583965e-01
1.212677720200402e-02	-1.583561e-01
1.213677720200402e-02	-1.583965e-01
1.214677720200402e-02	-1.583561e-01
1.215677720200402e-02	-1.583966e-01
1.216677720200402e-02	-1.583562e-01
1.217677720200402e-02	-1.583967e-01
1.218677720200402e-02	-1.583563e-01
1.219677720200402e-02	-1.583968e-01
1.220677720200402e-02	-1.583564e-01
1.221677720200402e-02	-1.583968e-01
1.222677720200402e-02	-1.583564e-01
1.223677720200402e-02	-1.583969e-01
1.224677720200402e-02	-1.583565e-01
1.225677720200402e-02	-1.583970e-01
1.226677720200402e-02	-1.583566e-01
1.227677720200402e-02	-1.583970e-01
1.228677720200402e-02	-1.583566e-01
1.229677720200402e-02	-1.583971e-01
1.230677720200402e-02	-1.583567e-01
1.231677720200402e-02	-1.583972e-01
1.232677720200402e-02	-1.583568e-01
1.233677720200402e-02	-1.583972e-01
1.234677720200402e-02	-1.583568e-01
1.235677720200402e-02	-1.583973e-01
1.236677720200402e-02	-1.583569e-01
1.237677720200402e-02	-1.583973e-01
1.238677720200402e-02	-1.583569e-01
1.239677720200402e-02	-1.583974e-01
1.240677720200402e-02	-1.583570e-01
1.241677720200402e-02	-1.583975e-01
1.242677720200402e-02	-1.583570e-01
1.243677720200402e-02	-1.583975e-01
1.244677720200402e-02	-1.583571e-01
1.245677720200402e-02	-1.583976e-01
1.246677720200402e-02	-1.583571e-01
1.247677720200402e-02	-1.583976e-01
1.248677720200402e-02	-1.583572e-01
1.249677720200402e-02	-1.583977e-01
1.250677720200402e-02	-1.583572e-01
1.251677720200402e-02	-1.583977e-01
1.252677720200402e-02	-1.583573e-01
1.253677720200402e-02	-1.583978e-01
1.254677720200402e-02	-1.583573e-01
1.255677720200402e-02	-1.583978e-01
1.256677720200402e-02	-1.583574e-01
1.257677720200402e-02	-1.583978e-01
1.258677720200402e-02	-1.583574e-01
1.259677720200402e-02	-1.583979e-01
1.260677720200402e-02	-1.583575e-01
1.261677720200402e-02	-1.583979e-01
1.262677720200402e-02	-1.583575e-01
1.263677720200402e-02	-1.583980e-01
1.264677720200402e-02	-1.583575e-01
1.265677720200402e-02	-1.583980e-01
1.266677720200402e-02	-1.583576e-01
1.267677720200402e-02	-1.583980e-01
1.268677720200402e-02	-1.583576e-01
1.269677720200402e-02	-1.583980e-01
1.270677720200402e-02	-1.583576e-01
1.271677720200402e-02	-1.583981e-01
1.272677720200402e-02	-1.583577e-01
1.273677720200402e-02	-1.583981e-01
1.274677720200402e-02	-1.583577e-01
1.275677720200402e-02	-1.583981e-01
1.276677720200402e-02	-1.583577e-01
1.277677720200402e-02	-1.583982e-01
1.278677720200402e-02	-1.583577e-01
1.279677720200402e-02	-1.583982e-01
1.280677720200402e-02	-1.583578e-01
1.281677720200402e-02	-1.583982e-01
1.282677720200402e-02	-1.583578e-01
1.283677720200402e-02	-1.583982e-01
1.284677720200402e-02	-1.583578e-01
1.285677720200402e-02	-1.583983e-01
1.286677720200402e-02	-1.583578e-01
1.287677720200402e-02	-1.583983e-01
1.288677720200402e-02	-1.583578e-01
1.289677720200402e-02	-1.583983e-01
1.290677720200402e-02	-1.583578e-01
1.291677720200402e-02	-1.583983e-01
1.292677720200402e-02	-1.583579e-01
1.293677720200402e-02	-1.583983e-01
1.294677720200402e-02	-1.583579e-01
1.295677720200402e-02	-1.583983e-01
1.296677720200402e-02	-1.583579e-01
1.297677720200402e-02	-1.583983e-01
1.298677720200402e-02	-1.583579e-01
1.299677720200402e-02	-1.583984e-01
1.300677720200402e-02	-1.583579e-01
1.301677720200402e-02	-1.583984e-01
1.302677720200402e-02	-1.583579e-01
1.303677720200402e-02	-1.583984e-01
1.304677720200402e-02	-1.583579e-01
1.305677720200402e-02	-1.583984e-01
1.306677720200402e-02	-1.583579e-01
1.307677720200402e-02	-1.583984e-01
1.308677720200402e-02	-1.583580e-01
1.309677720200402e-02	-1.583984e-01
1.310677720200402e-02	-1.583580e-01
1.311677720200402e-02	-1.583984e-01
1.312677720200402e-02	-1.583580e-01
1.313677720200402e-02	-1.583984e-01
1.314677720200402e-02	-1.583580e-01
1.315677720200402e-02	-1.583984e-01
1.316677720200402e-02	-1.583580e-01
1.317677720200402e-02	-1.583984e-01
1.318677720200402e-02	-1.583580e-01
1.319677720200402e-02	-1.583984e-01
1.320677720200402e-02	-1.583580e-01
1.321677720200402e-02	-1.583984e-01
1.322677720200402e-02	-1.583580e-01
1.323677720200402e-02	-1.583985e-01
1.324677720200402e-02	-1.583580e-01
1.325677720200402e-02	-1.583985e-01
1.326677720200402e-02	-1.583580e-01
1.327677720200402e-02	-1.583985e-01
1.328677720200402e-02	-1.583580e-01
1.329677720200402e-02	-1.583985e-01
1.330677720200402e-02	-1.583580e-01
1.331677720200402e-02	-1.583985e-01
1.332677720200402e-02	-1.583580e-01
1.333677720200402e-02	-1.583985e-01
1.334677720200402e-02	-1.583580e-01
1.335677720200402e-02	-1.583985e-01
1.336677720200402e-02	-1.583580e-01
1.337677720200402e-02	-1.583985e-01
1.338677720200402e-02	-1.583580e-01
1.339677720200402e-02	-1.583985e-01
1.340677720200402e-02	-1.583580e-01
1.341677720200402e-02	-1.583985e-01
1.342677720200402e-02	-1.583581e-01
1.343677720200402e-02	-1.583985e-01
1.344677720200402e-02	-1.583581e-01
1.345677720200402e-02	-1.583985e-01
1.346677720200402e-02	-1.583581e-01
1.347677720200402e-02	-1.583985e-01
1.348677720200402e-02	-1.583581e-01
1.349677720200402e-02	-1.583985e-01
1.350677720200402e-02	-1.583581e-01
1.351677720200402e-02	-1.583985e-01
1.352677720200402e-02	-1.583581e-01
1.353677720200402e-02	-1.583985e-01
1.354677720200402e-02	-1.583581e-01
1.355677720200401e-02	-1.583985e-01
1.356677720200402e-02	-1.583581e-01
1.357677720200402e-02	-1.583985e-01
1.358677720200402e-02	-1.583581e-01
1.359677720200402e-02	-1.583985e-01
1.360677720200402e-02	-1.583581e-01
1.361677720200402e-02	-1.583985e-01
1.362677720200402e-02	-1.583581e-01
1.363677720200402e-02	-1.583985e-01
1.364677720200402e-02	-1.583581e-01
1.365677720200402e-02	-1.583985e-01
1.366677720200402e-02	-1.583581e-01
1.367677720200402e-02	-1.583985e-01
1.368677720200402e-02	-1.583581e-01
1.369677720200402e-02	-1.583985e-01
1.370677720200402e-02	-1.583581e-01
1.371677720200402e-02	-1.583985e-01
1.372677720200401e-02	-1.583581e-01
1.373677720200402e-02	-1.583985e-01
1.374677720200402e-02	-1.583581e-01
1.375677720200402e-02	-1.583985e-01
1.376677720200402e-02	-1.583581e-01
1.377677720200402e-02	-1.583985e-01
1.378677720200402e-02	-1.583581e-01
1.379677720200402e-02	-1.583985e-01
1.380677720200402e-02	-1.583581e-01
1.381677720200402e-02	-1.583985e-01
1.382677720200402e-02	-1.583581e-01
1.383677720200402e-02	-1.583985e-01
1.384677720200402e-02	-1.583581e-01
1.385677720200402e-02	-1.583985e-01
1.386677720200402e-02	-1.583581e-01
1.387677720200402e-02	-1.583985e-01
1.388677720200402e-02	-1.583581e-01
1.389677720200401e-02	-1.583985e-01
1.390677720200402e-02	-1.583581e-01
1.391677720200402e-02	-1.583985e-01
1.392677720200402e-02	-1.583581e-01
1.393677720200402e-02	-1.583985e-01
1.394677720200402e-02	-1.583581e-01
1.395677720200402e-02	-1.583985e-01
1.396677720200402e-02	-1.583581e-01
1.397677720200402e-02	-1.583985e-01
1.398677720200402e-02	-1.583581e-01
1.399677720200402e-02	-1.583985e-01
1.400677720200402e-02	-1.583581e-01
1.401677720200402e-02	-1.583985e-01
1.402677720200402e-02	-1.583581e-01
1.403677720200402e-02	-1.583985e-01
1.404677720200402e-02	-1.583581e-01
1.405677720200402e-02	-1.583985e-01
1.406677720200402e-02	-1.583581e-01
1.407677720200402e-02	-1.583985e-01
1.408677720200402e-02	-1.583581e-01
1.409677720200402e-02	-1.583985e-01
1.410677720200402e-02	-1.583581e-01
1.411677720200402e-02	-1.583985e-01
1.412677720200402e-02	-1.583581e-01
1.413677720200402e-02	-1.583985e-01
1.414677720200402e-02	-1.583581e-01
1.415677720200402e-02	-1.583985e-01
1.416677720200402e-02	-1.583581e-01
1.417677720200402e-02	-1.583985e-01
1.418677720200402e-02	-1.583581e-01
1.419677720200401e-02	-1.583985e-01
1.420677720200402e-02	-1.583581e-01
1.421677720200402e-02	-1.583985e-01
1.422677720200402e-02	-1.583581e-01
1.423677720200402e-02	-1.583985e-01
1.424677720200402e-02	-1.583581e-01
1.425677720200402e-02	-1.583985e-01
1.426677720200402e-02	-1.583581e-01
1.427677720200402e-02	-1.583985e-01
1.428677720200402e-02	-1.583581e-01
1.429677720200402e-02	-1.583985e-01
1.430677720200402e-02	-1.583581e-01
1.431677720200402e-02	-1.583985e-01
1.432677720200402e-02	-1.583581e-01
1.433677720200402e-02	-1.583985e-01
1.434677720200402e-02	-1.583581e-01
1.435677720200402e-02	-1.583985e-01
1.436677720200401e-02	-1.583581e-01
1.437677720200402e-02	-1.583985e-01
1.438677720200402e-02	-1.583581e-01
1.439677720200402e-02	-1.583985e-01
1.440677720200402e-02	-1.583581e-01
1.441677720200402e-02	-1.583985e-01
1.442677720200402e-02	-1.583581e-01
1.443677720200402e-02	-1.583985e-01
1.444677720200402e-02	-1.583581e-01
1.445677720200402e-02	-1.583985e-01
1.446677720200402e-02	-1.583581e-01
1.447677720200402e-02	-1.583985e-01
1.448677720200402e-02	-1.583581e-01
1.449677720200402e-02	-1.583985e-01
1.450677720200402e-02	-1.583581e-01
1.451677720200402e-02	-1.583985e-01
1.452677720200402e-02	-1.583581e-01
1.453677720200401e-02	-1.583985e-01
1.454677720200402e-02	-1.583581e-01
1.455677720200402e-02	-1.583985e-01
1.456677720200402e-02	-1.583581e-01
1.457677720200402e-02	-1.583985e-01
1.458677720200402e-02	-1.583581e-01
1.459677720200402e-02	-1.583985e-01
1.460677720200402e-02	-1.583581e-01
1.461677720200402e-02	-1.583985e-01
1.462677720200402e-02	-1.583581e-01
1.463677720200402e-02	-1.583985e-01
1.464677720200402e-02	-1.583581e-01
1.465677720200402e-02	-1.583985e-01
1.466677720200402e-02	-1.583581e-01
1.467677720200402e-02	-1.583985e-01
1.468677720200402e-02	-1.583581e-01
1.469677720200402e-02	-1.583985e-01
1.470677720200401e-02	-1.583581e-01
1.471677720200402e-02	-1.583985e-01
1.472677720200402e-02	-1.583581e-01
1.473677720200402e-02	-1.583985e-01
1.474677720200402e-02	-1.583581e-01
1.475677720200402e-02	-1.583985e-01
1.476677720200402e-02	-1.583581e-01
1.477677720200402e-02	-1.583985e-01
1.478677720200402e-02	-1.583581e-01
1.479677720200402e-02	-1.583985e-01
1.480677720200402e-02	-1.583581e-01
1.481677720200402e-02	-1.583985e-01
1.482677720200402e-02	-1.583581e-01
1.483677720200401e-02	-1.583985e-01
1.484677720200402e-02	-1.583581e-01
1.485677720200402e-02	-1.583985e-01
1.486677720200402e-02	-1.583581e-01
1.487677720200401e-02	-1.583985e-01
1.488677720200402e-02	-1.583581e-01
1.489677720200402e-02	-1.583985e-01
1.490677720200402e-02	-1.583581e-01
1.491677720200402e-02	-1.583985e-01
1.492677720200402e-02	-1.583581e-01
1.493677720200402e-02	-1.583985e-01
1.494677720200402e-02	-1.583581e-01
1.495677720200402e-02	-1.583985e-01
1.496677720200402e-02	-1.583581e-01
1.497677720200402e-02	-1.583985e-01
1.498677720200402e-02	-1.583581e-01
1.499677720200402e-02	-1.583985e-01
1.500677720200401e-02	-1.583581e-01
1.501677720200402e-02	-1.583985e-01
1.502677720200402e-02	-1.583581e-01
1.503677720200402e-02	-1.583985e-01
1.504677720200401e-02	-1.583581e-01
1.505677720200402e-02	-1.583985e-01
1.506677720200402e-02	-1.583581e-01
1.507677720200402e-02	-1.583985e-01
1.508677720200402e-02	-1.583581e-01
1.509677720200402e-02	-1.583985e-01
1.510677720200402e-02	-1.583581e-01
1.511677720200402e-02	-1.583985e-01
1.512677720200402e-02	-1.583581e-01
1.513677720200402e-02	-1.583985e-01
1.514677720200402e-02	-1.583581e-01
1.515677720200402e-02	-1.583985e-01
1.516677720200402e-02	-1.583581e-01
1.517677720200401e-02	-1.583985e-01
1.518677720200402e-02	-1.583581e-01
1.519677720200402e-02	-1.583985e-01
1.520677720200402e-02	-1.583581e-01
1.521677720200401e-02	-1.583985e-01
1.522677720200402e-02	-1.583581e-01
1.523677720200402e-02	-1.583985e-01
1.524677720200402e-02	-1.583581e-01
1.525677720200402e-02	-1.583985e-01
1.526677720200402e-02	-1.583581e-01
1.527677720200402e-02	-1.583985e-01
1.528677720200402e-02	-1.583581e-01
1.529677720200402e-02	-1.583985e-01
1.530677720200402e-02	-1.583581e-01
1.531677720200402e-02	-1.583985e-01
1.532677720200402e-02	-1.583581e-01
1.533677720200402e-02	-1.583985e-01
1.534677720200401e-02	-1.583581e-01
1.535677720200402e-02	-1.583985e-01
1.536677720200402e-02	-1.583581e-01
1.537677720200402e-02	-1.583985e-01
1.538677720200401e-02	-1.583581e-01
1.539677720200402e-02	-1.583985e-01
1.540677720200402e-02	-1.583581e-01
1.541677720200402e-02	-1.583985e-01
1.542677720200402e-02	-1.583581e-01
1.543677720200402e-02	-1.583985e-01
1.544677720200402e-02	-1.583581e-01
1.545677720200402e-02	-1.583985e-01
1.546677720200402e-02	-1.583581e-01
1.547677720200401e-02	-1.583985e-01
1.548677720200402e-02	-1.583581e-01
1.549677720200402e-02	-1.583985e-01
1.550677720200402e-02	-1.583581e-01
1.551677720200401e-02	-1.583985e-01
1.552677720200402e-02	-1.583581e-01
1.553677720200402e-02	-1.583985e-01
1.554677720200402e-02	-1.583581e-01
1.555677720200402e-02	-1.583985e-01
1.556677720200402e-02	-1.583581e-01
1.557677720200402e-02	-1.583985e-01
1.558677720200402e-02	-1.583581e-01
1.559677720200402e-02	-1.583985e-01
1.560677720200402e-02	-1.583581e-01
1.561677720200402e-02	-1.583985e-01
1.562677720200402e-02	-1.583581e-01
1.563677720200402e-02	-1.583985e-01
1.564677720200401e-02	-1.583581e-01
1.565677720200401e-02	-1.583985e-01
1.566677720200401e-02	-1.583581e-01
1.567677720200402e-02	-1.583985e-01
1.568677720200402e-02	-1.583581e-01
1.569677720200402e-02	-1.583985e-01
1.570677720200402e-02	-1.583581e-01
1.571677720200402e-02	-1.583985e-01
1.572677720200402e-02	-1.583581e-01
1.573677720200401e-02	-1.583985e-01
1.574677720200401e-02	-1.583581e-01
1.575677720200402e-02	-1.583985e-01
1.576677720200402e-02	-1.583581e-01
1.577677720200402e-02	-1.583985e-01
1.578677720200402e-02	-1.583581e-01
1.579677720200402e-02	-1.583985e-01
1.580677720200402e-02	-1.583581e-01
1.581677720200401e-02	-1.583985e-01
1.582677720200401e-02	-1.583581e-01
1.583677720200401e-02	-1.583985e-01
1.584677720200402e-02	-1.583581e-01
1.585677720200402e-02	-1.583985e-01
1.586677720200402e-02	-1.583581e-01
1.587677720200402e-02	-1.583985e-01
1.588677720200402e-02	-1.583581e-01
1.589677720200402e-02	-1.583985e-01
1.590677720200401e-02	-1.583581e-01
1.591677720200401e-02	-1.583985e-01
1.592677720200402e-02	-1.583581e-01
1.593677720200402e-02	-1.583985e-01
1.594677720200402e-02	-1.583581e-01
1.595677720200402e-02	-1.583985e-01
1.596677720200402e-02	-1.583581e-01
1.597677720200402e-02	-1.583985e-01
1.598677720200401e-02	-1.583581e-01
1.599677720200401e-02	-1.583985e-01
1.600677720200401e-02	-1.583581e-01
1.601677720200402e-02	-1.583985e-01
1.602677720200402e-02	-1.583581e-01
1.603677720200402e-02	-1.583985e-01
1.604677720200402e-02	-1.583581e-01
1.605677720200402e-02	-1.583985e-01
1.606677720200402e-02	-1.583581e-01
1.607677720200401e-02	-1.583985e-01
1.608677720200401e-02	-1.583581e-01
1.609677720200402e-02	-1.583985e-01
1.610677720200402e-02	-1.583581e-01
1.611677720200402e-02	-1.583985e-01
1.612677720200402e-02	-1.583581e-01
1.613677720200402e-02	-1.583985e-01
1.614677720200402e-02	-1.583581e-01
1.615677720200401e-02	-1.583985e-01
1.616677720200401e-02	-1.583581e-01
1.617677720200401e-02	-1.583985e-01
1.618677720200402e-02	-1.583581e-01
1.619677720200402e-02	-1.583985e-01
1.620677720200402e-02	-1.583581e-01
1.621677720200402e-02	-1.583985e-01
1.622677720200402e-02	-1.583581e-01
1.623677720200402e-02	-1.583985e-01
1.624677720200401e-02	-1.583581e-01
1.625677720200401e-02	-1.583985e-01
1.626677720200402e-02	-1.583581e-01
1.627677720200402e-02	-1.583985e-01
1.628677720200402e-02	-1.583581e-01
1.629677720200402e-02	-1.583985e-01
1.630677720200402e-02	-1.583581e-01
1.631677720200402e-02	-1.583985e-01
1.632677720200401e-02	-1.583581e-01
1.633677720200401e-02	-1.583985e-01
1.634677720200401e-02	-1.583581e-01
1.635677720200402e-02	-1.583985e-01
1.636677720200402e-02	-1.583581e-01
1.637677720200402e-02	-1.583985e-01
1.638677720200402e-02	-1.583581e-01
1.639677720200402e-02	-1.583985e-01
1.640677720200402e-02	-1.583581e-01
1.641677720200401e-02	-1.583985e-01
1.642677720200401e-02	-1.583581e-01
1.643677720200401e-02	-1.583985e-01
1.644677720200402e-02	-1.583581e-01
1.645677720200402e-02	-1.583985e-01
1.646677720200402e-02	-1.583581e-01
1.647677720200402e-02	-1.583985e-01
1.648677720200402e-02	-1.583581e-01
1.649677720200401e-02	-1.583985e-01
1.650677720200401e-02	-1.583581e-01
1.651677720200401e-02	-1.583985e-01
1.652677720200402e-02	-1.583581e-01
1.653677720200402e-02	-1.583985e-01
1.654677720200402e-02	-1.583581e-01
1.655677720200402e-02	-1.583985e-01
1.656677720200402e-02	-1.583581e-01
1.657677720200402e-02	-1.583985e-01
1.658677720200401e-02	-1.583581e-01
1.659677720200401e-02	-1.583985e-01
1.660677720200401e-02	-1.583581e-01
1.661677720200402e-02	-1.583985e-01
1.662677720200402e-02	-1.583581e-01
1.663677720200402e-02	-1.583985e-01
1.664677720200402e-02	-1.583581e-01
1.665677720200402e-02	-1.583985e-01
1.666677720200401e-02	-1.583581e-01
1.667677720200401e-02	-1.583985e-01
1.668677720200401e-02	-1.583581e-01
1.669677720200402e-02	-1.583985e-01
1.670677720200402e-02	-1.583581e-01
1.671677720200402e-02	-1.583985e-01
1.672677720200402e-02	-1.583581e-01
1.673677720200402e-02	-1.583985e-01
1.674677720200402e-02	-1.583581e-01
1.675677720200401e-02	-1.583985e-01
1.676677720200401e-02	-1.583581e-01
1.677677720200401e-02	-1.583985e-01
1.678677720200402e-02	-1.583581e-01
1.679677720200402e-02	-1.583985e-01
1.680677720200402e-02	-1.583581e-01
1.681677720200402e-02	-1.583985e-01
1.682677720200402e-02	-1.583581e-01
1.683677720200401e-02	-1.583985e-01
1.684677720200401e-02	-1.583581e-01
1.685677720200401e-02	-1.583985e-01
1.686677720200402e-02	-1.583581e-01
1.687677720200402e-02	-1.583985e-01
1.688677720200402e-02	-1.583581e-01
1.689677720200402e-02	-1.583985e-01
1.690677720200402e-02	-1.583581e-01
1.691677720200402e-02	-1.583985e-01
1.692677720200401e-02	-1.583581e-01
1.693677720200401e-02	-1.583985e-01
1.694677720200401e-02	-1.583581e-01
1.695677720200402e-02	-1.583985e-01
1.696677720200402e-02	-1.583581e-01
1.697677720200402e-02	-1.583985e-01
1.698677720200402e-02	-1.583581e-01
1.699677720200402e-02	-1.583985e-01
1.700677720200401e-02	-1.583581e-01
1.701677720200401e-02	-1.583985e-01
1.702677720200401e-02	-1.583581e-01
1.703677720200402e-02	-1.583985e-01
1.704677720200402e-02	-1.583581e-01
1.705677720200402e-02	-1.583985e-01
1.706677720200402e-02	-1.583581e-01
1.707677720200402e-02	-1.583985e-01
1.708677720200402e-02	-1.583581e-01
1.709677720200401e-02	-1.583985e-01
1.710677720200401e-02	-1.583581e-01
1.711677720200401e-02	-1.583985e-01
1.712677720200402e-02	-1.583581e-01
1.713677720200402e-02	-1.583985e-01
1.714677720200402e-02	-1.583581e-01
1.715677720200402e-02	-1.583985e-01
1.716677720200402e-02	-1.583581e-01
1.717677720200401e-02	-1.583985e-01
1.718677720200401e-02	-1.583581e-01
1.719677720200401e-02	-1.583985e-01
1.720677720200402e-02	-1.583581e-01
1.721677720200402e-02	-1.583985e-01
1.722677720200402e-02	-1.583581e-01
1.723677720200402e-02	-1.583985e-01
1.724677720200402e-02	-1.583581e-01
1.725677720200402e-02	-1.583985e-01
1.726677720200401e-02	-1.583581e-01
1.727677720200401e-02	-1.583985e-01
1.728677720200401e-02	-1.583581e-01
1.729677720200402e-02	-1.583985e-01
1.730677720200402e-02	-1.583581e-01
1.731677720200402e-02	-1.583985e-01
1.732677720200402e-02	-1.583581e-01
1.733677720200402e-02	-1.583985e-01
1.734677720200401e-02	-1.583581e-01
1.735677720200401e-02	-1.583985e-01
1.736677720200401e-02	-1.583581e-01
1.737677720200402e-02	-1.583985e-01
1.738677720200402e-02	-1.583581e-01
1.739677720200402e-02	-1.583985e-01
1.740677720200402e-02	-1.583581e-01
1.741677720200402e-02	-1.583985e-01
1.742677720200402e-02	-1.583581e-01
1.743677720200401e-02	-1.583985e-01
1.744677720200401e-02	-1.583581e-01
1.745677720200401e-02	-1.583985e-01
1.746677720200402e-02	-1.583581e-01
1.747677720200402e-02	-1.583985e-01
1.748677720200402e-02	-1.583581e-01
1.749677720200402e-02	-1.583985e-01
1.750677720200402e-02	-1.583581e-01
1.751677720200401e-02	-1.583985e-01
1.752677720200401e-02	-1.583581e-01
1.753677720200401e-02	-1.583985e-01
1.754677720200402e-02	-1.583581e-01
1.755677720200402e-02	-1.583985e-01
1.756677720200402e-02	-1.583581e-01
1.757677720200402e-02	-1.583985e-01
1.758677720200402e-02	-1.583581e-01
1.759677720200402e-02	-1.583985e-01
1.760677720200401e-02	-1.583581e-01
1.761677720200401e-02	-1.583985e-01
1.762677720200401e-02	-1.583581e-01
1.763677720200402e-02	-1.583985e-01
1.764677720200402e-02	-1.583581e-01
1.765677720200402e-02	-1.583985e-01
1.766677720200402e-02	-1.583581e-01
1.767677720200402e-02	-1.583985e-01
1.768677720200401e-02	-1.583581e-01
1.769677720200401e-02	-1.583985e-01
1.770677720200401e-02	-1.583581e-01
1.771677720200401e-02	-1.583985e-01
1.772677720200402e-02	-1.583581e-01
1.773677720200402e-02	-1.583985e-01
1.774677720200402e-02	-1.583581e-01
1.775677720200402e-02	-1.583985e-01
1.776677720200402e-02	-1.583581e-01
1.777677720200401e-02	-1.583985e-01
1.778677720200401e-02	-1.583581e-01
1.779677720200401e-02	-1.583985e-01
1.780677720200402e-02	-1.583581e-01
1.781677720200402e-02	-1.583985e-01
1.782677720200402e-02	-1.583581e-01
1.783677720200402e-02	-1.583985e-01
1.784677720200402e-02	-1.583581e-01
1.785677720200401e-02	-1.583985e-01
1.786677720200401e-02	-1.583581e-01
1.787677720200401e-02	-1.583985e-01
1.788677720200401e-02	-1.583581e-01
1.789677720200402e-02	-1.583985e-01
1.790677720200402e-02	-1.583581e-01
1.791677720200402e-02	-1.583985e-01
1.792677720200402e-02	-1.583581e-01
1.793677720200402e-02	-1.583985e-01
1.794677720200401e-02	-1.583581e-01
1.795677720200401e-02	-1.583985e-01
1.796677720200401e-02	-1.583581e-01
1.797677720200402e-02	-1.583985e-01
1.798677720200402e-02	-1.583581e-01
1.799677720200402e-02	-1.583985e-01
1.800677720200402e-02	-1.583581e-01
1.801677720200402e-02	-1.583985e-01
1.802677720200401e-02	-1.583581e-01
1.803677720200401e-02	-1.583985e-01
1.804677720200401e-02	-1.583581e-01
1.805677720200401e-02	-1.583985e-01
1.806677720200402e-02	-1.583581e-01
1.807677720200402e-02	-1.583985e-01
1.808677720200402e-02	-1.583581e-01
1.809677720200402e-02	-1.583985e-01
1.810677720200402e-02	-1.583581e-01
1.811677720200401e-02	-1.583985e-01
1.812677720200401e-02	-1.583581e-01
1.813677720200401e-02	-1.583985e-01
1.814677720200402e-02	-1.583581e-01
1.815677720200402e-02	-1.583985e-01
1.816677720200402e-02	-1.583581e-01
1.817677720200402e-02	-1.583985e-01
1.818677720200402e-02	-1.583581e-01
1.819677720200401e-02	-1.583985e-01
1.820677720200401e-02	-1.583581e-01
1.821677720200401e-02	-1.583985e-01
1.822677720200401e-02	-1.583581e-01
1.823677720200402e-02	-1.583985e-01
1.824677720200402e-02	-1.583581e-01
1.825677720200402e-02	-1.583985e-01
1.826677720200402e-02	-1.583581e-01
1.827677720200402e-02	-1.583985e-01
1.828677720200401e-02	-1.583581e-01
1.829677720200401e-02	-1.583985e-01
1.830677720200401e-02	-1.583581e-01
1.831677720200402e-02	-1.583985e-01
1.832677720200402e-02	-1.583581e-01
1.833677720200402e-02	-1.583985e-01
1.834677720200402e-02	-1.583581e-01
1.835677720200402e-02	-1.583985e-01
1.836677720200402e-02	-1.583581e-01
1.837677720200401e-02	-1.583985e-01
1.838677720200401e-02	-1.583581e-01
1.839677720200401e-02	-1.583985e-01
1.840677720200402e-02	-1.583581e-01
1.841677720200402e-02	-1.583985e-01
1.842677720200402e-02	-1.583581e-01
1.843677720200402e-02	-1.583985e-01
1.844677720200402e-02	-1.583581e-01
1.845677720200401e-02	-1.583985e-01
1.846677720200401e-02	-1.583581e-01
1.847677720200401e-02	-1.583985e-01
1.848677720200402e-02	-1.583581e-01
1.849677720200402e-02	-1.583985e-01
1.850677720200402e-02	-1.583581e-01
1.851677720200402e-02	-1.583985e-01
1.852677720200402e-02	-1.583581e-01
1.853677720200402e-02	-1.583985e-01
1.854677720200401e-02	-1.583581e-01
1.855677720200401e-02	-1.583985e-01
1.856677720200401e-02	-1.583581e-01
1.857677720200402e-02	-1.583985e-01
1.858677720200402e-02	-1.583581e-01
1.859677720200402e-02	-1.583985e-01
1.860677720200402e-02	-1.583581e-01
1.861677720200402e-02	-1.583985e-01
1.862677720200401e-02	-1.583581e-01
1.863677720200401e-02	-1.583985e-01
1.864677720200401e-02	-1.583581e-01
1.865677720200402e-02	-1.583985e-01
1.866677720200402e-02	-1.583581e-01
1.867677720200402e-02	-1.583985e-01
1.868677720200402e-02	-1.583581e-01
1.869677720200402e-02	-1.583985e-01
1.870677720200402e-02	-1.583581e-01
1.871677720200401e-02	-1.583985e-01
1.872677720200401e-02	-1.583581e-01
1.873677720200401e-02	-1.583985e-01
1.874677720200402e-02	-1.583581e-01
1.875677720200402e-02	-1.583985e-01
1.876677720200402e-02	-1.583581e-01
1.877677720200402e-02	-1.583985e-01
1.878677720200402e-02	-1.583581e-01
1.879677720200401e-02	-1.583985e-01
1.880677720200401e-02	-1.583581e-01
1.881677720200401e-02	-1.583985e-01
1.882677720200402e-02	-1.583581e-01
1.883677720200402e-02	-1.583985e-01
1.884677720200402e-02	-1.583581e-01
1.885677720200402e-02	-1.583985e-01
1.886677720200402e-02	-1.583581e-01
1.887677720200402e-02	-1.583985e-01
1.888677720200401e-02	-1.583581e-01
1.889677720200401e-02	-1.583985e-01
1.890677720200401e-02	-1.583581e-01
1.891677720200402e-02	-1.583985e-01
1.892677720200402e-02	-1.583581e-01
1.893677720200402e-02	-1.583985e-01
1.894677720200402e-02	-1.583581e-01
1.895677720200402e-02	-1.583985e-01
1.896677720200401e-02	-1.583581e-01
1.897677720200401e-02	-1.583985e-01
1.898677720200401e-02	-1.583581e-01
1.899677720200401e-02	-1.583985e-01
1.900677720200402e-02	-1.583581e-01
1.901677720200402e-02	-1.583985e-01
1.902677720200402e-02	-1.583581e-01
1.903677720200402e-02	-1.583985e-01
1.904677720200402e-02	-1.583581e-01
1.905677720200401e-02	-1.583985e-01
1.906677720200401e-02	-1.583581e-01
1.907677720200401e-02	-1.583985e-01
1.908677720200402e-02	-1.583581e-01
1.909677720200402e-02	-1.583985e-01
1.910677720200402e-02	-1.583581e-01
1.911677720200402e-02	-1.583985e-01
1.912677720200402e-02	-1.583581e-01
1.913677720200401e-02	-1.583985e-01
1.914677720200401e-02	-1.583581e-01
1.915677720200401e-02	-1.583985e-01
1.916677720200401e-02	-1.583581e-01
1.917677720200402e-02	-1.583985e-01
1.918677720200402e-02	-1.583581e-01
1.919677720200402e-02	-1.583985e-01
1.920677720200402e-02	-1.583581e-01
1.921677720200402e-02	-1.583985e-01
1.922677720200401e-02	-1.583581e-01
1.923677720200401e-02	-1.583985e-01
1.924677720200401e-02	-1.583581e-01
1.925677720200402e-02	-1.583985e-01
1.926677720200402e-02	-1.583581e-01
1.927677720200402e-02	-1.583985e-01
1.928677720200402e-02	-1.583581e-01
1.929677720200402e-02	-1.583985e-01
1.930677720200401e-02	-1.583581e-01
1.931677720200401e-02	-1.583985e-01
1.932677720200401e-02	-1.583581e-01
1.933677720200401e-02	-1.583985e-01
1.934677720200402e-02	-1.583581e-01
1.935677720200402e-02	-1.583985e-01
1.936677720200402e-02	-1.583581e-01
1.937677720200402e-02	-1.583985e-01
1.938677720200402e-02	-1.583581e-01
1.939677720200401e-02	-1.583985e-01
1.940677720200401e-02	-1.583581e-01
1.941677720200401e-02	-1.583985e-01
1.942677720200402e-02	-1.583581e-01
1.943677720200402e-02	-1.583985e-01
1.944677720200402e-02	-1.583581e-01
1.945677720200402e-02	-1.583985e-01
1.946677720200402e-02	-1.583581e-01
1.947677720200401e-02	-1.583985e-01
1.948677720200401e-02	-1.583581e-01
1.949677720200401e-02	-1.583985e-01
1.950677720200401e-02	-1.583581e-01
1.951677720200402e-02	-1.583985e-01
1.952677720200402e-02	-1.583581e-01
1.953677720200402e-02	-1.583985e-01
1.954677720200402e-02	-1.583581e-01
1.955677720200402e-02	-1.583985e-01
1.956677720200401e-02	-1.583581e-01
1.957677720200401e-02	-1.583985e-01
1.958677720200401e-02	-1.583581e-01
1.959677720200402e-02	-1.583985e-01
1.960677720200402e-02	-1.583581e-01
1.961677720200402e-02	-1.583985e-01
1.962677720200402e-02	-1.583581e-01
1.963677720200402e-02	-1.583985e-01
1.964677720200401e-02	-1.583581e-01
1.965677720200401e-02	-1.583985e-01
1.966677720200401e-02	-1.583581e-01
1.967677720200401e-02	-1.583985e-01
1.968677720200402e-02	-1.583581e-01
1.969677720200402e-02	-1.583985e-01
1.970677720200402e-02	-1.583581e-01
1.971677720200402e-02	-1.583985e-01
1.972677720200402e-02	-1.583581e-01
1.973677720200401e-02	-1.583985e-01
1.974677720200401e-02	-1.583581e-01
1.975677720200401e-02	-1.583985e-01
1.976677720200402e-02	-1.583581e-01
1.977677720200402e-02	-1.583985e-01
1.978677720200402e-02	-1.583581e-01
1.979677720200402e-02	-1.583985e-01
1.980677720200402e-02	-1.583581e-01
1.981677720200401e-02	-1.583985e-01
1.982677720200401e-02	-1.583581e-01
1.983677720200401e-02	-1.583985e-01
1.984677720200401e-02	-1.583581e-01
1.985677720200402e-02	-1.583985e-01
1.986677720200402e-02	-1.583581e-01
1.987677720200402e-02	-1.583985e-01
1.988677720200402e-02	-1.583581e-01
1.989677720200402e-02	-1.583985e-01
1.990677720200401e-02	-1.583581e-01
1.991677720200401e-02	-1.583985e-01
1.992677720200401e-02	-1.583581e-01
1.993677720200402e-02	-1.583985e-01
1.994677720200402e-02	-1.583581e-01
1.995677720200402e-02	-1.583985e-01
1.996677720200402e-02	-1.583581e-01
1.997677720200402e-02	-1.583985e-01
1.998677720200401e-02	-1.583581e-01
1.999677720200401e-02	-1.583985e-01
2.000000000000000e-02	-1.583581e-01
