time	Ix(M3:D)
0.000000000000000e+00	-7.299041e-07
9.999999439624929e-11	-7.294515e-07
1.999999887924986e-10	-7.289860e-07
3.999999775849972e-10	-7.280073e-07
7.999999551699943e-10	-7.259029e-07
1.599999910339989e-09	-7.213499e-07
3.199999820679977e-09	-7.116989e-07
6.399999641359955e-09	-6.919475e-07
1.279999928271991e-08	-6.531144e-07
2.559999856543982e-08	-5.800725e-07
5.119999713087964e-08	-4.498940e-07
9.248630664979748e-08	-4.190096e-07
1.509759026644180e-07	-9.210706e-07
2.056786036796262e-07	-1.793956e-06
2.711470554082648e-07	-2.857327e-06
3.307589917392930e-07	-3.500301e-06
4.499828644013495e-07	-4.150917e-06
4.722951375678552e-07	-4.203808e-06
5.169196839008667e-07	-4.238756e-06
6.061687765668897e-07	-4.299908e-06
7.846669618989356e-07	-4.413756e-06
1.141663332563027e-06	-4.588321e-06
1.717850044023306e-06	-4.732812e-06
2.438243087911455e-06	-4.757014e-06
3.466266525716984e-06	-4.677362e-06
5.224207515102728e-06	-4.526642e-06
8.740089493874218e-06	-4.985174e-06
1.577185345141720e-05	-9.010499e-06
2.577185345141720e-05	-1.811233e-05
3.577185345141720e-05	-2.705304e-05
4.577185345141720e-05	-3.137557e-05
5.577185345141720e-05	-3.113062e-05
6.577185345141719e-05	-2.966883e-05
7.577185345141719e-05	-2.814430e-05
8.577185345141719e-05	-2.671521e-05
9.577185345141719e-05	-2.533361e-05
1.000000009999994e-04	-2.622933e-05
1.000000019999994e-04	-2.623059e-05
1.000000179999994e-04	-2.626070e-05
1.000000499999994e-04	-2.627917e-05
1.000001139999994e-04	-2.626816e-05
1.000002419999994e-04	-2.623729e-05
1.000004979999994e-04	-2.618402e-05
1.000010099999994e-04	-2.609465e-05
1.000020339999994e-04	-2.595633e-05
1.000040819999994e-04	-2.575254e-05
1.000081779999994e-04	-2.547162e-05
1.000163699999994e-04	-2.514817e-05
1.000327539999994e-04	-2.488887e-05
1.000655219999995e-04	-2.477420e-05
1.001310579999995e-04	-2.475321e-05
1.002621299999997e-04	-2.473794e-05
1.005242740000000e-04	-2.470406e-05
1.010485620000006e-04	-2.463767e-05
1.020971380000018e-04	-2.450520e-05
1.041942900000042e-04	-2.424355e-05
1.083885940000089e-04	-2.373315e-05
1.167772020000184e-04	-2.275262e-05
1.267772020000184e-04	-2.164476e-05
1.367772020000184e-04	-2.147246e-05
1.467772020000184e-04	-2.328172e-05
1.567772020000184e-04	-2.306273e-05
1.637399388752004e-04	-2.064656e-05
1.704888489359943e-04	-1.895473e-05
1.739243607918198e-04	-1.850685e-05
1.773201076481437e-04	-1.817521e-05
1.818188852255194e-04	-1.783762e-05
1.859811516968270e-04	-1.756258e-05
1.943056846394420e-04	-1.708991e-05
2.043056846394420e-04	-1.655611e-05
2.143056846394420e-04	-1.606532e-05
2.243056846394420e-04	-1.561259e-05
2.343056846394420e-04	-1.519542e-05
2.443056846394420e-04	-1.481124e-05
2.543056846394420e-04	-1.445793e-05
2.643056846394420e-04	-1.413335e-05
2.743056846394420e-04	-1.383573e-05
2.843056846394420e-04	-1.546859e-05
2.943056846394420e-04	-1.716065e-05
3.043056846394420e-04	-1.533135e-05
3.143056846394420e-04	-1.265131e-05
3.241275325582053e-04	-1.055489e-05
3.331953639616870e-04	-9.440818e-06
3.425530178579571e-04	-9.436212e-06
3.515208552939228e-04	-9.356018e-06
3.615208552939228e-04	-9.037530e-06
3.715208552939228e-04	-8.795152e-06
3.815208552939228e-04	-8.761859e-06
3.915208552939228e-04	-8.751753e-06
4.015208552939228e-04	-8.744992e-06
4.115208552939228e-04	-8.740236e-06
4.215208552939228e-04	-8.736070e-06
4.315208552939228e-04	-8.732734e-06
4.415208552939228e-04	-8.729355e-06
4.515208552939228e-04	-8.726571e-06
4.615208552939228e-04	-8.723625e-06
4.715208552939228e-04	-8.721197e-06
4.815208552939228e-04	-8.718552e-06
4.915208552939228e-04	-8.716381e-06
5.015208552939228e-04	-8.713965e-06
5.115208552939228e-04	-8.711993e-06
5.215208552939227e-04	-8.709765e-06
5.315208552939228e-04	-8.707957e-06
5.415208552939228e-04	-8.705884e-06
5.515208552939228e-04	-8.874862e-06
5.615208552939227e-04	-1.026173e-05
5.715208552939228e-04	-1.169125e-05
5.815208552939228e-04	-1.189276e-05
5.915208552939228e-04	-1.185141e-05
6.015208552939227e-04	-1.175195e-05
6.115208552939228e-04	-1.163174e-05
6.215208552939228e-04	-1.150375e-05
6.315208552939228e-04	-1.137468e-05
6.415208552939227e-04	-1.124753e-05
6.515208552939228e-04	-1.112369e-05
6.615208552939228e-04	-1.100401e-05
6.715208552939228e-04	-1.088884e-05
6.815208552939227e-04	-1.077840e-05
6.915208552939228e-04	-1.067267e-05
7.015208552939228e-04	-1.057165e-05
7.115208552939228e-04	-1.047520e-05
7.215208552939227e-04	-1.038321e-05
7.315208552939228e-04	-1.029551e-05
7.415208552939228e-04	-1.021195e-05
7.515208552939228e-04	-1.013237e-05
7.615208552939227e-04	-1.005659e-05
7.715208552939227e-04	-9.984449e-06
7.815208552939228e-04	-9.915785e-06
7.915208552939228e-04	-9.850436e-06
8.015208552939227e-04	-9.788251e-06
8.115208552939227e-04	-9.729080e-06
8.215208552939228e-04	-9.672782e-06
8.315208552939228e-04	-9.619219e-06
8.415208552939227e-04	-9.568260e-06
8.515208552939227e-04	-9.519781e-06
8.615208552939228e-04	-9.473661e-06
8.715208552939228e-04	-9.429787e-06
8.815208552939227e-04	-9.388047e-06
8.915208552939227e-04	-9.348341e-06
9.015208552939228e-04	-9.310566e-06
9.115208552939228e-04	-9.274633e-06
9.215208552939227e-04	-9.240446e-06
9.315208552939227e-04	-9.207926e-06
9.415208552939228e-04	-9.176985e-06
9.515208552939228e-04	-9.147552e-06
9.615208552939227e-04	-9.119549e-06
9.715208552939227e-04	-9.092909e-06
9.815208552939228e-04	-9.067561e-06
9.915208552939228e-04	-9.043345e-06
1.000000000000000e-03	-8.997010e-06
1.000000001000000e-03	-8.997005e-06
1.000000017000000e-03	-8.997699e-06
1.000000049000000e-03	-9.001081e-06
1.000000113000000e-03	-9.008378e-06
1.000000241000000e-03	-9.021497e-06
1.000000497000000e-03	-9.041458e-06
1.000001009000000e-03	-9.066213e-06
1.000002033000000e-03	-9.089025e-06
1.000004081000000e-03	-9.099614e-06
1.000008177000000e-03	-9.091354e-06
1.000016369000001e-03	-9.068902e-06
1.000032753000001e-03	-9.044467e-06
1.000065521000002e-03	-9.028447e-06
1.000131057000004e-03	-9.023405e-06
1.000262129000007e-03	-9.023043e-06
1.000524273000015e-03	-9.022465e-06
1.001048561000029e-03	-9.021286e-06
1.002097137000058e-03	-9.018949e-06
1.004194289000116e-03	-9.014315e-06
1.008388593000232e-03	-9.005227e-06
1.016777201000463e-03	-8.987595e-06
1.026777201000463e-03	-8.967405e-06
1.036777201000463e-03	-8.948155e-06
1.046777201000463e-03	-8.929839e-06
1.056777201000463e-03	-8.912411e-06
1.066777201000463e-03	-8.895829e-06
1.076777201000463e-03	-8.880051e-06
1.086777201000463e-03	-8.865038e-06
1.096777201000463e-03	-8.850751e-06
1.106777201000463e-03	-8.837158e-06
1.116777201000463e-03	-8.824223e-06
1.126777201000463e-03	-8.811915e-06
1.136777201000463e-03	-8.800203e-06
1.146777201000463e-03	-8.789057e-06
1.156777201000463e-03	-8.778450e-06
1.166777201000463e-03	-8.768358e-06
1.176777201000463e-03	-8.758754e-06
1.186777201000463e-03	-8.749614e-06
1.196777201000463e-03	-8.740916e-06
1.206777201000463e-03	-8.732639e-06
1.216777201000463e-03	-8.724763e-06
1.226777201000463e-03	-8.717267e-06
1.236777201000463e-03	-8.710133e-06
1.246777201000463e-03	-8.703343e-06
1.256777201000463e-03	-8.696882e-06
1.266777201000463e-03	-8.690733e-06
1.276777201000463e-03	-8.684881e-06
1.286777201000463e-03	-8.679312e-06
1.296777201000463e-03	-8.674013e-06
1.306777201000463e-03	-8.668969e-06
1.316777201000463e-03	-8.664168e-06
1.326777201000463e-03	-8.659599e-06
1.336777201000463e-03	-8.655252e-06
1.346777201000463e-03	-8.651114e-06
1.356777201000463e-03	-8.647175e-06
1.366777201000463e-03	-8.643427e-06
1.376777201000463e-03	-8.639860e-06
1.386777201000463e-03	-8.636463e-06
1.396777201000463e-03	-8.633233e-06
1.406777201000463e-03	-8.630157e-06
1.416777201000463e-03	-8.627230e-06
1.426777201000463e-03	-8.624444e-06
1.436777201000463e-03	-8.621793e-06
1.446777201000463e-03	-8.619269e-06
1.456777201000463e-03	-8.616867e-06
1.466777201000463e-03	-8.614582e-06
1.476777201000463e-03	-8.612406e-06
1.486777201000463e-03	-8.610335e-06
1.496777201000463e-03	-8.608365e-06
1.506777201000463e-03	-8.606488e-06
1.516777201000463e-03	-8.604703e-06
1.526777201000463e-03	-8.603004e-06
1.536777201000463e-03	-8.601387e-06
1.546777201000463e-03	-8.599847e-06
1.556777201000463e-03	-8.598383e-06
1.566777201000463e-03	-8.596988e-06
1.576777201000463e-03	-8.595661e-06
1.586777201000463e-03	-8.594398e-06
1.596777201000463e-03	-8.593195e-06
1.606777201000463e-03	-8.592051e-06
1.616777201000463e-03	-8.590961e-06
1.626777201000463e-03	-8.589926e-06
1.636777201000463e-03	-8.588939e-06
1.646777201000463e-03	-8.588000e-06
1.656777201000463e-03	-8.587106e-06
1.666777201000463e-03	-8.586255e-06
1.676777201000463e-03	-8.585445e-06
1.686777201000463e-03	-8.584674e-06
1.696777201000463e-03	-8.583941e-06
1.706777201000463e-03	-8.583243e-06
1.716777201000463e-03	-8.582579e-06
1.726777201000463e-03	-8.581946e-06
1.736777201000463e-03	-8.581344e-06
1.746777201000463e-03	-8.580771e-06
1.756777201000463e-03	-8.580226e-06
1.766777201000463e-03	-8.579706e-06
1.776777201000463e-03	-8.579213e-06
1.786777201000463e-03	-8.578742e-06
1.796777201000463e-03	-8.578294e-06
1.806777201000463e-03	-8.577868e-06
1.816777201000463e-03	-8.577463e-06
1.826777201000463e-03	-8.577077e-06
1.836777201000463e-03	-8.576710e-06
1.846777201000463e-03	-8.576360e-06
1.856777201000463e-03	-8.576028e-06
1.866777201000463e-03	-8.575710e-06
1.876777201000463e-03	-8.575409e-06
1.886777201000463e-03	-8.575122e-06
1.896777201000463e-03	-8.574849e-06
1.906777201000463e-03	-8.574589e-06
1.916777201000463e-03	-8.574341e-06
1.926777201000463e-03	-8.574107e-06
1.936777201000463e-03	-8.573882e-06
1.946777201000463e-03	-8.573668e-06
1.956777201000463e-03	-8.573465e-06
1.966777201000463e-03	-8.573273e-06
1.976777201000463e-03	-8.573088e-06
1.986777201000463e-03	-8.572913e-06
1.996777201000463e-03	-8.572746e-06
2.006777201000463e-03	-8.572588e-06
2.016777201000463e-03	-8.572437e-06
2.026777201000463e-03	-8.572293e-06
2.036777201000463e-03	-8.572157e-06
2.046777201000463e-03	-8.572026e-06
2.056777201000463e-03	-8.571902e-06
2.066777201000463e-03	-8.571785e-06
2.076777201000463e-03	-8.571672e-06
2.086777201000463e-03	-8.571566e-06
2.096777201000463e-03	-8.571464e-06
2.106777201000463e-03	-8.571367e-06
2.116777201000463e-03	-8.571275e-06
2.126777201000463e-03	-8.571187e-06
2.136777201000463e-03	-8.571104e-06
2.146777201000463e-03	-8.571024e-06
2.156777201000463e-03	-8.570949e-06
2.166777201000463e-03	-8.570876e-06
2.176777201000463e-03	-8.570808e-06
2.186777201000463e-03	-8.570743e-06
2.196777201000463e-03	-8.570681e-06
2.206777201000463e-03	-8.570622e-06
2.216777201000463e-03	-8.570565e-06
2.226777201000463e-03	-8.570512e-06
2.236777201000463e-03	-8.570461e-06
2.246777201000463e-03	-8.570412e-06
2.256777201000463e-03	-8.570367e-06
2.266777201000463e-03	-8.570322e-06
2.276777201000463e-03	-8.570280e-06
2.286777201000463e-03	-8.570240e-06
2.296777201000463e-03	-8.570203e-06
2.306777201000463e-03	-8.570167e-06
2.316777201000463e-03	-8.570132e-06
2.326777201000463e-03	-8.570099e-06
2.336777201000463e-03	-8.570069e-06
2.346777201000463e-03	-8.570039e-06
2.356777201000463e-03	-8.570011e-06
2.366777201000463e-03	-8.569984e-06
2.376777201000463e-03	-8.569958e-06
2.386777201000463e-03	-8.569934e-06
2.396777201000463e-03	-8.569911e-06
2.406777201000463e-03	-8.569889e-06
2.416777201000463e-03	-8.569868e-06
2.426777201000463e-03	-8.569848e-06
2.436777201000463e-03	-8.569829e-06
2.446777201000463e-03	-8.569811e-06
2.456777201000463e-03	-8.569794e-06
2.466777201000463e-03	-8.569777e-06
2.476777201000463e-03	-8.569762e-06
2.486777201000463e-03	-8.569747e-06
2.496777201000463e-03	-8.569733e-06
2.506777201000463e-03	-8.569719e-06
2.516777201000463e-03	-8.569707e-06
2.526777201000463e-03	-8.569695e-06
2.536777201000463e-03	-8.569683e-06
2.546777201000463e-03	-8.569672e-06
2.556777201000463e-03	-8.569662e-06
2.566777201000463e-03	-8.569652e-06
2.576777201000463e-03	-8.569643e-06
2.586777201000463e-03	-8.569634e-06
2.596777201000463e-03	-8.569625e-06
2.606777201000463e-03	-8.569617e-06
2.616777201000463e-03	-8.569608e-06
2.626777201000463e-03	-8.569601e-06
2.636777201000463e-03	-8.569594e-06
2.646777201000463e-03	-8.569587e-06
2.656777201000463e-03	-8.569581e-06
2.666777201000463e-03	-8.569576e-06
2.676777201000463e-03	-8.569569e-06
2.686777201000463e-03	-8.569564e-06
2.696777201000463e-03	-8.569558e-06
2.706777201000463e-03	-8.569554e-06
2.716777201000463e-03	-8.569548e-06
2.726777201000463e-03	-8.569545e-06
2.736777201000463e-03	-8.569540e-06
2.746777201000463e-03	-8.569536e-06
2.756777201000463e-03	-8.569532e-06
2.766777201000463e-03	-8.569528e-06
2.776777201000463e-03	-8.569525e-06
2.786777201000463e-03	-8.569521e-06
2.796777201000463e-03	-8.569518e-06
2.806777201000463e-03	-8.569516e-06
2.816777201000463e-03	-8.569512e-06
2.826777201000463e-03	-8.569509e-06
2.836777201000463e-03	-8.569506e-06
2.846777201000463e-03	-8.569505e-06
2.856777201000463e-03	-8.569502e-06
2.866777201000463e-03	-8.569500e-06
2.876777201000463e-03	-8.569497e-06
2.886777201000463e-03	-8.569496e-06
2.896777201000463e-03	-8.569494e-06
2.906777201000463e-03	-8.569492e-06
2.916777201000463e-03	-8.569490e-06
2.926777201000463e-03	-8.569488e-06
2.936777201000463e-03	-8.569486e-06
2.946777201000463e-03	-8.569486e-06
2.956777201000463e-03	-8.569484e-06
2.966777201000463e-03	-8.569482e-06
2.976777201000463e-03	-8.569481e-06
2.986777201000463e-03	-8.569480e-06
2.996777201000463e-03	-8.569478e-06
3.006777201000463e-03	-8.569477e-06
3.016777201000463e-03	-8.569476e-06
3.026777201000463e-03	-8.569476e-06
3.036777201000463e-03	-8.569474e-06
3.046777201000463e-03	-8.569473e-06
3.056777201000463e-03	-8.569472e-06
3.066777201000463e-03	-8.569472e-06
3.076777201000463e-03	-8.569471e-06
3.086777201000463e-03	-8.569470e-06
3.096777201000463e-03	-8.569469e-06
3.106777201000463e-03	-8.569468e-06
3.116777201000463e-03	-8.569468e-06
3.126777201000463e-03	-8.569467e-06
3.136777201000463e-03	-8.569466e-06
3.146777201000463e-03	-8.569466e-06
3.156777201000463e-03	-8.569466e-06
3.166777201000463e-03	-8.569465e-06
3.176777201000463e-03	-8.569465e-06
3.186777201000463e-03	-8.569464e-06
3.196777201000463e-03	-8.569464e-06
3.206777201000463e-03	-8.569463e-06
3.216777201000463e-03	-8.569463e-06
3.226777201000463e-03	-8.569462e-06
3.236777201000463e-03	-8.569462e-06
3.246777201000463e-03	-8.569461e-06
3.256777201000463e-03	-8.569461e-06
3.266777201000463e-03	-8.569461e-06
3.276777201000463e-03	-8.569461e-06
3.286777201000463e-03	-8.569461e-06
3.296777201000463e-03	-8.569460e-06
3.306777201000463e-03	-8.569460e-06
3.316777201000463e-03	-8.569459e-06
3.326777201000463e-03	-8.569459e-06
3.336777201000463e-03	-8.569459e-06
3.346777201000463e-03	-8.569459e-06
3.356777201000463e-03	-8.569459e-06
3.366777201000463e-03	-8.569459e-06
3.376777201000463e-03	-8.569458e-06
3.386777201000463e-03	-8.569458e-06
3.396777201000463e-03	-8.569458e-06
3.406777201000463e-03	-8.569458e-06
3.416777201000463e-03	-8.569457e-06
3.426777201000463e-03	-8.569457e-06
3.436777201000463e-03	-8.569457e-06
3.446777201000463e-03	-8.569457e-06
3.456777201000463e-03	-8.569457e-06
3.466777201000463e-03	-8.569457e-06
3.476777201000463e-03	-8.569457e-06
3.486777201000463e-03	-8.569457e-06
3.496777201000463e-03	-8.569457e-06
3.506777201000463e-03	-8.569457e-06
3.516777201000463e-03	-8.569457e-06
3.526777201000463e-03	-8.569456e-06
3.536777201000463e-03	-8.569456e-06
3.546777201000463e-03	-8.569456e-06
3.556777201000463e-03	-8.569456e-06
3.566777201000463e-03	-8.569456e-06
3.576777201000463e-03	-8.569456e-06
3.586777201000463e-03	-8.569456e-06
3.596777201000463e-03	-8.569456e-06
3.606777201000463e-03	-8.569456e-06
3.616777201000463e-03	-8.569456e-06
3.626777201000463e-03	-8.569456e-06
3.636777201000463e-03	-8.569456e-06
3.646777201000463e-03	-8.569456e-06
3.656777201000463e-03	-8.569456e-06
3.666777201000463e-03	-8.569456e-06
3.676777201000463e-03	-8.569456e-06
3.686777201000463e-03	-8.569456e-06
3.696777201000463e-03	-8.569456e-06
3.706777201000463e-03	-8.569456e-06
3.716777201000463e-03	-8.569456e-06
3.726777201000463e-03	-8.569456e-06
3.736777201000463e-03	-8.569456e-06
3.746777201000463e-03	-8.569456e-06
3.756777201000463e-03	-8.569456e-06
3.766777201000463e-03	-8.569456e-06
3.776777201000463e-03	-8.569456e-06
3.786777201000463e-03	-8.569456e-06
3.796777201000463e-03	-8.569456e-06
3.806777201000463e-03	-8.569456e-06
3.816777201000463e-03	-8.569456e-06
3.826777201000463e-03	-8.569456e-06
3.836777201000463e-03	-8.569456e-06
3.846777201000463e-03	-8.569456e-06
3.856777201000463e-03	-8.569456e-06
3.866777201000463e-03	-8.569456e-06
3.876777201000463e-03	-8.569456e-06
3.886777201000463e-03	-8.569456e-06
3.896777201000463e-03	-8.569456e-06
3.906777201000463e-03	-8.569456e-06
3.916777201000463e-03	-8.569456e-06
3.926777201000463e-03	-8.569456e-06
3.936777201000463e-03	-8.569456e-06
3.946777201000463e-03	-8.569456e-06
3.956777201000463e-03	-8.569456e-06
3.966777201000463e-03	-8.569456e-06
3.976777201000463e-03	-8.569456e-06
3.986777201000463e-03	-8.569456e-06
3.996777201000463e-03	-8.569455e-06
4.006777201000463e-03	-8.569455e-06
4.016777201000463e-03	-8.569455e-06
4.026777201000463e-03	-8.569455e-06
4.036777201000463e-03	-8.569455e-06
4.046777201000462e-03	-8.569455e-06
4.056777201000463e-03	-8.569456e-06
4.066777201000463e-03	-8.569456e-06
4.076777201000463e-03	-8.569456e-06
4.086777201000463e-03	-8.569456e-06
4.096777201000463e-03	-8.569456e-06
4.106777201000463e-03	-8.569456e-06
4.116777201000463e-03	-8.569456e-06
4.126777201000463e-03	-8.569456e-06
4.136777201000463e-03	-8.569455e-06
4.146777201000463e-03	-8.569455e-06
4.156777201000463e-03	-8.569455e-06
4.166777201000463e-03	-8.569455e-06
4.176777201000463e-03	-8.569455e-06
4.186777201000463e-03	-8.569455e-06
4.196777201000462e-03	-8.569455e-06
4.206777201000463e-03	-8.569455e-06
4.216777201000462e-03	-8.569455e-06
4.226777201000463e-03	-8.569455e-06
4.236777201000463e-03	-8.569456e-06
4.246777201000463e-03	-8.569456e-06
4.256777201000463e-03	-8.569456e-06
4.266777201000463e-03	-8.569456e-06
4.276777201000463e-03	-8.569456e-06
4.286777201000463e-03	-8.569456e-06
4.296777201000463e-03	-8.569455e-06
4.306777201000463e-03	-8.569455e-06
4.316777201000463e-03	-8.569455e-06
4.326777201000463e-03	-8.569455e-06
4.336777201000463e-03	-8.569455e-06
4.346777201000463e-03	-8.569455e-06
4.356777201000463e-03	-8.569455e-06
4.366777201000462e-03	-8.569455e-06
4.376777201000463e-03	-8.569456e-06
4.386777201000462e-03	-8.569456e-06
4.396777201000463e-03	-8.569456e-06
4.406777201000463e-03	-8.569456e-06
4.416777201000463e-03	-8.569456e-06
4.426777201000463e-03	-8.569456e-06
4.436777201000463e-03	-8.569455e-06
4.446777201000463e-03	-8.569455e-06
4.456777201000463e-03	-8.569455e-06
4.466777201000463e-03	-8.569455e-06
4.476777201000463e-03	-8.569455e-06
4.486777201000463e-03	-8.569455e-06
4.496777201000463e-03	-8.569455e-06
4.506777201000463e-03	-8.569455e-06
4.516777201000462e-03	-8.569456e-06
4.526777201000463e-03	-8.569456e-06
4.536777201000462e-03	-8.569456e-06
4.546777201000463e-03	-8.569456e-06
4.556777201000463e-03	-8.569456e-06
4.566777201000463e-03	-8.569456e-06
4.576777201000463e-03	-8.569455e-06
4.586777201000463e-03	-8.569455e-06
4.596777201000463e-03	-8.569455e-06
4.606777201000463e-03	-8.569455e-06
4.616777201000463e-03	-8.569455e-06
4.626777201000463e-03	-8.569455e-06
4.636777201000463e-03	-8.569455e-06
4.646777201000463e-03	-8.569455e-06
4.656777201000463e-03	-8.569456e-06
4.666777201000463e-03	-8.569456e-06
4.676777201000463e-03	-8.569456e-06
4.686777201000462e-03	-8.569456e-06
4.696777201000463e-03	-8.569455e-06
4.706777201000462e-03	-8.569455e-06
4.716777201000463e-03	-8.569455e-06
4.726777201000463e-03	-8.569455e-06
4.736777201000463e-03	-8.569455e-06
4.746777201000463e-03	-8.569455e-06
4.756777201000463e-03	-8.569455e-06
4.766777201000463e-03	-8.569455e-06
4.776777201000463e-03	-8.569455e-06
4.786777201000463e-03	-8.569455e-06
4.796777201000463e-03	-8.569456e-06
4.806777201000463e-03	-8.569456e-06
4.816777201000463e-03	-8.569456e-06
4.826777201000463e-03	-8.569456e-06
4.836777201000462e-03	-8.569455e-06
4.846777201000463e-03	-8.569455e-06
4.856777201000462e-03	-8.569455e-06
4.866777201000463e-03	-8.569455e-06
4.876777201000462e-03	-8.569455e-06
4.886777201000463e-03	-8.569455e-06
4.896777201000463e-03	-8.569455e-06
4.906777201000463e-03	-8.569455e-06
4.916777201000463e-03	-8.569456e-06
4.926777201000463e-03	-8.569456e-06
4.936777201000463e-03	-8.569456e-06
4.946777201000463e-03	-8.569456e-06
4.956777201000463e-03	-8.569455e-06
4.966777201000463e-03	-8.569455e-06
4.976777201000463e-03	-8.569455e-06
4.986777201000463e-03	-8.569455e-06
4.996777201000463e-03	-8.569455e-06
5.006777201000462e-03	-8.569455e-06
5.016777201000463e-03	-8.569455e-06
5.026777201000462e-03	-8.569455e-06
5.036777201000463e-03	-8.569456e-06
5.046777201000462e-03	-8.569456e-06
5.056777201000463e-03	-8.569456e-06
5.066777201000463e-03	-8.569456e-06
5.076777201000463e-03	-8.569455e-06
5.086777201000463e-03	-8.569455e-06
5.096777201000463e-03	-8.569455e-06
5.106777201000463e-03	-8.569455e-06
5.116777201000463e-03	-8.569455e-06
5.126777201000463e-03	-8.569455e-06
5.136777201000463e-03	-8.569455e-06
5.146777201000463e-03	-8.569455e-06
5.156777201000462e-03	-8.569456e-06
5.166777201000463e-03	-8.569456e-06
5.176777201000462e-03	-8.569456e-06
5.186777201000463e-03	-8.569456e-06
5.196777201000462e-03	-8.569455e-06
5.206777201000463e-03	-8.569455e-06
5.216777201000463e-03	-8.569455e-06
5.226777201000463e-03	-8.569455e-06
5.236777201000463e-03	-8.569455e-06
5.246777201000463e-03	-8.569455e-06
5.256777201000463e-03	-8.569455e-06
5.266777201000463e-03	-8.569455e-06
5.276777201000463e-03	-8.569456e-06
5.286777201000463e-03	-8.569456e-06
5.296777201000463e-03	-8.569456e-06
5.306777201000463e-03	-8.569456e-06
5.316777201000463e-03	-8.569455e-06
5.326777201000462e-03	-8.569455e-06
5.336777201000463e-03	-8.569455e-06
5.346777201000462e-03	-8.569455e-06
5.356777201000463e-03	-8.569455e-06
5.366777201000462e-03	-8.569455e-06
5.376777201000463e-03	-8.569455e-06
5.386777201000463e-03	-8.569455e-06
5.396777201000463e-03	-8.569456e-06
5.406777201000463e-03	-8.569456e-06
5.416777201000463e-03	-8.569456e-06
5.426777201000463e-03	-8.569456e-06
5.436777201000463e-03	-8.569455e-06
5.446777201000463e-03	-8.569455e-06
5.456777201000463e-03	-8.569455e-06
5.466777201000463e-03	-8.569455e-06
5.476777201000462e-03	-8.569455e-06
5.486777201000463e-03	-8.569455e-06
5.496777201000462e-03	-8.569455e-06
5.506777201000463e-03	-8.569455e-06
5.516777201000462e-03	-8.569456e-06
5.526777201000463e-03	-8.569456e-06
5.536777201000462e-03	-8.569456e-06
5.546777201000463e-03	-8.569456e-06
5.556777201000463e-03	-8.569455e-06
5.566777201000463e-03	-8.569455e-06
5.576777201000463e-03	-8.569455e-06
5.586777201000463e-03	-8.569455e-06
5.596777201000463e-03	-8.569455e-06
5.606777201000463e-03	-8.569455e-06
5.616777201000463e-03	-8.569455e-06
5.626777201000463e-03	-8.569455e-06
5.636777201000463e-03	-8.569456e-06
5.646777201000462e-03	-8.569456e-06
5.656777201000463e-03	-8.569456e-06
5.666777201000462e-03	-8.569456e-06
5.676777201000463e-03	-8.569455e-06
5.686777201000462e-03	-8.569455e-06
5.696777201000463e-03	-8.569455e-06
5.706777201000462e-03	-8.569455e-06
5.716777201000463e-03	-8.569455e-06
5.726777201000463e-03	-8.569455e-06
5.736777201000463e-03	-8.569455e-06
5.746777201000463e-03	-8.569455e-06
5.756777201000463e-03	-8.569456e-06
5.766777201000463e-03	-8.569456e-06
5.776777201000463e-03	-8.569455e-06
5.786777201000463e-03	-8.569455e-06
5.796777201000462e-03	-8.569455e-06
5.806777201000463e-03	-8.569455e-06
5.816777201000462e-03	-8.569455e-06
5.826777201000463e-03	-8.569455e-06
5.836777201000462e-03	-8.569455e-06
5.846777201000463e-03	-8.569455e-06
5.856777201000462e-03	-8.569455e-06
5.866777201000463e-03	-8.569455e-06
5.876777201000462e-03	-8.569456e-06
5.886777201000463e-03	-8.569456e-06
5.896777201000463e-03	-8.569455e-06
5.906777201000463e-03	-8.569455e-06
5.916777201000463e-03	-8.569455e-06
5.926777201000463e-03	-8.569455e-06
5.936777201000463e-03	-8.569455e-06
5.946777201000463e-03	-8.569455e-06
5.956777201000463e-03	-8.569455e-06
5.966777201000462e-03	-8.569455e-06
5.976777201000463e-03	-8.569456e-06
5.986777201000462e-03	-8.569456e-06
5.996777201000463e-03	-8.569456e-06
6.006777201000462e-03	-8.569456e-06
6.016777201000463e-03	-8.569455e-06
6.026777201000462e-03	-8.569455e-06
6.036777201000463e-03	-8.569455e-06
6.046777201000463e-03	-8.569455e-06
6.056777201000463e-03	-8.569455e-06
6.066777201000463e-03	-8.569455e-06
6.076777201000463e-03	-8.569455e-06
6.086777201000463e-03	-8.569455e-06
6.096777201000463e-03	-8.569456e-06
6.106777201000463e-03	-8.569456e-06
6.116777201000462e-03	-8.569455e-06
6.126777201000463e-03	-8.569455e-06
6.136777201000462e-03	-8.569455e-06
6.146777201000463e-03	-8.569455e-06
6.156777201000462e-03	-8.569455e-06
6.166777201000463e-03	-8.569455e-06
6.176777201000462e-03	-8.569455e-06
6.186777201000463e-03	-8.569455e-06
6.196777201000462e-03	-8.569456e-06
6.206777201000463e-03	-8.569456e-06
6.216777201000463e-03	-8.569456e-06
6.226777201000463e-03	-8.569456e-06
6.236777201000463e-03	-8.569455e-06
6.246777201000463e-03	-8.569455e-06
6.256777201000463e-03	-8.569455e-06
6.266777201000463e-03	-8.569455e-06
6.276777201000463e-03	-8.569455e-06
6.286777201000462e-03	-8.569455e-06
6.296777201000463e-03	-8.569455e-06
6.306777201000462e-03	-8.569455e-06
6.316777201000463e-03	-8.569456e-06
6.326777201000462e-03	-8.569456e-06
6.336777201000463e-03	-8.569456e-06
6.346777201000462e-03	-8.569456e-06
6.356777201000463e-03	-8.569455e-06
6.366777201000462e-03	-8.569455e-06
6.376777201000463e-03	-8.569455e-06
6.386777201000463e-03	-8.569455e-06
6.396777201000463e-03	-8.569455e-06
6.406777201000463e-03	-8.569455e-06
6.416777201000463e-03	-8.569455e-06
6.426777201000463e-03	-8.569455e-06
6.436777201000462e-03	-8.569456e-06
6.446777201000463e-03	-8.569456e-06
6.456777201000462e-03	-8.569455e-06
6.466777201000463e-03	-8.569455e-06
6.476777201000462e-03	-8.569455e-06
6.486777201000463e-03	-8.569455e-06
6.496777201000462e-03	-8.569455e-06
6.506777201000463e-03	-8.569455e-06
6.516777201000462e-03	-8.569455e-06
6.526777201000463e-03	-8.569455e-06
6.536777201000462e-03	-8.569456e-06
6.546777201000463e-03	-8.569456e-06
6.556777201000463e-03	-8.569456e-06
6.566777201000463e-03	-8.569456e-06
6.576777201000463e-03	-8.569455e-06
6.586777201000463e-03	-8.569455e-06
6.596777201000463e-03	-8.569455e-06
6.606777201000462e-03	-8.569455e-06
6.616777201000463e-03	-8.569455e-06
6.626777201000462e-03	-8.569455e-06
6.636777201000463e-03	-8.569455e-06
6.646777201000462e-03	-8.569455e-06
6.656777201000463e-03	-8.569456e-06
6.666777201000462e-03	-8.569456e-06
6.676777201000463e-03	-8.569455e-06
6.686777201000462e-03	-8.569455e-06
6.696777201000463e-03	-8.569455e-06
6.706777201000463e-03	-8.569455e-06
6.716777201000463e-03	-8.569455e-06
6.726777201000463e-03	-8.569455e-06
6.736777201000463e-03	-8.569455e-06
6.746777201000463e-03	-8.569455e-06
6.756777201000462e-03	-8.569456e-06
6.766777201000463e-03	-8.569456e-06
6.776777201000462e-03	-8.569456e-06
6.786777201000463e-03	-8.569456e-06
6.796777201000462e-03	-8.569455e-06
6.806777201000463e-03	-8.569455e-06
6.816777201000462e-03	-8.569455e-06
6.826777201000463e-03	-8.569455e-06
6.836777201000462e-03	-8.569455e-06
6.846777201000463e-03	-8.569455e-06
6.856777201000462e-03	-8.569455e-06
6.866777201000463e-03	-8.569455e-06
6.876777201000463e-03	-8.569456e-06
6.886777201000463e-03	-8.569456e-06
6.896777201000463e-03	-8.569455e-06
6.906777201000463e-03	-8.569455e-06
6.916777201000463e-03	-8.569455e-06
6.926777201000462e-03	-8.569455e-06
6.936777201000463e-03	-8.569455e-06
6.946777201000462e-03	-8.569455e-06
6.956777201000463e-03	-8.569455e-06
6.966777201000462e-03	-8.569455e-06
6.976777201000463e-03	-8.569456e-06
6.986777201000462e-03	-8.569456e-06
6.996777201000463e-03	-8.569456e-06
7.006777201000462e-03	-8.569456e-06
7.016777201000463e-03	-8.569455e-06
7.026777201000462e-03	-8.569455e-06
7.036777201000463e-03	-8.569455e-06
7.046777201000463e-03	-8.569455e-06
7.056777201000463e-03	-8.569455e-06
7.066777201000463e-03	-8.569455e-06
7.076777201000462e-03	-8.569455e-06
7.086777201000463e-03	-8.569455e-06
7.096777201000462e-03	-8.569456e-06
7.106777201000463e-03	-8.569456e-06
7.116777201000462e-03	-8.569456e-06
7.126777201000463e-03	-8.569456e-06
7.136777201000462e-03	-8.569455e-06
7.146777201000463e-03	-8.569455e-06
7.156777201000462e-03	-8.569455e-06
7.166777201000463e-03	-8.569455e-06
7.176777201000462e-03	-8.569455e-06
7.186777201000463e-03	-8.569455e-06
7.196777201000462e-03	-8.569455e-06
7.206777201000463e-03	-8.569455e-06
7.216777201000463e-03	-8.569456e-06
7.226777201000463e-03	-8.569456e-06
7.236777201000463e-03	-8.569455e-06
7.246777201000462e-03	-8.569455e-06
7.256777201000463e-03	-8.569455e-06
7.266777201000462e-03	-8.569455e-06
7.276777201000463e-03	-8.569455e-06
7.286777201000462e-03	-8.569455e-06
7.296777201000463e-03	-8.569455e-06
7.306777201000462e-03	-8.569455e-06
7.316777201000463e-03	-8.569456e-06
7.326777201000462e-03	-8.569456e-06
7.336777201000463e-03	-8.569456e-06
7.346777201000462e-03	-8.569456e-06
7.356777201000463e-03	-8.569455e-06
7.366777201000463e-03	-8.569455e-06
7.376777201000463e-03	-8.569455e-06
7.386777201000463e-03	-8.569455e-06
7.396777201000462e-03	-8.569455e-06
7.406777201000463e-03	-8.569455e-06
7.416777201000462e-03	-8.569455e-06
7.426777201000463e-03	-8.569455e-06
7.436777201000462e-03	-8.569456e-06
7.446777201000463e-03	-8.569456e-06
7.456777201000462e-03	-8.569455e-06
7.466777201000463e-03	-8.569455e-06
7.476777201000462e-03	-8.569455e-06
7.486777201000463e-03	-8.569455e-06
7.496777201000462e-03	-8.569455e-06
7.506777201000463e-03	-8.569455e-06
7.516777201000462e-03	-8.569455e-06
7.526777201000463e-03	-8.569455e-06
7.536777201000463e-03	-8.569456e-06
7.546777201000463e-03	-8.569456e-06
7.556777201000463e-03	-8.569456e-06
7.566777201000462e-03	-8.569456e-06
7.576777201000463e-03	-8.569455e-06
7.586777201000462e-03	-8.569455e-06
7.596777201000463e-03	-8.569455e-06
7.606777201000462e-03	-8.569455e-06
7.616777201000463e-03	-8.569455e-06
7.626777201000462e-03	-8.569455e-06
7.636777201000463e-03	-8.569455e-06
7.646777201000462e-03	-8.569455e-06
7.656777201000463e-03	-8.569456e-06
7.666777201000462e-03	-8.569456e-06
7.676777201000463e-03	-8.569456e-06
7.686777201000462e-03	-8.569456e-06
7.696777201000463e-03	-8.569455e-06
7.706777201000463e-03	-8.569455e-06
7.716777201000462e-03	-8.569455e-06
7.726777201000463e-03	-8.569455e-06
7.736777201000462e-03	-8.569455e-06
7.746777201000463e-03	-8.569455e-06
7.756777201000462e-03	-8.569455e-06
7.766777201000463e-03	-8.569455e-06
7.776777201000462e-03	-8.569456e-06
7.786777201000463e-03	-8.569456e-06
7.796777201000462e-03	-8.569455e-06
7.806777201000463e-03	-8.569455e-06
7.816777201000463e-03	-8.569455e-06
7.826777201000463e-03	-8.569455e-06
7.836777201000462e-03	-8.569455e-06
7.846777201000462e-03	-8.569455e-06
7.856777201000463e-03	-8.569455e-06
7.866777201000463e-03	-8.569455e-06
7.876777201000463e-03	-8.569456e-06
7.886777201000462e-03	-8.569456e-06
7.896777201000462e-03	-8.569456e-06
7.906777201000463e-03	-8.569456e-06
7.916777201000463e-03	-8.569455e-06
7.926777201000462e-03	-8.569455e-06
7.936777201000462e-03	-8.569455e-06
7.946777201000463e-03	-8.569455e-06
7.956777201000463e-03	-8.569455e-06
7.966777201000462e-03	-8.569455e-06
7.976777201000462e-03	-8.569455e-06
7.986777201000463e-03	-8.569455e-06
7.996777201000463e-03	-8.569456e-06
8.006777201000462e-03	-8.569456e-06
8.016777201000462e-03	-8.569456e-06
8.026777201000463e-03	-8.569456e-06
8.036777201000463e-03	-8.569455e-06
8.046777201000463e-03	-8.569455e-06
8.056777201000462e-03	-8.569455e-06
8.066777201000462e-03	-8.569455e-06
8.076777201000463e-03	-8.569455e-06
8.086777201000463e-03	-8.569455e-06
8.096777201000462e-03	-8.569455e-06
8.106777201000462e-03	-8.569455e-06
8.116777201000463e-03	-8.569456e-06
8.126777201000463e-03	-8.569456e-06
8.136777201000462e-03	-8.569455e-06
8.146777201000462e-03	-8.569455e-06
8.156777201000463e-03	-8.569455e-06
8.166777201000463e-03	-8.569455e-06
8.176777201000462e-03	-8.569455e-06
8.186777201000462e-03	-8.569455e-06
8.196777201000462e-03	-8.569455e-06
8.206777201000463e-03	-8.569455e-06
8.216777201000463e-03	-8.569456e-06
8.226777201000462e-03	-8.569456e-06
8.236777201000462e-03	-8.569456e-06
8.246777201000463e-03	-8.569456e-06
8.256777201000463e-03	-8.569455e-06
8.266777201000462e-03	-8.569455e-06
8.276777201000462e-03	-8.569455e-06
8.286777201000463e-03	-8.569455e-06
8.296777201000463e-03	-8.569455e-06
8.306777201000462e-03	-8.569455e-06
8.316777201000462e-03	-8.569455e-06
8.326777201000463e-03	-8.569455e-06
8.336777201000463e-03	-8.569456e-06
8.346777201000462e-03	-8.569456e-06
8.356777201000462e-03	-8.569456e-06
8.366777201000462e-03	-8.569456e-06
8.376777201000463e-03	-8.569455e-06
8.386777201000463e-03	-8.569455e-06
8.396777201000462e-03	-8.569455e-06
8.406777201000462e-03	-8.569455e-06
8.416777201000463e-03	-8.569455e-06
8.426777201000463e-03	-8.569455e-06
8.436777201000462e-03	-8.569455e-06
8.446777201000462e-03	-8.569455e-06
8.456777201000463e-03	-8.569456e-06
8.466777201000463e-03	-8.569456e-06
8.476777201000462e-03	-8.569455e-06
8.486777201000462e-03	-8.569455e-06
8.496777201000463e-03	-8.569455e-06
8.506777201000463e-03	-8.569455e-06
8.516777201000462e-03	-8.569455e-06
8.526777201000462e-03	-8.569455e-06
8.536777201000462e-03	-8.569455e-06
8.546777201000463e-03	-8.569455e-06
8.556777201000463e-03	-8.569455e-06
8.566777201000462e-03	-8.569455e-06
8.576777201000462e-03	-8.569456e-06
8.586777201000463e-03	-8.569456e-06
8.596777201000463e-03	-8.569455e-06
8.606777201000462e-03	-8.569455e-06
8.616777201000462e-03	-8.569455e-06
8.626777201000463e-03	-8.569455e-06
8.636777201000463e-03	-8.569455e-06
8.646777201000462e-03	-8.569455e-06
8.656777201000462e-03	-8.569455e-06
8.666777201000463e-03	-8.569455e-06
8.676777201000463e-03	-8.569456e-06
8.686777201000462e-03	-8.569456e-06
8.696777201000462e-03	-8.569456e-06
8.706777201000462e-03	-8.569456e-06
8.716777201000463e-03	-8.569455e-06
8.726777201000463e-03	-8.569455e-06
8.736777201000462e-03	-8.569455e-06
8.746777201000462e-03	-8.569455e-06
8.756777201000463e-03	-8.569455e-06
8.766777201000463e-03	-8.569455e-06
8.776777201000462e-03	-8.569455e-06
8.786777201000462e-03	-8.569455e-06
8.796777201000463e-03	-8.569456e-06
8.806777201000463e-03	-8.569456e-06
8.816777201000462e-03	-8.569456e-06
8.826777201000462e-03	-8.569456e-06
8.836777201000462e-03	-8.569455e-06
8.846777201000463e-03	-8.569455e-06
8.856777201000463e-03	-8.569455e-06
8.866777201000462e-03	-8.569455e-06
8.876777201000462e-03	-8.569455e-06
8.886777201000463e-03	-8.569455e-06
8.896777201000463e-03	-8.569455e-06
8.906777201000462e-03	-8.569455e-06
8.916777201000462e-03	-8.569456e-06
8.926777201000463e-03	-8.569456e-06
8.936777201000463e-03	-8.569456e-06
8.946777201000462e-03	-8.569456e-06
8.956777201000462e-03	-8.569455e-06
8.966777201000463e-03	-8.569455e-06
8.976777201000463e-03	-8.569455e-06
8.986777201000462e-03	-8.569455e-06
8.996777201000462e-03	-8.569455e-06
9.006777201000462e-03	-8.569455e-06
9.016777201000463e-03	-8.569455e-06
9.026777201000463e-03	-8.569455e-06
9.036777201000462e-03	-8.569456e-06
9.046777201000462e-03	-8.569456e-06
9.056777201000463e-03	-8.569456e-06
9.066777201000463e-03	-8.569456e-06
9.076777201000462e-03	-8.569455e-06
9.086777201000462e-03	-8.569455e-06
9.096777201000463e-03	-8.569455e-06
9.106777201000463e-03	-8.569455e-06
9.116777201000462e-03	-8.569455e-06
9.126777201000462e-03	-8.569455e-06
9.136777201000463e-03	-8.569455e-06
9.146777201000463e-03	-8.569455e-06
9.156777201000462e-03	-8.569456e-06
9.166777201000462e-03	-8.569456e-06
9.176777201000462e-03	-8.569455e-06
9.186777201000463e-03	-8.569455e-06
9.196777201000463e-03	-8.569455e-06
9.206777201000462e-03	-8.569455e-06
9.216777201000462e-03	-8.569455e-06
9.226777201000463e-03	-8.569455e-06
9.236777201000463e-03	-8.569455e-06
9.246777201000462e-03	-8.569455e-06
9.256777201000462e-03	-8.569455e-06
9.266777201000463e-03	-8.569455e-06
9.276777201000463e-03	-8.569456e-06
9.286777201000462e-03	-8.569456e-06
9.296777201000462e-03	-8.569455e-06
9.306777201000463e-03	-8.569455e-06
9.316777201000463e-03	-8.569455e-06
9.326777201000462e-03	-8.569455e-06
9.336777201000462e-03	-8.569455e-06
9.346777201000462e-03	-8.569455e-06
9.356777201000463e-03	-8.569455e-06
9.366777201000463e-03	-8.569455e-06
9.376777201000462e-03	-8.569455e-06
9.386777201000462e-03	-8.569455e-06
9.396777201000463e-03	-8.569456e-06
9.406777201000463e-03	-8.569456e-06
9.416777201000462e-03	-8.569455e-06
9.426777201000462e-03	-8.569455e-06
9.436777201000463e-03	-8.569455e-06
9.446777201000463e-03	-8.569455e-06
9.456777201000462e-03	-8.569455e-06
9.466777201000462e-03	-8.569455e-06
9.476777201000462e-03	-8.569455e-06
9.486777201000463e-03	-8.569455e-06
9.496777201000462e-03	-8.569455e-06
9.506777201000462e-03	-8.569455e-06
9.516777201000462e-03	-8.569456e-06
9.526777201000463e-03	-8.569456e-06
9.536777201000463e-03	-8.569455e-06
9.546777201000462e-03	-8.569455e-06
9.556777201000462e-03	-8.569455e-06
9.566777201000463e-03	-8.569455e-06
9.576777201000463e-03	-8.569455e-06
9.586777201000462e-03	-8.569455e-06
9.596777201000462e-03	-8.569455e-06
9.606777201000463e-03	-8.569455e-06
9.616777201000463e-03	-8.569455e-06
9.626777201000462e-03	-8.569455e-06
9.636777201000462e-03	-8.569456e-06
9.646777201000462e-03	-8.569456e-06
9.656777201000463e-03	-8.569455e-06
9.666777201000462e-03	-8.569455e-06
9.676777201000462e-03	-8.569455e-06
9.686777201000462e-03	-8.569455e-06
9.696777201000463e-03	-8.569455e-06
9.706777201000463e-03	-8.569455e-06
9.716777201000462e-03	-8.569455e-06
9.726777201000462e-03	-8.569455e-06
9.736777201000463e-03	-8.569455e-06
9.746777201000463e-03	-8.569455e-06
9.756777201000462e-03	-8.569456e-06
9.766777201000462e-03	-8.569456e-06
9.776777201000463e-03	-8.569456e-06
9.786777201000463e-03	-8.569456e-06
9.796777201000462e-03	-8.569455e-06
9.806777201000462e-03	-8.569455e-06
9.816777201000462e-03	-8.569455e-06
9.826777201000463e-03	-8.569455e-06
9.836777201000462e-03	-8.569455e-06
9.846777201000462e-03	-8.569455e-06
9.856777201000462e-03	-8.569455e-06
9.866777201000463e-03	-8.569455e-06
9.876777201000463e-03	-8.569456e-06
9.886777201000462e-03	-8.569456e-06
9.896777201000462e-03	-8.569456e-06
9.906777201000463e-03	-8.569456e-06
9.916777201000463e-03	-8.569455e-06
9.926777201000462e-03	-8.569455e-06
9.936777201000462e-03	-8.569455e-06
9.946777201000463e-03	-8.569455e-06
9.956777201000463e-03	-8.569455e-06
9.966777201000462e-03	-8.569455e-06
9.976777201000462e-03	-8.569455e-06
9.986777201000462e-03	-8.569455e-06
9.996777201000463e-03	-8.569456e-06
1.000000000000000e-02	-8.569408e-06
1.000000000100000e-02	-8.569381e-06
1.000000000200000e-02	-8.569368e-06
1.000000000440036e-02	-8.569371e-06
1.000000000670974e-02	-8.569320e-06
1.000000001132851e-02	-8.569214e-06
1.000000002056606e-02	-8.568974e-06
1.000000003904114e-02	-8.568497e-06
1.000000007599130e-02	-8.567536e-06
1.000000014989163e-02	-8.565617e-06
1.000000029769228e-02	-8.561768e-06
1.000000059329359e-02	-8.554033e-06
1.000000118449621e-02	-8.538409e-06
1.000000236690145e-02	-8.506626e-06
1.000000473171193e-02	-8.441832e-06
1.000000946133289e-02	-8.311297e-06
1.000001768512010e-02	-8.087584e-06
1.000002962941878e-02	-7.737775e-06
1.000005351801612e-02	-4.321580e-06
1.000010129521082e-02	1.420803e-06
1.000017107512869e-02	-4.991268e-06
1.000023641157347e-02	-1.233379e-05
1.000031640405217e-02	-1.631343e-05
1.000039247140620e-02	-1.909198e-05
1.000054460611425e-02	-2.301381e-05
1.000056509206225e-02	-2.343227e-05
1.000060606395824e-02	-2.415394e-05
1.000068800775022e-02	-2.560702e-05
1.000085189533419e-02	-2.849670e-05
1.000117967050211e-02	-3.383067e-05
1.000175612799625e-02	-4.156868e-05
1.000242101866322e-02	-4.831748e-05
1.000253900729438e-02	-4.912388e-05
1.000277498455669e-02	-5.002444e-05
1.000324693908132e-02	-5.097753e-05
1.000336492771248e-02	-5.103387e-05
1.000360090497479e-02	-5.091559e-05
1.000407285949942e-02	-5.061110e-05
1.000501676854867e-02	-4.993554e-05
1.000690458664719e-02	-4.860633e-05
1.001068022284421e-02	-4.645253e-05
1.001823149523826e-02	-4.374970e-05
1.002823149523826e-02	-4.195316e-05
1.003823149523826e-02	-4.103718e-05
1.004823149523826e-02	-4.028169e-05
1.005823149523826e-02	-3.931090e-05
1.006823149523826e-02	-3.804993e-05
1.007823149523826e-02	-3.669466e-05
1.008823149523826e-02	-3.536506e-05
1.009823149523826e-02	-3.405035e-05
1.010000000000000e-02	-3.380850e-05
1.010000000100000e-02	-3.380849e-05
1.010000001700000e-02	-3.380845e-05
1.010000004900000e-02	-3.380853e-05
1.010000011300000e-02	-3.380884e-05
1.010000024100000e-02	-3.380960e-05
1.010000049700000e-02	-3.381148e-05
1.010000100900000e-02	-3.381598e-05
1.010000203300000e-02	-3.382496e-05
1.010000408100000e-02	-3.383744e-05
1.010000817700000e-02	-3.384568e-05
1.010001636900000e-02	-3.384113e-05
1.010003275300001e-02	-3.382698e-05
1.010006552100002e-02	-3.381342e-05
1.010013105700003e-02	-3.380203e-05
1.010026212900006e-02	-3.378479e-05
1.010052427300013e-02	-3.375046e-05
1.010104856100025e-02	-3.368179e-05
1.010209713700050e-02	-3.354465e-05
1.010419428900100e-02	-3.327128e-05
1.010838859300201e-02	-3.272954e-05
1.011677720100402e-02	-3.166675e-05
1.012677720100402e-02	-3.044264e-05
1.013677720100402e-02	-2.929805e-05
1.014677720100401e-02	-2.825225e-05
1.015677720100402e-02	-2.724209e-05
1.016677720100402e-02	-2.585917e-05
1.017677720100402e-02	-2.387967e-05
1.018677720100401e-02	-2.216908e-05
1.019677720100402e-02	-2.233626e-05
1.020628398381632e-02	-2.367579e-05
1.021628398381632e-02	-2.429626e-05
1.022628398381632e-02	-2.425753e-05
1.023628398381632e-02	-2.417714e-05
1.024628398381632e-02	-2.404816e-05
1.025628398381632e-02	-2.389633e-05
1.026628398381632e-02	-2.372443e-05
1.027628398381632e-02	-2.353536e-05
1.028628398381632e-02	-2.333154e-05
1.029628398381632e-02	-2.311302e-05
1.030628398381632e-02	-2.287683e-05
1.031628398381632e-02	-2.260958e-05
1.032628398381632e-02	-2.224567e-05
1.033628398381632e-02	-2.165920e-05
1.034628398381632e-02	-2.118966e-05
1.035628398381632e-02	-2.099011e-05
1.036628398381632e-02	-2.076031e-05
1.037628398381632e-02	-2.011090e-05
1.038628398381632e-02	-1.910782e-05
1.039628398381632e-02	-1.852840e-05
1.040628398381632e-02	-1.812740e-05
1.041628398381632e-02	-1.683434e-05
1.042484825472342e-02	-1.566049e-05
1.043294702288162e-02	-1.373456e-05
1.044082408526116e-02	-1.118683e-05
1.045082408526116e-02	-1.101909e-05
1.046082408526116e-02	-1.262195e-05
1.047082408526116e-02	-1.302474e-05
1.048082408526116e-02	-1.281234e-05
1.049082408526116e-02	-1.263458e-05
1.050082408526116e-02	-1.244921e-05
1.051082408526116e-02	-1.226903e-05
1.052082408526116e-02	-1.209327e-05
1.053082408526116e-02	-1.192153e-05
1.054082408526116e-02	-1.175382e-05
1.055082408526116e-02	-1.158998e-05
1.056082408526116e-02	-1.143002e-05
1.057082408526116e-02	-1.127377e-05
1.058082408526116e-02	-1.112122e-05
1.059082408526116e-02	-1.097221e-05
1.060082408526116e-02	-1.082674e-05
1.061082408526116e-02	-1.068465e-05
1.062082408526116e-02	-1.054591e-05
1.063082408526116e-02	-1.040977e-05
1.064082408526116e-02	-1.027481e-05
1.065082408526116e-02	-1.014006e-05
1.066082408526116e-02	-1.000601e-05
1.067082408526116e-02	-9.873305e-06
1.068082408526116e-02	-9.742565e-06
1.069082408526116e-02	-9.614058e-06
1.070082408526116e-02	-9.488080e-06
1.071082408526116e-02	-9.364714e-06
1.072082408526116e-02	-9.244114e-06
1.073082408526116e-02	-9.126272e-06
1.074082408526116e-02	-9.011264e-06
1.075082408526116e-02	-8.899036e-06
1.076082408526116e-02	-8.789623e-06
1.077082408526116e-02	-8.682942e-06
1.078082408526116e-02	-8.579003e-06
1.079082408526116e-02	-8.477711e-06
1.080082408526116e-02	-8.379058e-06
1.081082408526116e-02	-8.282942e-06
1.082082408526116e-02	-8.189350e-06
1.083082408526116e-02	-8.098174e-06
1.084082408526116e-02	-8.009396e-06
1.085082408526116e-02	-7.922912e-06
1.086082408526116e-02	-7.838698e-06
1.087082408526116e-02	-7.756656e-06
1.088082408526116e-02	-7.676759e-06
1.089082408526116e-02	-7.598911e-06
1.090082408526116e-02	-7.523089e-06
1.091082408526116e-02	-7.449199e-06
1.092082408526116e-02	-7.377221e-06
1.093082408526116e-02	-7.307064e-06
1.094082408526116e-02	-7.238710e-06
1.095082408526116e-02	-7.172074e-06
1.096082408526116e-02	-7.107139e-06
1.097082408526116e-02	-7.043825e-06
1.098082408526116e-02	-6.982117e-06
1.099082408526116e-02	-6.922038e-06
1.100000000100000e-02	-6.384008e-06
1.100000000200000e-02	-6.383996e-06
1.100000001800000e-02	-6.383585e-06
1.100000005000000e-02	-6.382761e-06
1.100000011400000e-02	-6.381224e-06
1.100000024200000e-02	-6.378509e-06
1.100000049800000e-02	-6.374394e-06
1.100000101000000e-02	-6.370881e-06
1.100000203400000e-02	-6.377396e-06
1.100000370787554e-02	-6.410174e-06
1.100000583297908e-02	-6.468839e-06
1.100000876274640e-02	-6.550165e-06
1.100001325727741e-02	-6.645569e-06
1.100002206904093e-02	-6.751996e-06
1.100003969256798e-02	-6.832943e-06
1.100007493962206e-02	-6.864812e-06
1.100014543373024e-02	-6.867163e-06
1.100028642194659e-02	-6.865941e-06
1.100056839837930e-02	-6.864429e-06
1.100113235124470e-02	-6.861116e-06
1.100226025697551e-02	-6.854626e-06
1.100451606843714e-02	-6.841662e-06
1.100902769136039e-02	-6.816033e-06
1.101805093720690e-02	-6.765585e-06
1.102805093720690e-02	-6.710839e-06
1.103805093720690e-02	-6.657417e-06
1.104805093720690e-02	-6.605316e-06
1.105805093720690e-02	-6.554503e-06
1.106805093720690e-02	-6.504945e-06
1.107805093720690e-02	-6.456611e-06
1.108805093720690e-02	-6.409470e-06
1.109805093720690e-02	-6.363493e-06
1.110805093720690e-02	-6.318653e-06
1.111805093720690e-02	-6.274922e-06
1.112805093720690e-02	-6.232274e-06
1.113805093720690e-02	-6.190684e-06
1.114805093720690e-02	-6.150128e-06
1.115805093720690e-02	-6.110582e-06
1.116805093720690e-02	-6.072023e-06
1.117805093720690e-02	-6.034429e-06
1.118805093720690e-02	-5.997777e-06
1.119805093720690e-02	-5.962048e-06
1.120805093720690e-02	-5.927219e-06
1.121805093720690e-02	-5.893270e-06
1.122805093720690e-02	-5.860181e-06
1.123805093720690e-02	-5.827932e-06
1.124805093720690e-02	-5.796503e-06
1.125805093720690e-02	-5.765874e-06
1.126805093720690e-02	-5.736028e-06
1.127805093720690e-02	-5.706944e-06
1.128805093720690e-02	-5.678603e-06
1.129805093720690e-02	-5.650987e-06
1.130805093720690e-02	-5.624076e-06
1.131805093720690e-02	-5.597853e-06
1.132805093720690e-02	-5.572299e-06
1.133805093720690e-02	-5.547396e-06
1.134805093720690e-02	-5.523125e-06
1.135805093720690e-02	-5.499469e-06
1.136805093720690e-02	-5.476410e-06
1.137805093720690e-02	-5.453930e-06
1.138805093720690e-02	-5.432013e-06
1.139805093720690e-02	-5.410640e-06
1.140805093720690e-02	-5.389796e-06
1.141805093720690e-02	-5.369464e-06
1.142805093720690e-02	-5.349627e-06
1.143805093720690e-02	-5.330270e-06
1.144805093720690e-02	-5.311376e-06
1.145805093720690e-02	-5.292932e-06
1.146805093720690e-02	-5.274922e-06
1.147805093720690e-02	-5.257331e-06
1.148805093720690e-02	-5.240146e-06
1.149805093720690e-02	-5.223352e-06
1.150805093720690e-02	-5.206937e-06
1.151805093720690e-02	-5.190887e-06
1.152805093720690e-02	-5.175191e-06
1.153805093720690e-02	-5.159836e-06
1.154805093720690e-02	-5.144811e-06
1.155805093720690e-02	-5.130104e-06
1.156805093720690e-02	-5.115704e-06
1.157805093720690e-02	-5.101602e-06
1.158805093720690e-02	-5.087788e-06
1.159805093720690e-02	-5.074251e-06
1.160805093720690e-02	-5.060984e-06
1.161805093720690e-02	-5.047977e-06
1.162805093720690e-02	-5.035221e-06
1.163805093720690e-02	-5.022710e-06
1.164805093720690e-02	-5.010435e-06
1.165805093720690e-02	-4.998388e-06
1.166805093720690e-02	-4.986564e-06
1.167805093720690e-02	-4.974956e-06
1.168805093720690e-02	-4.963556e-06
1.169805093720690e-02	-4.952361e-06
1.170805093720690e-02	-4.941364e-06
1.171805093720690e-02	-4.930559e-06
1.172805093720690e-02	-4.919942e-06
1.173805093720690e-02	-4.909507e-06
1.174805093720690e-02	-4.899252e-06
1.175805093720690e-02	-4.889171e-06
1.176805093720690e-02	-4.879260e-06
1.177805093720690e-02	-4.869517e-06
1.178805093720690e-02	-4.859937e-06
1.179805093720690e-02	-4.850517e-06
1.180805093720690e-02	-4.841255e-06
1.181805093720690e-02	-4.832147e-06
1.182805093720690e-02	-4.823192e-06
1.183805093720690e-02	-4.814387e-06
1.184805093720690e-02	-4.805730e-06
1.185805093720690e-02	-4.797219e-06
1.186805093720690e-02	-4.788853e-06
1.187805093720690e-02	-4.780631e-06
1.188805093720690e-02	-4.772551e-06
1.189805093720690e-02	-4.764612e-06
1.190805093720690e-02	-4.756815e-06
1.191805093720690e-02	-4.749157e-06
1.192805093720690e-02	-4.741640e-06
1.193805093720690e-02	-4.734263e-06
1.194805093720690e-02	-4.727026e-06
1.195805093720690e-02	-4.719931e-06
1.196805093720690e-02	-4.712977e-06
1.197805093720690e-02	-4.706165e-06
1.198805093720690e-02	-4.699498e-06
1.199805093720690e-02	-4.692977e-06
1.200805093720690e-02	-4.686602e-06
1.201805093720690e-02	-4.680377e-06
1.202805093720690e-02	-4.674303e-06
1.203805093720690e-02	-4.668384e-06
1.204805093720690e-02	-4.662621e-06
1.205805093720690e-02	-4.657017e-06
1.206805093720690e-02	-4.651576e-06
1.207805093720690e-02	-4.646300e-06
1.208805093720690e-02	-4.641193e-06
1.209805093720690e-02	-4.636257e-06
1.210805093720690e-02	-4.631494e-06
1.211805093720690e-02	-4.626908e-06
1.212805093720690e-02	-4.622499e-06
1.213805093720690e-02	-4.618267e-06
1.214805093720690e-02	-4.614211e-06
1.215805093720690e-02	-4.610329e-06
1.216805093720690e-02	-4.606616e-06
1.217805093720690e-02	-4.603065e-06
1.218805093720690e-02	-4.599665e-06
1.219805093720690e-02	-4.596403e-06
1.220805093720690e-02	-4.593261e-06
1.221805093720690e-02	-4.590220e-06
1.222805093720690e-02	-4.587254e-06
1.223805093720690e-02	-4.584337e-06
1.224805093720690e-02	-4.581439e-06
1.225805093720690e-02	-4.578528e-06
1.226805093720690e-02	-4.575575e-06
1.227805093720690e-02	-4.572551e-06
1.228805093720690e-02	-4.569430e-06
1.229805093720690e-02	-4.566190e-06
1.230805093720690e-02	-4.562817e-06
1.231805093720690e-02	-4.559301e-06
1.232805093720690e-02	-4.555641e-06
1.233805093720690e-02	-4.551839e-06
1.234805093720690e-02	-4.547905e-06
1.235805093720690e-02	-4.543851e-06
1.236805093720690e-02	-4.539694e-06
1.237805093720690e-02	-4.535454e-06
1.238805093720690e-02	-4.531149e-06
1.239805093720690e-02	-4.526801e-06
1.240805093720690e-02	-4.522429e-06
1.241805093720690e-02	-4.518051e-06
1.242805093720690e-02	-4.513684e-06
1.243805093720690e-02	-4.509345e-06
1.244805093720690e-02	-4.505046e-06
1.245805093720690e-02	-4.500802e-06
1.246805093720690e-02	-4.496622e-06
1.247805093720690e-02	-4.492516e-06
1.248805093720690e-02	-4.488492e-06
1.249805093720690e-02	-4.484556e-06
1.250805093720690e-02	-4.480714e-06
1.251805093720690e-02	-4.476971e-06
1.252805093720690e-02	-4.473330e-06
1.253805093720690e-02	-4.469794e-06
1.254805093720690e-02	-4.466367e-06
1.255805093720690e-02	-4.463048e-06
1.256805093720690e-02	-4.459839e-06
1.257805093720690e-02	-4.456742e-06
1.258805093720690e-02	-4.453756e-06
1.259805093720690e-02	-4.450881e-06
1.260805093720690e-02	-4.448116e-06
1.261805093720690e-02	-4.445461e-06
1.262805093720690e-02	-4.442916e-06
1.263805093720690e-02	-4.440478e-06
1.264805093720690e-02	-4.438146e-06
1.265805093720690e-02	-4.435920e-06
1.266805093720690e-02	-4.433797e-06
1.267805093720690e-02	-4.431775e-06
1.268805093720690e-02	-4.429852e-06
1.269805093720690e-02	-4.428027e-06
1.270805093720690e-02	-4.426297e-06
1.271805093720690e-02	-4.424660e-06
1.272805093720690e-02	-4.423114e-06
1.273805093720690e-02	-4.421656e-06
1.274805093720690e-02	-4.420284e-06
1.275805093720690e-02	-4.418996e-06
1.276805093720690e-02	-4.417788e-06
1.277805093720690e-02	-4.416658e-06
1.278805093720690e-02	-4.415604e-06
1.279805093720690e-02	-4.414623e-06
1.280805093720690e-02	-4.413713e-06
1.281805093720690e-02	-4.412871e-06
1.282805093720690e-02	-4.412094e-06
1.283805093720690e-02	-4.411380e-06
1.284805093720690e-02	-4.410727e-06
1.285805093720690e-02	-4.410131e-06
1.286805093720690e-02	-4.409590e-06
1.287805093720690e-02	-4.409102e-06
1.288805093720690e-02	-4.408664e-06
1.289805093720690e-02	-4.408274e-06
1.290805093720690e-02	-4.407930e-06
1.291805093720690e-02	-4.407629e-06
1.292805093720690e-02	-4.407369e-06
1.293805093720690e-02	-4.407147e-06
1.294805093720690e-02	-4.406962e-06
1.295805093720690e-02	-4.406812e-06
1.296805093720690e-02	-4.406694e-06
1.297805093720690e-02	-4.406606e-06
1.298805093720690e-02	-4.406547e-06
1.299805093720690e-02	-4.406515e-06
1.300805093720690e-02	-4.406507e-06
1.301805093720690e-02	-4.406523e-06
1.302805093720690e-02	-4.406560e-06
1.303805093720690e-02	-4.406617e-06
1.304805093720690e-02	-4.406693e-06
1.305805093720690e-02	-4.406785e-06
1.306805093720690e-02	-4.406893e-06
1.307805093720690e-02	-4.407015e-06
1.308805093720690e-02	-4.407150e-06
1.309805093720690e-02	-4.407297e-06
1.310805093720690e-02	-4.407455e-06
1.311805093720690e-02	-4.407621e-06
1.312805093720690e-02	-4.407797e-06
1.313805093720690e-02	-4.407980e-06
1.314805093720690e-02	-4.408169e-06
1.315805093720690e-02	-4.408364e-06
1.316805093720690e-02	-4.408564e-06
1.317805093720690e-02	-4.408768e-06
1.318805093720690e-02	-4.408976e-06
1.319805093720690e-02	-4.409186e-06
1.320805093720690e-02	-4.409399e-06
1.321805093720690e-02	-4.409612e-06
1.322805093720690e-02	-4.409827e-06
1.323805093720690e-02	-4.410043e-06
1.324805093720690e-02	-4.410258e-06
1.325805093720690e-02	-4.410474e-06
1.326805093720690e-02	-4.410688e-06
1.327805093720690e-02	-4.410901e-06
1.328805093720690e-02	-4.411113e-06
1.329805093720690e-02	-4.411323e-06
1.330805093720690e-02	-4.411531e-06
1.331805093720690e-02	-4.411737e-06
1.332805093720690e-02	-4.411940e-06
1.333805093720690e-02	-4.412140e-06
1.334805093720690e-02	-4.412338e-06
1.335805093720690e-02	-4.412533e-06
1.336805093720690e-02	-4.412724e-06
1.337805093720690e-02	-4.412912e-06
1.338805093720690e-02	-4.413097e-06
1.339805093720690e-02	-4.413278e-06
1.340805093720690e-02	-4.413456e-06
1.341805093720690e-02	-4.413630e-06
1.342805093720690e-02	-4.413801e-06
1.343805093720690e-02	-4.413967e-06
1.344805093720690e-02	-4.414130e-06
1.345805093720690e-02	-4.414290e-06
1.346805093720690e-02	-4.414445e-06
1.347805093720690e-02	-4.414597e-06
1.348805093720690e-02	-4.414745e-06
1.349805093720690e-02	-4.414890e-06
1.350805093720690e-02	-4.415030e-06
1.351805093720690e-02	-4.415167e-06
1.352805093720690e-02	-4.415301e-06
1.353805093720690e-02	-4.415431e-06
1.354805093720690e-02	-4.415557e-06
1.355805093720690e-02	-4.415680e-06
1.356805093720690e-02	-4.415800e-06
1.357805093720690e-02	-4.415916e-06
1.358805093720690e-02	-4.416029e-06
1.359805093720690e-02	-4.416138e-06
1.360805093720690e-02	-4.416244e-06
1.361805093720690e-02	-4.416348e-06
1.362805093720690e-02	-4.416448e-06
1.363805093720690e-02	-4.416544e-06
1.364805093720690e-02	-4.416639e-06
1.365805093720690e-02	-4.416730e-06
1.366805093720690e-02	-4.416818e-06
1.367805093720690e-02	-4.416904e-06
1.368805093720690e-02	-4.416987e-06
1.369805093720690e-02	-4.417067e-06
1.370805093720690e-02	-4.417145e-06
1.371805093720690e-02	-4.417220e-06
1.372805093720690e-02	-4.417293e-06
1.373805093720690e-02	-4.417364e-06
1.374805093720690e-02	-4.417432e-06
1.375805093720690e-02	-4.417498e-06
1.376805093720690e-02	-4.417561e-06
1.377805093720690e-02	-4.417623e-06
1.378805093720690e-02	-4.417682e-06
1.379805093720690e-02	-4.417740e-06
1.380805093720690e-02	-4.417795e-06
1.381805093720690e-02	-4.417849e-06
1.382805093720690e-02	-4.417901e-06
1.383805093720690e-02	-4.417951e-06
1.384805093720690e-02	-4.417999e-06
1.385805093720690e-02	-4.418046e-06
1.386805093720690e-02	-4.418091e-06
1.387805093720690e-02	-4.418134e-06
1.388805093720690e-02	-4.418176e-06
1.389805093720690e-02	-4.418216e-06
1.390805093720690e-02	-4.418255e-06
1.391805093720690e-02	-4.418293e-06
1.392805093720690e-02	-4.418329e-06
1.393805093720690e-02	-4.418363e-06
1.394805093720690e-02	-4.418397e-06
1.395805093720690e-02	-4.418429e-06
1.396805093720690e-02	-4.418461e-06
1.397805093720690e-02	-4.418491e-06
1.398805093720690e-02	-4.418520e-06
1.399805093720690e-02	-4.418548e-06
1.400805093720690e-02	-4.418575e-06
1.401805093720690e-02	-4.418601e-06
1.402805093720690e-02	-4.418626e-06
1.403805093720690e-02	-4.418650e-06
1.404805093720690e-02	-4.418673e-06
1.405805093720690e-02	-4.418695e-06
1.406805093720690e-02	-4.418716e-06
1.407805093720690e-02	-4.418737e-06
1.408805093720690e-02	-4.418756e-06
1.409805093720690e-02	-4.418775e-06
1.410805093720690e-02	-4.418794e-06
1.411805093720690e-02	-4.418811e-06
1.412805093720690e-02	-4.418828e-06
1.413805093720690e-02	-4.418845e-06
1.414805093720690e-02	-4.418860e-06
1.415805093720690e-02	-4.418876e-06
1.416805093720690e-02	-4.418890e-06
1.417805093720690e-02	-4.418904e-06
1.418805093720690e-02	-4.418916e-06
1.419805093720690e-02	-4.418929e-06
1.420805093720690e-02	-4.418942e-06
1.421805093720690e-02	-4.418954e-06
1.422805093720690e-02	-4.418965e-06
1.423805093720690e-02	-4.418976e-06
1.424805093720690e-02	-4.418986e-06
1.425805093720690e-02	-4.418996e-06
1.426805093720690e-02	-4.419006e-06
1.427805093720690e-02	-4.419015e-06
1.428805093720690e-02	-4.419023e-06
1.429805093720690e-02	-4.419032e-06
1.430805093720690e-02	-4.419040e-06
1.431805093720690e-02	-4.419047e-06
1.432805093720690e-02	-4.419055e-06
1.433805093720690e-02	-4.419062e-06
1.434805093720690e-02	-4.419069e-06
1.435805093720690e-02	-4.419075e-06
1.436805093720690e-02	-4.419082e-06
1.437805093720690e-02	-4.419087e-06
1.438805093720690e-02	-4.419093e-06
1.439805093720690e-02	-4.419098e-06
1.440805093720690e-02	-4.419104e-06
1.441805093720690e-02	-4.419108e-06
1.442805093720690e-02	-4.419113e-06
1.443805093720690e-02	-4.419118e-06
1.444805093720690e-02	-4.419122e-06
1.445805093720690e-02	-4.419127e-06
1.446805093720690e-02	-4.419130e-06
1.447805093720690e-02	-4.419134e-06
1.448805093720690e-02	-4.419137e-06
1.449805093720690e-02	-4.419141e-06
1.450805093720690e-02	-4.419144e-06
1.451805093720690e-02	-4.419147e-06
1.452805093720690e-02	-4.419150e-06
1.453805093720690e-02	-4.419153e-06
1.454805093720690e-02	-4.419155e-06
1.455805093720690e-02	-4.419158e-06
1.456805093720690e-02	-4.419160e-06
1.457805093720690e-02	-4.419162e-06
1.458805093720690e-02	-4.419165e-06
1.459805093720690e-02	-4.419167e-06
1.460805093720690e-02	-4.419168e-06
1.461805093720690e-02	-4.419170e-06
1.462805093720690e-02	-4.419172e-06
1.463805093720690e-02	-4.419173e-06
1.464805093720690e-02	-4.419175e-06
1.465805093720690e-02	-4.419177e-06
1.466805093720690e-02	-4.419178e-06
1.467805093720690e-02	-4.419179e-06
1.468805093720690e-02	-4.419180e-06
1.469805093720690e-02	-4.419182e-06
1.470805093720690e-02	-4.419182e-06
1.471805093720690e-02	-4.419183e-06
1.472805093720690e-02	-4.419184e-06
1.473805093720690e-02	-4.419185e-06
1.474805093720690e-02	-4.419186e-06
1.475805093720690e-02	-4.419187e-06
1.476805093720690e-02	-4.419187e-06
1.477805093720690e-02	-4.419188e-06
1.478805093720690e-02	-4.419188e-06
1.479805093720690e-02	-4.419189e-06
1.480805093720690e-02	-4.419189e-06
1.481805093720690e-02	-4.419189e-06
1.482805093720690e-02	-4.419190e-06
1.483805093720690e-02	-4.419190e-06
1.484805093720690e-02	-4.419191e-06
1.485805093720690e-02	-4.419191e-06
1.486805093720690e-02	-4.419191e-06
1.487805093720690e-02	-4.419191e-06
1.488805093720690e-02	-4.419191e-06
1.489805093720690e-02	-4.419192e-06
1.490805093720690e-02	-4.419192e-06
1.491805093720690e-02	-4.419192e-06
1.492805093720690e-02	-4.419192e-06
1.493805093720690e-02	-4.419192e-06
1.494805093720690e-02	-4.419192e-06
1.495805093720690e-02	-4.419192e-06
1.496805093720690e-02	-4.419192e-06
1.497805093720690e-02	-4.419192e-06
1.498805093720690e-02	-4.419192e-06
1.499805093720690e-02	-4.419191e-06
1.500805093720690e-02	-4.419191e-06
1.501805093720690e-02	-4.419191e-06
1.502805093720690e-02	-4.419191e-06
1.503805093720690e-02	-4.419191e-06
1.504805093720690e-02	-4.419191e-06
1.505805093720690e-02	-4.419190e-06
1.506805093720690e-02	-4.419190e-06
1.507805093720690e-02	-4.419190e-06
1.508805093720690e-02	-4.419190e-06
1.509805093720690e-02	-4.419189e-06
1.510805093720690e-02	-4.419189e-06
1.511805093720690e-02	-4.419189e-06
1.512805093720690e-02	-4.419189e-06
1.513805093720690e-02	-4.419188e-06
1.514805093720690e-02	-4.419188e-06
1.515805093720690e-02	-4.419188e-06
1.516805093720690e-02	-4.419187e-06
1.517805093720690e-02	-4.419187e-06
1.518805093720690e-02	-4.419187e-06
1.519805093720690e-02	-4.419187e-06
1.520805093720690e-02	-4.419186e-06
1.521805093720690e-02	-4.419186e-06
1.522805093720690e-02	-4.419186e-06
1.523805093720690e-02	-4.419185e-06
1.524805093720690e-02	-4.419185e-06
1.525805093720690e-02	-4.419184e-06
1.526805093720690e-02	-4.419184e-06
1.527805093720690e-02	-4.419184e-06
1.528805093720690e-02	-4.419184e-06
1.529805093720690e-02	-4.419183e-06
1.530805093720690e-02	-4.419183e-06
1.531805093720690e-02	-4.419182e-06
1.532805093720690e-02	-4.419182e-06
1.533805093720690e-02	-4.419182e-06
1.534805093720690e-02	-4.419181e-06
1.535805093720690e-02	-4.419181e-06
1.536805093720690e-02	-4.419181e-06
1.537805093720690e-02	-4.419180e-06
1.538805093720690e-02	-4.419180e-06
1.539805093720690e-02	-4.419180e-06
1.540805093720690e-02	-4.419179e-06
1.541805093720690e-02	-4.419179e-06
1.542805093720690e-02	-4.419178e-06
1.543805093720690e-02	-4.419178e-06
1.544805093720690e-02	-4.419178e-06
1.545805093720690e-02	-4.419177e-06
1.546805093720690e-02	-4.419177e-06
1.547805093720690e-02	-4.419177e-06
1.548805093720690e-02	-4.419177e-06
1.549805093720690e-02	-4.419176e-06
1.550805093720690e-02	-4.419176e-06
1.551805093720690e-02	-4.419176e-06
1.552805093720690e-02	-4.419175e-06
1.553805093720690e-02	-4.419175e-06
1.554805093720690e-02	-4.419175e-06
1.555805093720690e-02	-4.419174e-06
1.556805093720690e-02	-4.419174e-06
1.557805093720690e-02	-4.419174e-06
1.558805093720690e-02	-4.419173e-06
1.559805093720690e-02	-4.419173e-06
1.560805093720690e-02	-4.419172e-06
1.561805093720690e-02	-4.419172e-06
1.562805093720690e-02	-4.419172e-06
1.563805093720690e-02	-4.419172e-06
1.564805093720690e-02	-4.419172e-06
1.565805093720690e-02	-4.419171e-06
1.566805093720689e-02	-4.419171e-06
1.567805093720689e-02	-4.419171e-06
1.568805093720690e-02	-4.419170e-06
1.569805093720690e-02	-4.419170e-06
1.570805093720690e-02	-4.419170e-06
1.571805093720690e-02	-4.419169e-06
1.572805093720690e-02	-4.419169e-06
1.573805093720690e-02	-4.419169e-06
1.574805093720689e-02	-4.419168e-06
1.575805093720689e-02	-4.419168e-06
1.576805093720690e-02	-4.419168e-06
1.577805093720690e-02	-4.419167e-06
1.578805093720690e-02	-4.419167e-06
1.579805093720690e-02	-4.419167e-06
1.580805093720690e-02	-4.419167e-06
1.581805093720690e-02	-4.419167e-06
1.582805093720690e-02	-4.419167e-06
1.583805093720689e-02	-4.419166e-06
1.584805093720689e-02	-4.419166e-06
1.585805093720690e-02	-4.419166e-06
1.586805093720690e-02	-4.419166e-06
1.587805093720690e-02	-4.419165e-06
1.588805093720690e-02	-4.419165e-06
1.589805093720690e-02	-4.419165e-06
1.590805093720690e-02	-4.419164e-06
1.591805093720689e-02	-4.419164e-06
1.592805093720689e-02	-4.419164e-06
1.593805093720690e-02	-4.419164e-06
1.594805093720690e-02	-4.419164e-06
1.595805093720690e-02	-4.419163e-06
1.596805093720690e-02	-4.419163e-06
1.597805093720690e-02	-4.419163e-06
1.598805093720690e-02	-4.419162e-06
1.599805093720690e-02	-4.419162e-06
1.600805093720689e-02	-4.419162e-06
1.601805093720689e-02	-4.419162e-06
1.602805093720690e-02	-4.419162e-06
1.603805093720690e-02	-4.419162e-06
1.604805093720690e-02	-4.419162e-06
1.605805093720690e-02	-4.419162e-06
1.606805093720690e-02	-4.419161e-06
1.607805093720690e-02	-4.419161e-06
1.608805093720689e-02	-4.419161e-06
1.609805093720689e-02	-4.419161e-06
1.610805093720690e-02	-4.419160e-06
1.611805093720690e-02	-4.419160e-06
1.612805093720690e-02	-4.419160e-06
1.613805093720690e-02	-4.419160e-06
1.614805093720690e-02	-4.419160e-06
1.615805093720690e-02	-4.419159e-06
1.616805093720690e-02	-4.419159e-06
1.617805093720689e-02	-4.419159e-06
1.618805093720689e-02	-4.419159e-06
1.619805093720690e-02	-4.419159e-06
1.620805093720690e-02	-4.419159e-06
1.621805093720690e-02	-4.419158e-06
1.622805093720690e-02	-4.419158e-06
1.623805093720690e-02	-4.419158e-06
1.624805093720690e-02	-4.419158e-06
1.625805093720690e-02	-4.419158e-06
1.626805093720689e-02	-4.419158e-06
1.627805093720690e-02	-4.419158e-06
1.628805093720690e-02	-4.419157e-06
1.629805093720690e-02	-4.419157e-06
1.630805093720690e-02	-4.419157e-06
1.631805093720690e-02	-4.419157e-06
1.632805093720690e-02	-4.419157e-06
1.633805093720690e-02	-4.419157e-06
1.634805093720689e-02	-4.419157e-06
1.635805093720689e-02	-4.419157e-06
1.636805093720690e-02	-4.419157e-06
1.637805093720690e-02	-4.419156e-06
1.638805093720690e-02	-4.419156e-06
1.639805093720690e-02	-4.419156e-06
1.640805093720690e-02	-4.419156e-06
1.641805093720690e-02	-4.419156e-06
1.642805093720690e-02	-4.419156e-06
1.643805093720689e-02	-4.419156e-06
1.644805093720690e-02	-4.419156e-06
1.645805093720690e-02	-4.419155e-06
1.646805093720690e-02	-4.419155e-06
1.647805093720690e-02	-4.419155e-06
1.648805093720690e-02	-4.419155e-06
1.649805093720690e-02	-4.419155e-06
1.650805093720690e-02	-4.419155e-06
1.651805093720689e-02	-4.419155e-06
1.652805093720689e-02	-4.419155e-06
1.653805093720690e-02	-4.419154e-06
1.654805093720690e-02	-4.419154e-06
1.655805093720690e-02	-4.419154e-06
1.656805093720690e-02	-4.419154e-06
1.657805093720690e-02	-4.419154e-06
1.658805093720690e-02	-4.419154e-06
1.659805093720690e-02	-4.419154e-06
1.660805093720689e-02	-4.419154e-06
1.661805093720690e-02	-4.419153e-06
1.662805093720690e-02	-4.419153e-06
1.663805093720690e-02	-4.419154e-06
1.664805093720690e-02	-4.419154e-06
1.665805093720690e-02	-4.419153e-06
1.666805093720690e-02	-4.419153e-06
1.667805093720690e-02	-4.419153e-06
1.668805093720689e-02	-4.419153e-06
1.669805093720689e-02	-4.419153e-06
1.670805093720690e-02	-4.419153e-06
1.671805093720690e-02	-4.419153e-06
1.672805093720690e-02	-4.419153e-06
1.673805093720690e-02	-4.419153e-06
1.674805093720690e-02	-4.419153e-06
1.675805093720690e-02	-4.419152e-06
1.676805093720690e-02	-4.419152e-06
1.677805093720689e-02	-4.419152e-06
1.678805093720690e-02	-4.419152e-06
1.679805093720690e-02	-4.419152e-06
1.680805093720690e-02	-4.419152e-06
1.681805093720690e-02	-4.419152e-06
1.682805093720690e-02	-4.419152e-06
1.683805093720690e-02	-4.419152e-06
1.684805093720690e-02	-4.419152e-06
1.685805093720689e-02	-4.419152e-06
1.686805093720689e-02	-4.419152e-06
1.687805093720690e-02	-4.419152e-06
1.688805093720690e-02	-4.419152e-06
1.689805093720690e-02	-4.419152e-06
1.690805093720690e-02	-4.419152e-06
1.691805093720690e-02	-4.419152e-06
1.692805093720690e-02	-4.419151e-06
1.693805093720690e-02	-4.419151e-06
1.694805093720689e-02	-4.419151e-06
1.695805093720689e-02	-4.419151e-06
1.696805093720690e-02	-4.419151e-06
1.697805093720690e-02	-4.419151e-06
1.698805093720690e-02	-4.419151e-06
1.699805093720690e-02	-4.419151e-06
1.700805093720690e-02	-4.419151e-06
1.701805093720690e-02	-4.419151e-06
1.702805093720689e-02	-4.419151e-06
1.703805093720689e-02	-4.419151e-06
1.704805093720690e-02	-4.419151e-06
1.705805093720690e-02	-4.419151e-06
1.706805093720690e-02	-4.419151e-06
1.707805093720690e-02	-4.419151e-06
1.708805093720690e-02	-4.419151e-06
1.709805093720690e-02	-4.419151e-06
1.710805093720690e-02	-4.419151e-06
1.711805093720689e-02	-4.419151e-06
1.712805093720689e-02	-4.419151e-06
1.713805093720690e-02	-4.419151e-06
1.714805093720690e-02	-4.419150e-06
1.715805093720690e-02	-4.419150e-06
1.716805093720690e-02	-4.419150e-06
1.717805093720690e-02	-4.419150e-06
1.718805093720690e-02	-4.419150e-06
1.719805093720689e-02	-4.419150e-06
1.720805093720689e-02	-4.419150e-06
1.721805093720690e-02	-4.419150e-06
1.722805093720690e-02	-4.419150e-06
1.723805093720690e-02	-4.419150e-06
1.724805093720690e-02	-4.419150e-06
1.725805093720690e-02	-4.419150e-06
1.726805093720690e-02	-4.419150e-06
1.727805093720690e-02	-4.419150e-06
1.728805093720689e-02	-4.419150e-06
1.729805093720689e-02	-4.419150e-06
1.730805093720690e-02	-4.419150e-06
1.731805093720690e-02	-4.419150e-06
1.732805093720690e-02	-4.419150e-06
1.733805093720690e-02	-4.419150e-06
1.734805093720690e-02	-4.419150e-06
1.735805093720690e-02	-4.419150e-06
1.736805093720689e-02	-4.419149e-06
1.737805093720689e-02	-4.419149e-06
1.738805093720690e-02	-4.419149e-06
1.739805093720690e-02	-4.419149e-06
1.740805093720690e-02	-4.419149e-06
1.741805093720690e-02	-4.419149e-06
1.742805093720690e-02	-4.419149e-06
1.743805093720690e-02	-4.419149e-06
1.744805093720690e-02	-4.419149e-06
1.745805093720689e-02	-4.419149e-06
1.746805093720689e-02	-4.419149e-06
1.747805093720690e-02	-4.419149e-06
1.748805093720690e-02	-4.419149e-06
1.749805093720690e-02	-4.419149e-06
1.750805093720690e-02	-4.419149e-06
1.751805093720690e-02	-4.419149e-06
1.752805093720690e-02	-4.419149e-06
1.753805093720689e-02	-4.419149e-06
1.754805093720689e-02	-4.419149e-06
1.755805093720690e-02	-4.419149e-06
1.756805093720690e-02	-4.419149e-06
1.757805093720690e-02	-4.419149e-06
1.758805093720690e-02	-4.419149e-06
1.759805093720690e-02	-4.419149e-06
1.760805093720690e-02	-4.419149e-06
1.761805093720690e-02	-4.419149e-06
1.762805093720689e-02	-4.419149e-06
1.763805093720689e-02	-4.419149e-06
1.764805093720690e-02	-4.419149e-06
1.765805093720690e-02	-4.419149e-06
1.766805093720690e-02	-4.419149e-06
1.767805093720690e-02	-4.419149e-06
1.768805093720690e-02	-4.419149e-06
1.769805093720690e-02	-4.419149e-06
1.770805093720689e-02	-4.419149e-06
1.771805093720689e-02	-4.419149e-06
1.772805093720690e-02	-4.419149e-06
1.773805093720690e-02	-4.419149e-06
1.774805093720690e-02	-4.419149e-06
1.775805093720690e-02	-4.419149e-06
1.776805093720690e-02	-4.419149e-06
1.777805093720690e-02	-4.419149e-06
1.778805093720690e-02	-4.419149e-06
1.779805093720689e-02	-4.419149e-06
1.780805093720689e-02	-4.419149e-06
1.781805093720690e-02	-4.419148e-06
1.782805093720690e-02	-4.419148e-06
1.783805093720690e-02	-4.419148e-06
1.784805093720690e-02	-4.419148e-06
1.785805093720690e-02	-4.419148e-06
1.786805093720690e-02	-4.419148e-06
1.787805093720689e-02	-4.419148e-06
1.788805093720689e-02	-4.419148e-06
1.789805093720690e-02	-4.419148e-06
1.790805093720690e-02	-4.419148e-06
1.791805093720690e-02	-4.419148e-06
1.792805093720690e-02	-4.419148e-06
1.793805093720690e-02	-4.419148e-06
1.794805093720690e-02	-4.419148e-06
1.795805093720690e-02	-4.419148e-06
1.796805093720689e-02	-4.419148e-06
1.797805093720689e-02	-4.419148e-06
1.798805093720690e-02	-4.419148e-06
1.799805093720690e-02	-4.419148e-06
1.800805093720690e-02	-4.419148e-06
1.801805093720690e-02	-4.419148e-06
1.802805093720690e-02	-4.419148e-06
1.803805093720690e-02	-4.419148e-06
1.804805093720689e-02	-4.419148e-06
1.805805093720689e-02	-4.419148e-06
1.806805093720690e-02	-4.419148e-06
1.807805093720690e-02	-4.419148e-06
1.808805093720690e-02	-4.419148e-06
1.809805093720690e-02	-4.419148e-06
1.810805093720690e-02	-4.419148e-06
1.811805093720690e-02	-4.419148e-06
1.812805093720690e-02	-4.419148e-06
1.813805093720689e-02	-4.419148e-06
1.814805093720689e-02	-4.419148e-06
1.815805093720690e-02	-4.419148e-06
1.816805093720690e-02	-4.419148e-06
1.817805093720690e-02	-4.419148e-06
1.818805093720690e-02	-4.419148e-06
1.819805093720690e-02	-4.419148e-06
1.820805093720690e-02	-4.419148e-06
1.821805093720689e-02	-4.419148e-06
1.822805093720689e-02	-4.419148e-06
1.823805093720689e-02	-4.419148e-06
1.824805093720690e-02	-4.419148e-06
1.825805093720690e-02	-4.419148e-06
1.826805093720690e-02	-4.419148e-06
1.827805093720690e-02	-4.419148e-06
1.828805093720690e-02	-4.419148e-06
1.829805093720690e-02	-4.419148e-06
1.830805093720689e-02	-4.419148e-06
1.831805093720689e-02	-4.419148e-06
1.832805093720690e-02	-4.419148e-06
1.833805093720690e-02	-4.419148e-06
1.834805093720690e-02	-4.419148e-06
1.835805093720690e-02	-4.419148e-06
1.836805093720690e-02	-4.419148e-06
1.837805093720690e-02	-4.419148e-06
1.838805093720689e-02	-4.419148e-06
1.839805093720689e-02	-4.419148e-06
1.840805093720689e-02	-4.419148e-06
1.841805093720690e-02	-4.419148e-06
1.842805093720690e-02	-4.419148e-06
1.843805093720690e-02	-4.419148e-06
1.844805093720690e-02	-4.419148e-06
1.845805093720690e-02	-4.419147e-06
1.846805093720690e-02	-4.419147e-06
1.847805093720689e-02	-4.419148e-06
1.848805093720689e-02	-4.419148e-06
1.849805093720690e-02	-4.419148e-06
1.850805093720690e-02	-4.419148e-06
1.851805093720690e-02	-4.419148e-06
1.852805093720690e-02	-4.419148e-06
1.853805093720690e-02	-4.419148e-06
1.854805093720690e-02	-4.419148e-06
1.855805093720689e-02	-4.419148e-06
1.856805093720689e-02	-4.419148e-06
1.857805093720689e-02	-4.419147e-06
1.858805093720690e-02	-4.419147e-06
1.859805093720690e-02	-4.419148e-06
1.860805093720690e-02	-4.419148e-06
1.861805093720690e-02	-4.419148e-06
1.862805093720690e-02	-4.419148e-06
1.863805093720690e-02	-4.419148e-06
1.864805093720689e-02	-4.419148e-06
1.865805093720689e-02	-4.419147e-06
1.866805093720690e-02	-4.419147e-06
1.867805093720690e-02	-4.419147e-06
1.868805093720690e-02	-4.419147e-06
1.869805093720690e-02	-4.419147e-06
1.870805093720690e-02	-4.419147e-06
1.871805093720690e-02	-4.419148e-06
1.872805093720689e-02	-4.419148e-06
1.873805093720689e-02	-4.419147e-06
1.874805093720689e-02	-4.419147e-06
1.875805093720690e-02	-4.419147e-06
1.876805093720690e-02	-4.419147e-06
1.877805093720690e-02	-4.419147e-06
1.878805093720690e-02	-4.419147e-06
1.879805093720690e-02	-4.419147e-06
1.880805093720690e-02	-4.419147e-06
1.881805093720689e-02	-4.419147e-06
1.882805093720689e-02	-4.419147e-06
1.883805093720690e-02	-4.419147e-06
1.884805093720690e-02	-4.419147e-06
1.885805093720690e-02	-4.419147e-06
1.886805093720690e-02	-4.419147e-06
1.887805093720690e-02	-4.419147e-06
1.888805093720690e-02	-4.419147e-06
1.889805093720689e-02	-4.419147e-06
1.890805093720689e-02	-4.419147e-06
1.891805093720689e-02	-4.419147e-06
1.892805093720690e-02	-4.419147e-06
1.893805093720690e-02	-4.419147e-06
1.894805093720690e-02	-4.419147e-06
1.895805093720690e-02	-4.419147e-06
1.896805093720690e-02	-4.419147e-06
1.897805093720690e-02	-4.419147e-06
1.898805093720689e-02	-4.419147e-06
1.899805093720689e-02	-4.419147e-06
1.900805093720690e-02	-4.419147e-06
1.901805093720690e-02	-4.419147e-06
1.902805093720690e-02	-4.419147e-06
1.903805093720690e-02	-4.419147e-06
1.904805093720690e-02	-4.419147e-06
1.905805093720690e-02	-4.419147e-06
1.906805093720690e-02	-4.419147e-06
1.907805093720689e-02	-4.419147e-06
1.908805093720689e-02	-4.419147e-06
1.909805093720690e-02	-4.419147e-06
1.910805093720690e-02	-4.419147e-06
1.911805093720690e-02	-4.419147e-06
1.912805093720690e-02	-4.419147e-06
1.913805093720690e-02	-4.419147e-06
1.914805093720690e-02	-4.419147e-06
1.915805093720689e-02	-4.419147e-06
1.916805093720689e-02	-4.419147e-06
1.917805093720690e-02	-4.419147e-06
1.918805093720690e-02	-4.419147e-06
1.919805093720690e-02	-4.419147e-06
1.920805093720690e-02	-4.419147e-06
1.921805093720690e-02	-4.419147e-06
1.922805093720690e-02	-4.419147e-06
1.923805093720690e-02	-4.419147e-06
1.924805093720689e-02	-4.419147e-06
1.925805093720689e-02	-4.419147e-06
1.926805093720690e-02	-4.419147e-06
1.927805093720690e-02	-4.419147e-06
1.928805093720690e-02	-4.419147e-06
1.929805093720690e-02	-4.419147e-06
1.930805093720690e-02	-4.419147e-06
1.931805093720690e-02	-4.419147e-06
1.932805093720689e-02	-4.419147e-06
1.933805093720689e-02	-4.419147e-06
1.934805093720690e-02	-4.419147e-06
1.935805093720690e-02	-4.419147e-06
1.936805093720690e-02	-4.419147e-06
1.937805093720690e-02	-4.419147e-06
1.938805093720690e-02	-4.419147e-06
1.939805093720690e-02	-4.419147e-06
1.940805093720690e-02	-4.419147e-06
1.941805093720689e-02	-4.419147e-06
1.942805093720689e-02	-4.419147e-06
1.943805093720690e-02	-4.419147e-06
1.944805093720690e-02	-4.419147e-06
1.945805093720690e-02	-4.419147e-06
1.946805093720690e-02	-4.419147e-06
1.947805093720690e-02	-4.419147e-06
1.948805093720690e-02	-4.419147e-06
1.949805093720689e-02	-4.419147e-06
1.950805093720689e-02	-4.419147e-06
1.951805093720689e-02	-4.419147e-06
1.952805093720690e-02	-4.419147e-06
1.953805093720690e-02	-4.419147e-06
1.954805093720690e-02	-4.419147e-06
1.955805093720690e-02	-4.419147e-06
1.956805093720690e-02	-4.419147e-06
1.957805093720690e-02	-4.419147e-06
1.958805093720689e-02	-4.419147e-06
1.959805093720689e-02	-4.419147e-06
1.960805093720690e-02	-4.419147e-06
1.961805093720690e-02	-4.419147e-06
1.962805093720690e-02	-4.419147e-06
1.963805093720690e-02	-4.419147e-06
1.964805093720690e-02	-4.419147e-06
1.965805093720690e-02	-4.419147e-06
1.966805093720689e-02	-4.419147e-06
1.967805093720689e-02	-4.419147e-06
1.968805093720689e-02	-4.419147e-06
1.969805093720690e-02	-4.419147e-06
1.970805093720690e-02	-4.419147e-06
1.971805093720690e-02	-4.419147e-06
1.972805093720690e-02	-4.419147e-06
1.973805093720690e-02	-4.419147e-06
1.974805093720690e-02	-4.419147e-06
1.975805093720689e-02	-4.419147e-06
1.976805093720689e-02	-4.419147e-06
1.977805093720690e-02	-4.419147e-06
1.978805093720690e-02	-4.419147e-06
1.979805093720690e-02	-4.419147e-06
1.980805093720690e-02	-4.419147e-06
1.981805093720690e-02	-4.419147e-06
1.982805093720690e-02	-4.419147e-06
1.983805093720689e-02	-4.419147e-06
1.984805093720689e-02	-4.419147e-06
1.985805093720689e-02	-4.419147e-06
1.986805093720690e-02	-4.419147e-06
1.987805093720690e-02	-4.419147e-06
1.988805093720690e-02	-4.419147e-06
1.989805093720690e-02	-4.419147e-06
1.990805093720690e-02	-4.419147e-06
1.991805093720690e-02	-4.419147e-06
1.992805093720689e-02	-4.419147e-06
1.993805093720689e-02	-4.419147e-06
1.994805093720690e-02	-4.419147e-06
1.995805093720690e-02	-4.419147e-06
1.996805093720690e-02	-4.419147e-06
1.997805093720690e-02	-4.419147e-06
1.998805093720690e-02	-4.419147e-06
1.999805093720690e-02	-4.419147e-06
2.000000000000000e-02	-4.419147e-06
