time	Ix(M3:S)
0.000000000000000e+00	-2.013670e-07
9.999999439624929e-11	-2.000751e-07
1.999999887924986e-10	-1.988015e-07
3.999999775849972e-10	-1.962421e-07
7.999999551699943e-10	-1.910018e-07
1.599999910339989e-09	-1.802761e-07
3.199999820679977e-09	-1.586085e-07
6.399999641359955e-09	-1.157813e-07
1.279999928271991e-08	-3.321842e-08
2.559999856543982e-08	1.351705e-07
5.119999713087964e-08	1.764810e-06
9.252086015392878e-08	3.869683e-06
1.510108255199229e-07	1.047337e-06
2.057100597986555e-07	-2.118010e-06
2.711922111406751e-07	-4.092503e-06
3.308265500931712e-07	-5.332522e-06
4.437637066066846e-07	-6.419156e-06
4.641460748959371e-07	-6.487602e-06
5.049108114744420e-07	-6.483871e-06
5.864402846314519e-07	-6.495032e-06
7.494992309454717e-07	-6.515446e-06
1.075617123573511e-06	-6.539361e-06
1.633703576190409e-06	-6.534575e-06
2.330216949111736e-06	-6.465697e-06
3.315445015460415e-06	-6.316724e-06
4.937294372468760e-06	-6.066049e-06
8.180993086485451e-06	-6.028306e-06
1.466839051451883e-05	-8.457318e-06
2.466839051451883e-05	-1.512347e-05
3.466839051451883e-05	-2.060300e-05
4.466839051451883e-05	-2.308507e-05
5.466839051451883e-05	-2.315126e-05
6.466839051451883e-05	-2.174612e-05
7.466839051451883e-05	-1.990324e-05
8.466839051451883e-05	-1.819344e-05
9.466839051451883e-05	-1.670931e-05
1.000000009999994e-04	-1.604611e-05
1.000000019999994e-04	-1.604611e-05
1.000000179999994e-04	-1.604616e-05
1.000000499999994e-04	-1.604636e-05
1.000001139999994e-04	-1.604699e-05
1.000002419999994e-04	-1.604837e-05
1.000004979999994e-04	-1.605035e-05
1.000010099999994e-04	-1.605149e-05
1.000020339999994e-04	-1.604997e-05
1.000040819999994e-04	-1.604590e-05
1.000081779999994e-04	-1.604076e-05
1.000163699999994e-04	-1.603526e-05
1.000327539999994e-04	-1.603025e-05
1.000655219999995e-04	-1.602597e-05
1.001310579999995e-04	-1.601938e-05
1.002621299999997e-04	-1.600516e-05
1.005242740000000e-04	-1.597593e-05
1.010485620000006e-04	-1.591761e-05
1.020971380000018e-04	-1.580136e-05
1.041942900000042e-04	-1.556831e-05
1.083885940000089e-04	-1.509362e-05
1.167772020000184e-04	-1.412579e-05
1.267772020000184e-04	-1.299230e-05
1.367772020000184e-04	-1.192482e-05
1.467772020000184e-04	-1.094261e-05
1.567772020000184e-04	-1.004378e-05
1.667772020000184e-04	-9.220661e-06
1.767772020000184e-04	-8.468529e-06
1.867772020000184e-04	-7.781546e-06
1.967772020000184e-04	-7.153873e-06
2.067772020000184e-04	-6.580608e-06
2.167772020000184e-04	-6.056534e-06
2.267772020000184e-04	-5.575748e-06
2.367772020000184e-04	-5.133070e-06
2.467772020000184e-04	-6.171199e-06
2.567772020000184e-04	-8.427704e-06
2.667772020000184e-04	-1.017997e-05
2.767772020000184e-04	-1.150340e-05
2.867772020000184e-04	-1.248038e-05
2.967772020000184e-04	-1.334163e-05
3.067772020000184e-04	-1.420178e-05
3.167772020000184e-04	-1.503529e-05
3.267772020000184e-04	-1.582600e-05
3.367772020000184e-04	-1.657077e-05
3.467772020000184e-04	-1.729836e-05
3.567772020000184e-04	-1.800832e-05
3.667772020000184e-04	-1.869836e-05
3.767772020000184e-04	-1.937470e-05
3.867772020000184e-04	-1.590715e-05
3.942704178490889e-04	-1.214521e-05
4.015492982945103e-04	-1.100381e-05
4.084628755706322e-04	-1.050507e-05
4.150039576297367e-04	-9.973040e-06
4.209757289889120e-04	-9.423379e-06
4.268566498364236e-04	-9.146074e-06
4.334697236684645e-04	-9.055056e-06
4.409004226194226e-04	-8.952598e-06
4.509004226194226e-04	-8.856297e-06
4.609004226194226e-04	-8.752967e-06
4.709004226194226e-04	-8.653554e-06
4.809004226194226e-04	-8.555256e-06
4.909004226194226e-04	-8.459449e-06
5.009004226194226e-04	-8.364647e-06
5.109004226194226e-04	-8.272466e-06
5.209004226194226e-04	-8.181422e-06
5.309004226194226e-04	-8.093031e-06
5.409004226194226e-04	-8.005842e-06
5.509004226194226e-04	-7.921293e-06
5.609004226194226e-04	-7.837965e-06
5.709004226194226e-04	-7.757233e-06
5.809004226194226e-04	-7.677712e-06
5.909004226194226e-04	-7.600725e-06
6.009004226194226e-04	-7.983595e-06
6.109004226194226e-04	-9.578947e-06
6.209004226194226e-04	-1.079992e-05
6.309004226194226e-04	-1.078347e-05
6.409004226194226e-04	-1.061974e-05
6.509004226194226e-04	-1.042455e-05
6.609004226194226e-04	-1.022058e-05
6.709004226194226e-04	-1.001699e-05
6.809004226194225e-04	-9.817139e-06
6.909004226194226e-04	-9.622138e-06
7.009004226194226e-04	-9.430404e-06
7.109004226194226e-04	-9.242431e-06
7.209004226194225e-04	-9.058730e-06
7.309004226194226e-04	-8.880603e-06
7.409004226194226e-04	-8.708063e-06
7.509004226194226e-04	-8.541828e-06
7.609004226194225e-04	-8.381574e-06
7.709004226194226e-04	-8.227762e-06
7.809004226194226e-04	-8.079925e-06
7.909004226194226e-04	-7.938400e-06
8.009004226194225e-04	-7.802659e-06
8.109004226194226e-04	-7.672970e-06
8.209004226194226e-04	-7.548779e-06
8.309004226194226e-04	-7.430320e-06
8.409004226194225e-04	-7.317027e-06
8.509004226194226e-04	-7.209116e-06
8.609004226194226e-04	-7.106023e-06
8.709004226194226e-04	-7.007953e-06
8.809004226194225e-04	-6.914350e-06
8.909004226194226e-04	-6.825413e-06
9.009004226194226e-04	-6.740595e-06
9.109004226194226e-04	-6.660096e-06
9.209004226194225e-04	-6.583380e-06
9.309004226194226e-04	-6.510647e-06
9.409004226194226e-04	-6.441375e-06
9.509004226194226e-04	-6.375763e-06
9.609004226194225e-04	-6.313305e-06
9.709004226194225e-04	-6.254202e-06
9.809004226194226e-04	-6.197961e-06
9.909004226194226e-04	-6.143504e-06
1.000000000000000e-03	-9.688181e-06
1.000000001000000e-03	-9.688228e-06
1.000000017000000e-03	-9.689170e-06
1.000000049000000e-03	-9.687980e-06
1.000000113000000e-03	-9.679189e-06
1.000000241000000e-03	-9.655332e-06
1.000000497000000e-03	-9.604910e-06
1.000001009000000e-03	-9.504834e-06
1.000002033000000e-03	-9.312086e-06
1.000004081000000e-03	-8.962274e-06
1.000008177000000e-03	-8.390753e-06
1.000016369000001e-03	-7.606251e-06
1.000032753000001e-03	-6.795323e-06
1.000065521000002e-03	-6.261881e-06
1.000131057000004e-03	-6.099336e-06
1.000262129000007e-03	-6.096388e-06
1.000524273000015e-03	-6.095550e-06
1.001048561000029e-03	-6.092825e-06
1.002097137000058e-03	-6.087766e-06
1.004194289000116e-03	-6.077601e-06
1.008388593000232e-03	-6.057759e-06
1.016777201000463e-03	-6.019326e-06
1.026777201000463e-03	-5.975468e-06
1.036777201000463e-03	-5.933818e-06
1.046777201000463e-03	-5.894362e-06
1.056777201000463e-03	-5.856989e-06
1.066777201000463e-03	-5.821594e-06
1.076777201000463e-03	-5.788076e-06
1.086777201000463e-03	-5.756337e-06
1.096777201000463e-03	-5.726285e-06
1.106777201000463e-03	-5.697832e-06
1.116777201000463e-03	-5.670892e-06
1.126777201000463e-03	-5.645387e-06
1.136777201000463e-03	-5.621241e-06
1.146777201000463e-03	-5.598379e-06
1.156777201000463e-03	-5.576734e-06
1.166777201000463e-03	-5.556241e-06
1.176777201000463e-03	-5.536837e-06
1.186777201000463e-03	-5.518464e-06
1.196777201000463e-03	-5.501066e-06
1.206777201000463e-03	-5.484590e-06
1.216777201000463e-03	-5.468986e-06
1.226777201000463e-03	-5.454209e-06
1.236777201000463e-03	-5.440212e-06
1.246777201000463e-03	-5.426954e-06
1.256777201000463e-03	-5.414394e-06
1.266777201000463e-03	-5.402495e-06
1.276777201000463e-03	-5.391222e-06
1.286777201000463e-03	-5.380540e-06
1.296777201000463e-03	-5.370418e-06
1.306777201000463e-03	-5.360826e-06
1.316777201000463e-03	-5.351735e-06
1.326777201000463e-03	-5.343118e-06
1.336777201000463e-03	-5.334950e-06
1.346777201000463e-03	-5.327207e-06
1.356777201000463e-03	-5.319866e-06
1.366777201000463e-03	-5.312907e-06
1.376777201000463e-03	-5.306307e-06
1.386777201000463e-03	-5.300049e-06
1.396777201000463e-03	-5.294115e-06
1.406777201000463e-03	-5.288486e-06
1.416777201000463e-03	-5.283148e-06
1.426777201000463e-03	-5.278084e-06
1.436777201000463e-03	-5.273281e-06
1.446777201000463e-03	-5.268724e-06
1.456777201000463e-03	-5.264400e-06
1.466777201000463e-03	-5.260299e-06
1.476777201000463e-03	-5.256406e-06
1.486777201000463e-03	-5.252713e-06
1.496777201000463e-03	-5.249208e-06
1.506777201000463e-03	-5.245882e-06
1.516777201000463e-03	-5.242725e-06
1.526777201000463e-03	-5.239729e-06
1.536777201000463e-03	-5.236885e-06
1.546777201000463e-03	-5.234185e-06
1.556777201000463e-03	-5.231622e-06
1.566777201000463e-03	-5.229189e-06
1.576777201000463e-03	-5.226879e-06
1.586777201000463e-03	-5.224686e-06
1.596777201000463e-03	-5.222604e-06
1.606777201000463e-03	-5.220626e-06
1.616777201000463e-03	-5.218749e-06
1.626777201000463e-03	-5.216966e-06
1.636777201000463e-03	-5.215273e-06
1.646777201000463e-03	-5.213665e-06
1.656777201000463e-03	-5.212137e-06
1.666777201000463e-03	-5.210687e-06
1.676777201000463e-03	-5.209309e-06
1.686777201000463e-03	-5.208000e-06
1.696777201000463e-03	-5.206757e-06
1.706777201000463e-03	-5.205576e-06
1.716777201000463e-03	-5.204454e-06
1.726777201000463e-03	-5.203389e-06
1.736777201000463e-03	-5.202376e-06
1.746777201000463e-03	-5.201414e-06
1.756777201000463e-03	-5.200500e-06
1.766777201000463e-03	-5.199632e-06
1.776777201000463e-03	-5.198807e-06
1.786777201000463e-03	-5.198022e-06
1.796777201000463e-03	-5.197277e-06
1.806777201000463e-03	-5.196569e-06
1.816777201000463e-03	-5.195896e-06
1.826777201000463e-03	-5.195257e-06
1.836777201000463e-03	-5.194649e-06
1.846777201000463e-03	-5.194071e-06
1.856777201000463e-03	-5.193523e-06
1.866777201000463e-03	-5.193001e-06
1.876777201000463e-03	-5.192505e-06
1.886777201000463e-03	-5.192033e-06
1.896777201000463e-03	-5.191585e-06
1.906777201000463e-03	-5.191159e-06
1.916777201000463e-03	-5.190755e-06
1.926777201000463e-03	-5.190370e-06
1.936777201000463e-03	-5.190004e-06
1.946777201000463e-03	-5.189656e-06
1.956777201000463e-03	-5.189325e-06
1.966777201000463e-03	-5.189010e-06
1.976777201000463e-03	-5.188711e-06
1.986777201000463e-03	-5.188427e-06
1.996777201000463e-03	-5.188157e-06
2.006777201000463e-03	-5.187899e-06
2.016777201000463e-03	-5.187655e-06
2.026777201000463e-03	-5.187422e-06
2.036777201000463e-03	-5.187201e-06
2.046777201000463e-03	-5.186991e-06
2.056777201000463e-03	-5.186791e-06
2.066777201000463e-03	-5.186600e-06
2.076777201000463e-03	-5.186419e-06
2.086777201000463e-03	-5.186247e-06
2.096777201000463e-03	-5.186083e-06
2.106777201000463e-03	-5.185927e-06
2.116777201000463e-03	-5.185779e-06
2.126777201000463e-03	-5.185638e-06
2.136777201000463e-03	-5.185504e-06
2.146777201000463e-03	-5.185377e-06
2.156777201000463e-03	-5.185255e-06
2.166777201000463e-03	-5.185139e-06
2.176777201000463e-03	-5.185029e-06
2.186777201000463e-03	-5.184925e-06
2.196777201000463e-03	-5.184825e-06
2.206777201000463e-03	-5.184731e-06
2.216777201000463e-03	-5.184640e-06
2.226777201000463e-03	-5.184555e-06
2.236777201000463e-03	-5.184473e-06
2.246777201000463e-03	-5.184395e-06
2.256777201000463e-03	-5.184321e-06
2.266777201000463e-03	-5.184250e-06
2.276777201000463e-03	-5.184183e-06
2.286777201000463e-03	-5.184119e-06
2.296777201000463e-03	-5.184058e-06
2.306777201000463e-03	-5.184001e-06
2.316777201000463e-03	-5.183945e-06
2.326777201000463e-03	-5.183892e-06
2.336777201000463e-03	-5.183842e-06
2.346777201000463e-03	-5.183795e-06
2.356777201000463e-03	-5.183750e-06
2.366777201000463e-03	-5.183706e-06
2.376777201000463e-03	-5.183665e-06
2.386777201000463e-03	-5.183625e-06
2.396777201000463e-03	-5.183588e-06
2.406777201000463e-03	-5.183553e-06
2.416777201000463e-03	-5.183519e-06
2.426777201000463e-03	-5.183486e-06
2.436777201000463e-03	-5.183455e-06
2.446777201000463e-03	-5.183426e-06
2.456777201000463e-03	-5.183398e-06
2.466777201000463e-03	-5.183371e-06
2.476777201000463e-03	-5.183345e-06
2.486777201000463e-03	-5.183321e-06
2.496777201000463e-03	-5.183298e-06
2.506777201000463e-03	-5.183276e-06
2.516777201000463e-03	-5.183255e-06
2.526777201000463e-03	-5.183234e-06
2.536777201000463e-03	-5.183215e-06
2.546777201000463e-03	-5.183197e-06
2.556777201000463e-03	-5.183179e-06
2.566777201000463e-03	-5.183163e-06
2.576777201000463e-03	-5.183147e-06
2.586777201000463e-03	-5.183131e-06
2.596777201000463e-03	-5.183117e-06
2.606777201000463e-03	-5.183103e-06
2.616777201000463e-03	-5.183089e-06
2.626777201000463e-03	-5.183077e-06
2.636777201000463e-03	-5.183065e-06
2.646777201000463e-03	-5.183053e-06
2.656777201000463e-03	-5.183042e-06
2.666777201000463e-03	-5.183031e-06
2.676777201000463e-03	-5.183021e-06
2.686777201000463e-03	-5.183012e-06
2.696777201000463e-03	-5.183002e-06
2.706777201000463e-03	-5.182993e-06
2.716777201000463e-03	-5.182985e-06
2.726777201000463e-03	-5.182977e-06
2.736777201000463e-03	-5.182969e-06
2.746777201000463e-03	-5.182962e-06
2.756777201000463e-03	-5.182955e-06
2.766777201000463e-03	-5.182948e-06
2.776777201000463e-03	-5.182941e-06
2.786777201000463e-03	-5.182935e-06
2.796777201000463e-03	-5.182929e-06
2.806777201000463e-03	-5.182923e-06
2.816777201000463e-03	-5.182917e-06
2.826777201000463e-03	-5.182912e-06
2.836777201000463e-03	-5.182907e-06
2.846777201000463e-03	-5.182902e-06
2.856777201000463e-03	-5.182898e-06
2.866777201000463e-03	-5.182893e-06
2.876777201000463e-03	-5.182889e-06
2.886777201000463e-03	-5.182885e-06
2.896777201000463e-03	-5.182881e-06
2.906777201000463e-03	-5.182877e-06
2.916777201000463e-03	-5.182873e-06
2.926777201000463e-03	-5.182870e-06
2.936777201000463e-03	-5.182867e-06
2.946777201000463e-03	-5.182863e-06
2.956777201000463e-03	-5.182860e-06
2.966777201000463e-03	-5.182857e-06
2.976777201000463e-03	-5.182854e-06
2.986777201000463e-03	-5.182852e-06
2.996777201000463e-03	-5.182849e-06
3.006777201000463e-03	-5.182846e-06
3.016777201000463e-03	-5.182844e-06
3.026777201000463e-03	-5.182841e-06
3.036777201000463e-03	-5.182839e-06
3.046777201000463e-03	-5.182837e-06
3.056777201000463e-03	-5.182834e-06
3.066777201000463e-03	-5.182832e-06
3.076777201000463e-03	-5.182830e-06
3.086777201000463e-03	-5.182828e-06
3.096777201000463e-03	-5.182826e-06
3.106777201000463e-03	-5.182825e-06
3.116777201000463e-03	-5.182823e-06
3.126777201000463e-03	-5.182821e-06
3.136777201000463e-03	-5.182819e-06
3.146777201000463e-03	-5.182818e-06
3.156777201000463e-03	-5.182816e-06
3.166777201000463e-03	-5.182815e-06
3.176777201000463e-03	-5.182813e-06
3.186777201000463e-03	-5.182812e-06
3.196777201000463e-03	-5.182811e-06
3.206777201000463e-03	-5.182809e-06
3.216777201000463e-03	-5.182808e-06
3.226777201000463e-03	-5.182806e-06
3.236777201000463e-03	-5.182806e-06
3.246777201000463e-03	-5.182804e-06
3.256777201000463e-03	-5.182803e-06
3.266777201000463e-03	-5.182802e-06
3.276777201000463e-03	-5.182801e-06
3.286777201000463e-03	-5.182800e-06
3.296777201000463e-03	-5.182799e-06
3.306777201000463e-03	-5.182798e-06
3.316777201000463e-03	-5.182797e-06
3.326777201000463e-03	-5.182796e-06
3.336777201000463e-03	-5.182795e-06
3.346777201000463e-03	-5.182794e-06
3.356777201000463e-03	-5.182793e-06
3.366777201000463e-03	-5.182793e-06
3.376777201000463e-03	-5.182792e-06
3.386777201000463e-03	-5.182791e-06
3.396777201000463e-03	-5.182790e-06
3.406777201000463e-03	-5.182789e-06
3.416777201000463e-03	-5.182788e-06
3.426777201000463e-03	-5.182788e-06
3.436777201000463e-03	-5.182787e-06
3.446777201000463e-03	-5.182786e-06
3.456777201000463e-03	-5.182786e-06
3.466777201000463e-03	-5.182785e-06
3.476777201000463e-03	-5.182785e-06
3.486777201000463e-03	-5.182784e-06
3.496777201000463e-03	-5.182783e-06
3.506777201000463e-03	-5.182782e-06
3.516777201000463e-03	-5.182782e-06
3.526777201000463e-03	-5.182781e-06
3.536777201000463e-03	-5.182781e-06
3.546777201000463e-03	-5.182780e-06
3.556777201000463e-03	-5.182780e-06
3.566777201000463e-03	-5.182779e-06
3.576777201000463e-03	-5.182779e-06
3.586777201000463e-03	-5.182778e-06
3.596777201000463e-03	-5.182778e-06
3.606777201000463e-03	-5.182777e-06
3.616777201000463e-03	-5.182776e-06
3.626777201000463e-03	-5.182776e-06
3.636777201000463e-03	-5.182776e-06
3.646777201000463e-03	-5.182776e-06
3.656777201000463e-03	-5.182775e-06
3.666777201000463e-03	-5.182775e-06
3.676777201000463e-03	-5.182774e-06
3.686777201000463e-03	-5.182774e-06
3.696777201000463e-03	-5.182773e-06
3.706777201000463e-03	-5.182773e-06
3.716777201000463e-03	-5.182772e-06
3.726777201000463e-03	-5.182772e-06
3.736777201000463e-03	-5.182772e-06
3.746777201000463e-03	-5.182771e-06
3.756777201000463e-03	-5.182771e-06
3.766777201000463e-03	-5.182771e-06
3.776777201000463e-03	-5.182770e-06
3.786777201000463e-03	-5.182770e-06
3.796777201000463e-03	-5.182770e-06
3.806777201000463e-03	-5.182769e-06
3.816777201000463e-03	-5.182769e-06
3.826777201000463e-03	-5.182769e-06
3.836777201000463e-03	-5.182768e-06
3.846777201000463e-03	-5.182768e-06
3.856777201000463e-03	-5.182767e-06
3.866777201000463e-03	-5.182767e-06
3.876777201000463e-03	-5.182767e-06
3.886777201000463e-03	-5.182767e-06
3.896777201000463e-03	-5.182766e-06
3.906777201000463e-03	-5.182766e-06
3.916777201000463e-03	-5.182766e-06
3.926777201000463e-03	-5.182766e-06
3.936777201000463e-03	-5.182766e-06
3.946777201000463e-03	-5.182765e-06
3.956777201000463e-03	-5.182765e-06
3.966777201000463e-03	-5.182765e-06
3.976777201000463e-03	-5.182765e-06
3.986777201000463e-03	-5.182764e-06
3.996777201000463e-03	-5.182764e-06
4.006777201000463e-03	-5.182764e-06
4.016777201000463e-03	-5.182764e-06
4.026777201000463e-03	-5.182763e-06
4.036777201000463e-03	-5.182763e-06
4.046777201000462e-03	-5.182763e-06
4.056777201000463e-03	-5.182762e-06
4.066777201000463e-03	-5.182762e-06
4.076777201000463e-03	-5.182762e-06
4.086777201000463e-03	-5.182762e-06
4.096777201000463e-03	-5.182762e-06
4.106777201000463e-03	-5.182762e-06
4.116777201000463e-03	-5.182761e-06
4.126777201000463e-03	-5.182761e-06
4.136777201000463e-03	-5.182761e-06
4.146777201000463e-03	-5.182761e-06
4.156777201000463e-03	-5.182761e-06
4.166777201000463e-03	-5.182761e-06
4.176777201000463e-03	-5.182761e-06
4.186777201000463e-03	-5.182760e-06
4.196777201000462e-03	-5.182760e-06
4.206777201000463e-03	-5.182760e-06
4.216777201000462e-03	-5.182760e-06
4.226777201000463e-03	-5.182760e-06
4.236777201000463e-03	-5.182759e-06
4.246777201000463e-03	-5.182759e-06
4.256777201000463e-03	-5.182759e-06
4.266777201000463e-03	-5.182759e-06
4.276777201000463e-03	-5.182759e-06
4.286777201000463e-03	-5.182758e-06
4.296777201000463e-03	-5.182758e-06
4.306777201000463e-03	-5.182758e-06
4.316777201000463e-03	-5.182758e-06
4.326777201000463e-03	-5.182758e-06
4.336777201000463e-03	-5.182758e-06
4.346777201000463e-03	-5.182757e-06
4.356777201000463e-03	-5.182757e-06
4.366777201000462e-03	-5.182757e-06
4.376777201000463e-03	-5.182757e-06
4.386777201000462e-03	-5.182757e-06
4.396777201000463e-03	-5.182757e-06
4.406777201000463e-03	-5.182757e-06
4.416777201000463e-03	-5.182757e-06
4.426777201000463e-03	-5.182756e-06
4.436777201000463e-03	-5.182756e-06
4.446777201000463e-03	-5.182756e-06
4.456777201000463e-03	-5.182756e-06
4.466777201000463e-03	-5.182756e-06
4.476777201000463e-03	-5.182756e-06
4.486777201000463e-03	-5.182756e-06
4.496777201000463e-03	-5.182756e-06
4.506777201000463e-03	-5.182756e-06
4.516777201000462e-03	-5.182756e-06
4.526777201000463e-03	-5.182756e-06
4.536777201000462e-03	-5.182755e-06
4.546777201000463e-03	-5.182755e-06
4.556777201000463e-03	-5.182755e-06
4.566777201000463e-03	-5.182755e-06
4.576777201000463e-03	-5.182755e-06
4.586777201000463e-03	-5.182755e-06
4.596777201000463e-03	-5.182755e-06
4.606777201000463e-03	-5.182755e-06
4.616777201000463e-03	-5.182755e-06
4.626777201000463e-03	-5.182755e-06
4.636777201000463e-03	-5.182755e-06
4.646777201000463e-03	-5.182754e-06
4.656777201000463e-03	-5.182754e-06
4.666777201000463e-03	-5.182754e-06
4.676777201000463e-03	-5.182754e-06
4.686777201000462e-03	-5.182754e-06
4.696777201000463e-03	-5.182754e-06
4.706777201000462e-03	-5.182754e-06
4.716777201000463e-03	-5.182754e-06
4.726777201000463e-03	-5.182753e-06
4.736777201000463e-03	-5.182753e-06
4.746777201000463e-03	-5.182754e-06
4.756777201000463e-03	-5.182754e-06
4.766777201000463e-03	-5.182753e-06
4.776777201000463e-03	-5.182753e-06
4.786777201000463e-03	-5.182753e-06
4.796777201000463e-03	-5.182753e-06
4.806777201000463e-03	-5.182753e-06
4.816777201000463e-03	-5.182753e-06
4.826777201000463e-03	-5.182753e-06
4.836777201000462e-03	-5.182753e-06
4.846777201000463e-03	-5.182753e-06
4.856777201000462e-03	-5.182753e-06
4.866777201000463e-03	-5.182753e-06
4.876777201000462e-03	-5.182753e-06
4.886777201000463e-03	-5.182752e-06
4.896777201000463e-03	-5.182752e-06
4.906777201000463e-03	-5.182752e-06
4.916777201000463e-03	-5.182752e-06
4.926777201000463e-03	-5.182752e-06
4.936777201000463e-03	-5.182752e-06
4.946777201000463e-03	-5.182752e-06
4.956777201000463e-03	-5.182752e-06
4.966777201000463e-03	-5.182752e-06
4.976777201000463e-03	-5.182752e-06
4.986777201000463e-03	-5.182752e-06
4.996777201000463e-03	-5.182752e-06
5.006777201000462e-03	-5.182752e-06
5.016777201000463e-03	-5.182752e-06
5.026777201000462e-03	-5.182752e-06
5.036777201000463e-03	-5.182752e-06
5.046777201000462e-03	-5.182752e-06
5.056777201000463e-03	-5.182752e-06
5.066777201000463e-03	-5.182751e-06
5.076777201000463e-03	-5.182751e-06
5.086777201000463e-03	-5.182751e-06
5.096777201000463e-03	-5.182751e-06
5.106777201000463e-03	-5.182751e-06
5.116777201000463e-03	-5.182751e-06
5.126777201000463e-03	-5.182751e-06
5.136777201000463e-03	-5.182751e-06
5.146777201000463e-03	-5.182751e-06
5.156777201000462e-03	-5.182751e-06
5.166777201000463e-03	-5.182751e-06
5.176777201000462e-03	-5.182751e-06
5.186777201000463e-03	-5.182751e-06
5.196777201000462e-03	-5.182751e-06
5.206777201000463e-03	-5.182751e-06
5.216777201000463e-03	-5.182751e-06
5.226777201000463e-03	-5.182751e-06
5.236777201000463e-03	-5.182751e-06
5.246777201000463e-03	-5.182751e-06
5.256777201000463e-03	-5.182751e-06
5.266777201000463e-03	-5.182751e-06
5.276777201000463e-03	-5.182751e-06
5.286777201000463e-03	-5.182751e-06
5.296777201000463e-03	-5.182751e-06
5.306777201000463e-03	-5.182751e-06
5.316777201000463e-03	-5.182751e-06
5.326777201000462e-03	-5.182750e-06
5.336777201000463e-03	-5.182750e-06
5.346777201000462e-03	-5.182750e-06
5.356777201000463e-03	-5.182750e-06
5.366777201000462e-03	-5.182751e-06
5.376777201000463e-03	-5.182751e-06
5.386777201000463e-03	-5.182750e-06
5.396777201000463e-03	-5.182750e-06
5.406777201000463e-03	-5.182750e-06
5.416777201000463e-03	-5.182750e-06
5.426777201000463e-03	-5.182750e-06
5.436777201000463e-03	-5.182750e-06
5.446777201000463e-03	-5.182750e-06
5.456777201000463e-03	-5.182750e-06
5.466777201000463e-03	-5.182750e-06
5.476777201000462e-03	-5.182750e-06
5.486777201000463e-03	-5.182750e-06
5.496777201000462e-03	-5.182750e-06
5.506777201000463e-03	-5.182750e-06
5.516777201000462e-03	-5.182750e-06
5.526777201000463e-03	-5.182750e-06
5.536777201000462e-03	-5.182750e-06
5.546777201000463e-03	-5.182750e-06
5.556777201000463e-03	-5.182750e-06
5.566777201000463e-03	-5.182750e-06
5.576777201000463e-03	-5.182750e-06
5.586777201000463e-03	-5.182750e-06
5.596777201000463e-03	-5.182750e-06
5.606777201000463e-03	-5.182750e-06
5.616777201000463e-03	-5.182750e-06
5.626777201000463e-03	-5.182750e-06
5.636777201000463e-03	-5.182750e-06
5.646777201000462e-03	-5.182750e-06
5.656777201000463e-03	-5.182750e-06
5.666777201000462e-03	-5.182750e-06
5.676777201000463e-03	-5.182750e-06
5.686777201000462e-03	-5.182750e-06
5.696777201000463e-03	-5.182750e-06
5.706777201000462e-03	-5.182750e-06
5.716777201000463e-03	-5.182750e-06
5.726777201000463e-03	-5.182749e-06
5.736777201000463e-03	-5.182749e-06
5.746777201000463e-03	-5.182749e-06
5.756777201000463e-03	-5.182749e-06
5.766777201000463e-03	-5.182750e-06
5.776777201000463e-03	-5.182750e-06
5.786777201000463e-03	-5.182749e-06
5.796777201000462e-03	-5.182749e-06
5.806777201000463e-03	-5.182749e-06
5.816777201000462e-03	-5.182749e-06
5.826777201000463e-03	-5.182749e-06
5.836777201000462e-03	-5.182749e-06
5.846777201000463e-03	-5.182749e-06
5.856777201000462e-03	-5.182749e-06
5.866777201000463e-03	-5.182749e-06
5.876777201000462e-03	-5.182749e-06
5.886777201000463e-03	-5.182749e-06
5.896777201000463e-03	-5.182749e-06
5.906777201000463e-03	-5.182749e-06
5.916777201000463e-03	-5.182749e-06
5.926777201000463e-03	-5.182749e-06
5.936777201000463e-03	-5.182749e-06
5.946777201000463e-03	-5.182749e-06
5.956777201000463e-03	-5.182749e-06
5.966777201000462e-03	-5.182749e-06
5.976777201000463e-03	-5.182749e-06
5.986777201000462e-03	-5.182749e-06
5.996777201000463e-03	-5.182749e-06
6.006777201000462e-03	-5.182749e-06
6.016777201000463e-03	-5.182749e-06
6.026777201000462e-03	-5.182749e-06
6.036777201000463e-03	-5.182749e-06
6.046777201000463e-03	-5.182749e-06
6.056777201000463e-03	-5.182749e-06
6.066777201000463e-03	-5.182749e-06
6.076777201000463e-03	-5.182749e-06
6.086777201000463e-03	-5.182749e-06
6.096777201000463e-03	-5.182749e-06
6.106777201000463e-03	-5.182749e-06
6.116777201000462e-03	-5.182749e-06
6.126777201000463e-03	-5.182749e-06
6.136777201000462e-03	-5.182749e-06
6.146777201000463e-03	-5.182749e-06
6.156777201000462e-03	-5.182749e-06
6.166777201000463e-03	-5.182749e-06
6.176777201000462e-03	-5.182749e-06
6.186777201000463e-03	-5.182749e-06
6.196777201000462e-03	-5.182749e-06
6.206777201000463e-03	-5.182749e-06
6.216777201000463e-03	-5.182749e-06
6.226777201000463e-03	-5.182749e-06
6.236777201000463e-03	-5.182749e-06
6.246777201000463e-03	-5.182749e-06
6.256777201000463e-03	-5.182749e-06
6.266777201000463e-03	-5.182749e-06
6.276777201000463e-03	-5.182749e-06
6.286777201000462e-03	-5.182749e-06
6.296777201000463e-03	-5.182749e-06
6.306777201000462e-03	-5.182749e-06
6.316777201000463e-03	-5.182749e-06
6.326777201000462e-03	-5.182749e-06
6.336777201000463e-03	-5.182749e-06
6.346777201000462e-03	-5.182749e-06
6.356777201000463e-03	-5.182749e-06
6.366777201000462e-03	-5.182749e-06
6.376777201000463e-03	-5.182749e-06
6.386777201000463e-03	-5.182749e-06
6.396777201000463e-03	-5.182749e-06
6.406777201000463e-03	-5.182749e-06
6.416777201000463e-03	-5.182749e-06
6.426777201000463e-03	-5.182749e-06
6.436777201000462e-03	-5.182749e-06
6.446777201000463e-03	-5.182749e-06
6.456777201000462e-03	-5.182749e-06
6.466777201000463e-03	-5.182749e-06
6.476777201000462e-03	-5.182749e-06
6.486777201000463e-03	-5.182749e-06
6.496777201000462e-03	-5.182749e-06
6.506777201000463e-03	-5.182749e-06
6.516777201000462e-03	-5.182749e-06
6.526777201000463e-03	-5.182749e-06
6.536777201000462e-03	-5.182749e-06
6.546777201000463e-03	-5.182749e-06
6.556777201000463e-03	-5.182749e-06
6.566777201000463e-03	-5.182749e-06
6.576777201000463e-03	-5.182749e-06
6.586777201000463e-03	-5.182749e-06
6.596777201000463e-03	-5.182749e-06
6.606777201000462e-03	-5.182749e-06
6.616777201000463e-03	-5.182748e-06
6.626777201000462e-03	-5.182748e-06
6.636777201000463e-03	-5.182749e-06
6.646777201000462e-03	-5.182749e-06
6.656777201000463e-03	-5.182749e-06
6.666777201000462e-03	-5.182749e-06
6.676777201000463e-03	-5.182749e-06
6.686777201000462e-03	-5.182749e-06
6.696777201000463e-03	-5.182748e-06
6.706777201000463e-03	-5.182748e-06
6.716777201000463e-03	-5.182749e-06
6.726777201000463e-03	-5.182749e-06
6.736777201000463e-03	-5.182749e-06
6.746777201000463e-03	-5.182749e-06
6.756777201000462e-03	-5.182748e-06
6.766777201000463e-03	-5.182748e-06
6.776777201000462e-03	-5.182748e-06
6.786777201000463e-03	-5.182748e-06
6.796777201000462e-03	-5.182749e-06
6.806777201000463e-03	-5.182749e-06
6.816777201000462e-03	-5.182748e-06
6.826777201000463e-03	-5.182748e-06
6.836777201000462e-03	-5.182748e-06
6.846777201000463e-03	-5.182748e-06
6.856777201000462e-03	-5.182749e-06
6.866777201000463e-03	-5.182749e-06
6.876777201000463e-03	-5.182748e-06
6.886777201000463e-03	-5.182748e-06
6.896777201000463e-03	-5.182748e-06
6.906777201000463e-03	-5.182748e-06
6.916777201000463e-03	-5.182748e-06
6.926777201000462e-03	-5.182748e-06
6.936777201000463e-03	-5.182748e-06
6.946777201000462e-03	-5.182748e-06
6.956777201000463e-03	-5.182748e-06
6.966777201000462e-03	-5.182748e-06
6.976777201000463e-03	-5.182748e-06
6.986777201000462e-03	-5.182748e-06
6.996777201000463e-03	-5.182748e-06
7.006777201000462e-03	-5.182748e-06
7.016777201000463e-03	-5.182748e-06
7.026777201000462e-03	-5.182748e-06
7.036777201000463e-03	-5.182748e-06
7.046777201000463e-03	-5.182748e-06
7.056777201000463e-03	-5.182748e-06
7.066777201000463e-03	-5.182748e-06
7.076777201000462e-03	-5.182748e-06
7.086777201000463e-03	-5.182748e-06
7.096777201000462e-03	-5.182748e-06
7.106777201000463e-03	-5.182748e-06
7.116777201000462e-03	-5.182748e-06
7.126777201000463e-03	-5.182748e-06
7.136777201000462e-03	-5.182748e-06
7.146777201000463e-03	-5.182748e-06
7.156777201000462e-03	-5.182748e-06
7.166777201000463e-03	-5.182748e-06
7.176777201000462e-03	-5.182748e-06
7.186777201000463e-03	-5.182748e-06
7.196777201000462e-03	-5.182748e-06
7.206777201000463e-03	-5.182748e-06
7.216777201000463e-03	-5.182748e-06
7.226777201000463e-03	-5.182748e-06
7.236777201000463e-03	-5.182748e-06
7.246777201000462e-03	-5.182748e-06
7.256777201000463e-03	-5.182748e-06
7.266777201000462e-03	-5.182748e-06
7.276777201000463e-03	-5.182748e-06
7.286777201000462e-03	-5.182748e-06
7.296777201000463e-03	-5.182748e-06
7.306777201000462e-03	-5.182748e-06
7.316777201000463e-03	-5.182748e-06
7.326777201000462e-03	-5.182748e-06
7.336777201000463e-03	-5.182748e-06
7.346777201000462e-03	-5.182748e-06
7.356777201000463e-03	-5.182748e-06
7.366777201000463e-03	-5.182748e-06
7.376777201000463e-03	-5.182748e-06
7.386777201000463e-03	-5.182748e-06
7.396777201000462e-03	-5.182748e-06
7.406777201000463e-03	-5.182748e-06
7.416777201000462e-03	-5.182748e-06
7.426777201000463e-03	-5.182748e-06
7.436777201000462e-03	-5.182748e-06
7.446777201000463e-03	-5.182748e-06
7.456777201000462e-03	-5.182748e-06
7.466777201000463e-03	-5.182748e-06
7.476777201000462e-03	-5.182748e-06
7.486777201000463e-03	-5.182748e-06
7.496777201000462e-03	-5.182748e-06
7.506777201000463e-03	-5.182748e-06
7.516777201000462e-03	-5.182748e-06
7.526777201000463e-03	-5.182748e-06
7.536777201000463e-03	-5.182748e-06
7.546777201000463e-03	-5.182748e-06
7.556777201000463e-03	-5.182748e-06
7.566777201000462e-03	-5.182748e-06
7.576777201000463e-03	-5.182748e-06
7.586777201000462e-03	-5.182748e-06
7.596777201000463e-03	-5.182748e-06
7.606777201000462e-03	-5.182748e-06
7.616777201000463e-03	-5.182748e-06
7.626777201000462e-03	-5.182748e-06
7.636777201000463e-03	-5.182748e-06
7.646777201000462e-03	-5.182748e-06
7.656777201000463e-03	-5.182748e-06
7.666777201000462e-03	-5.182748e-06
7.676777201000463e-03	-5.182748e-06
7.686777201000462e-03	-5.182748e-06
7.696777201000463e-03	-5.182748e-06
7.706777201000463e-03	-5.182748e-06
7.716777201000462e-03	-5.182748e-06
7.726777201000463e-03	-5.182748e-06
7.736777201000462e-03	-5.182748e-06
7.746777201000463e-03	-5.182748e-06
7.756777201000462e-03	-5.182748e-06
7.766777201000463e-03	-5.182748e-06
7.776777201000462e-03	-5.182748e-06
7.786777201000463e-03	-5.182748e-06
7.796777201000462e-03	-5.182748e-06
7.806777201000463e-03	-5.182748e-06
7.816777201000463e-03	-5.182748e-06
7.826777201000463e-03	-5.182748e-06
7.836777201000462e-03	-5.182748e-06
7.846777201000462e-03	-5.182748e-06
7.856777201000463e-03	-5.182748e-06
7.866777201000463e-03	-5.182748e-06
7.876777201000463e-03	-5.182748e-06
7.886777201000462e-03	-5.182748e-06
7.896777201000462e-03	-5.182748e-06
7.906777201000463e-03	-5.182748e-06
7.916777201000463e-03	-5.182748e-06
7.926777201000462e-03	-5.182748e-06
7.936777201000462e-03	-5.182748e-06
7.946777201000463e-03	-5.182748e-06
7.956777201000463e-03	-5.182748e-06
7.966777201000462e-03	-5.182748e-06
7.976777201000462e-03	-5.182748e-06
7.986777201000463e-03	-5.182748e-06
7.996777201000463e-03	-5.182748e-06
8.006777201000462e-03	-5.182748e-06
8.016777201000462e-03	-5.182748e-06
8.026777201000463e-03	-5.182748e-06
8.036777201000463e-03	-5.182748e-06
8.046777201000463e-03	-5.182748e-06
8.056777201000462e-03	-5.182748e-06
8.066777201000462e-03	-5.182748e-06
8.076777201000463e-03	-5.182748e-06
8.086777201000463e-03	-5.182748e-06
8.096777201000462e-03	-5.182748e-06
8.106777201000462e-03	-5.182748e-06
8.116777201000463e-03	-5.182748e-06
8.126777201000463e-03	-5.182748e-06
8.136777201000462e-03	-5.182748e-06
8.146777201000462e-03	-5.182748e-06
8.156777201000463e-03	-5.182748e-06
8.166777201000463e-03	-5.182748e-06
8.176777201000462e-03	-5.182748e-06
8.186777201000462e-03	-5.182748e-06
8.196777201000462e-03	-5.182748e-06
8.206777201000463e-03	-5.182748e-06
8.216777201000463e-03	-5.182748e-06
8.226777201000462e-03	-5.182748e-06
8.236777201000462e-03	-5.182748e-06
8.246777201000463e-03	-5.182748e-06
8.256777201000463e-03	-5.182748e-06
8.266777201000462e-03	-5.182748e-06
8.276777201000462e-03	-5.182748e-06
8.286777201000463e-03	-5.182748e-06
8.296777201000463e-03	-5.182748e-06
8.306777201000462e-03	-5.182748e-06
8.316777201000462e-03	-5.182748e-06
8.326777201000463e-03	-5.182748e-06
8.336777201000463e-03	-5.182748e-06
8.346777201000462e-03	-5.182748e-06
8.356777201000462e-03	-5.182748e-06
8.366777201000462e-03	-5.182748e-06
8.376777201000463e-03	-5.182748e-06
8.386777201000463e-03	-5.182748e-06
8.396777201000462e-03	-5.182748e-06
8.406777201000462e-03	-5.182748e-06
8.416777201000463e-03	-5.182748e-06
8.426777201000463e-03	-5.182748e-06
8.436777201000462e-03	-5.182748e-06
8.446777201000462e-03	-5.182748e-06
8.456777201000463e-03	-5.182748e-06
8.466777201000463e-03	-5.182748e-06
8.476777201000462e-03	-5.182748e-06
8.486777201000462e-03	-5.182748e-06
8.496777201000463e-03	-5.182748e-06
8.506777201000463e-03	-5.182748e-06
8.516777201000462e-03	-5.182748e-06
8.526777201000462e-03	-5.182748e-06
8.536777201000462e-03	-5.182748e-06
8.546777201000463e-03	-5.182748e-06
8.556777201000463e-03	-5.182748e-06
8.566777201000462e-03	-5.182748e-06
8.576777201000462e-03	-5.182748e-06
8.586777201000463e-03	-5.182748e-06
8.596777201000463e-03	-5.182748e-06
8.606777201000462e-03	-5.182748e-06
8.616777201000462e-03	-5.182748e-06
8.626777201000463e-03	-5.182748e-06
8.636777201000463e-03	-5.182748e-06
8.646777201000462e-03	-5.182748e-06
8.656777201000462e-03	-5.182748e-06
8.666777201000463e-03	-5.182748e-06
8.676777201000463e-03	-5.182748e-06
8.686777201000462e-03	-5.182748e-06
8.696777201000462e-03	-5.182748e-06
8.706777201000462e-03	-5.182748e-06
8.716777201000463e-03	-5.182748e-06
8.726777201000463e-03	-5.182748e-06
8.736777201000462e-03	-5.182748e-06
8.746777201000462e-03	-5.182748e-06
8.756777201000463e-03	-5.182748e-06
8.766777201000463e-03	-5.182748e-06
8.776777201000462e-03	-5.182748e-06
8.786777201000462e-03	-5.182748e-06
8.796777201000463e-03	-5.182748e-06
8.806777201000463e-03	-5.182748e-06
8.816777201000462e-03	-5.182748e-06
8.826777201000462e-03	-5.182748e-06
8.836777201000462e-03	-5.182748e-06
8.846777201000463e-03	-5.182748e-06
8.856777201000463e-03	-5.182748e-06
8.866777201000462e-03	-5.182748e-06
8.876777201000462e-03	-5.182748e-06
8.886777201000463e-03	-5.182748e-06
8.896777201000463e-03	-5.182748e-06
8.906777201000462e-03	-5.182748e-06
8.916777201000462e-03	-5.182748e-06
8.926777201000463e-03	-5.182748e-06
8.936777201000463e-03	-5.182748e-06
8.946777201000462e-03	-5.182748e-06
8.956777201000462e-03	-5.182748e-06
8.966777201000463e-03	-5.182748e-06
8.976777201000463e-03	-5.182748e-06
8.986777201000462e-03	-5.182748e-06
8.996777201000462e-03	-5.182748e-06
9.006777201000462e-03	-5.182748e-06
9.016777201000463e-03	-5.182748e-06
9.026777201000463e-03	-5.182748e-06
9.036777201000462e-03	-5.182748e-06
9.046777201000462e-03	-5.182748e-06
9.056777201000463e-03	-5.182748e-06
9.066777201000463e-03	-5.182748e-06
9.076777201000462e-03	-5.182748e-06
9.086777201000462e-03	-5.182748e-06
9.096777201000463e-03	-5.182748e-06
9.106777201000463e-03	-5.182748e-06
9.116777201000462e-03	-5.182748e-06
9.126777201000462e-03	-5.182748e-06
9.136777201000463e-03	-5.182748e-06
9.146777201000463e-03	-5.182748e-06
9.156777201000462e-03	-5.182748e-06
9.166777201000462e-03	-5.182748e-06
9.176777201000462e-03	-5.182748e-06
9.186777201000463e-03	-5.182748e-06
9.196777201000463e-03	-5.182748e-06
9.206777201000462e-03	-5.182748e-06
9.216777201000462e-03	-5.182748e-06
9.226777201000463e-03	-5.182748e-06
9.236777201000463e-03	-5.182748e-06
9.246777201000462e-03	-5.182748e-06
9.256777201000462e-03	-5.182748e-06
9.266777201000463e-03	-5.182748e-06
9.276777201000463e-03	-5.182748e-06
9.286777201000462e-03	-5.182748e-06
9.296777201000462e-03	-5.182748e-06
9.306777201000463e-03	-5.182748e-06
9.316777201000463e-03	-5.182748e-06
9.326777201000462e-03	-5.182748e-06
9.336777201000462e-03	-5.182748e-06
9.346777201000462e-03	-5.182748e-06
9.356777201000463e-03	-5.182748e-06
9.366777201000463e-03	-5.182748e-06
9.376777201000462e-03	-5.182748e-06
9.386777201000462e-03	-5.182748e-06
9.396777201000463e-03	-5.182748e-06
9.406777201000463e-03	-5.182748e-06
9.416777201000462e-03	-5.182748e-06
9.426777201000462e-03	-5.182748e-06
9.436777201000463e-03	-5.182748e-06
9.446777201000463e-03	-5.182748e-06
9.456777201000462e-03	-5.182748e-06
9.466777201000462e-03	-5.182748e-06
9.476777201000462e-03	-5.182748e-06
9.486777201000463e-03	-5.182748e-06
9.496777201000462e-03	-5.182748e-06
9.506777201000462e-03	-5.182748e-06
9.516777201000462e-03	-5.182748e-06
9.526777201000463e-03	-5.182748e-06
9.536777201000463e-03	-5.182748e-06
9.546777201000462e-03	-5.182748e-06
9.556777201000462e-03	-5.182748e-06
9.566777201000463e-03	-5.182748e-06
9.576777201000463e-03	-5.182748e-06
9.586777201000462e-03	-5.182748e-06
9.596777201000462e-03	-5.182748e-06
9.606777201000463e-03	-5.182748e-06
9.616777201000463e-03	-5.182748e-06
9.626777201000462e-03	-5.182748e-06
9.636777201000462e-03	-5.182748e-06
9.646777201000462e-03	-5.182748e-06
9.656777201000463e-03	-5.182748e-06
9.666777201000462e-03	-5.182748e-06
9.676777201000462e-03	-5.182748e-06
9.686777201000462e-03	-5.182748e-06
9.696777201000463e-03	-5.182748e-06
9.706777201000463e-03	-5.182748e-06
9.716777201000462e-03	-5.182748e-06
9.726777201000462e-03	-5.182748e-06
9.736777201000463e-03	-5.182748e-06
9.746777201000463e-03	-5.182748e-06
9.756777201000462e-03	-5.182748e-06
9.766777201000462e-03	-5.182748e-06
9.776777201000463e-03	-5.182748e-06
9.786777201000463e-03	-5.182748e-06
9.796777201000462e-03	-5.182748e-06
9.806777201000462e-03	-5.182748e-06
9.816777201000462e-03	-5.182748e-06
9.826777201000463e-03	-5.182748e-06
9.836777201000462e-03	-5.182748e-06
9.846777201000462e-03	-5.182748e-06
9.856777201000462e-03	-5.182748e-06
9.866777201000463e-03	-5.182748e-06
9.876777201000463e-03	-5.182748e-06
9.886777201000462e-03	-5.182748e-06
9.896777201000462e-03	-5.182748e-06
9.906777201000463e-03	-5.182748e-06
9.916777201000463e-03	-5.182748e-06
9.926777201000462e-03	-5.182748e-06
9.936777201000462e-03	-5.182748e-06
9.946777201000463e-03	-5.182748e-06
9.956777201000463e-03	-5.182748e-06
9.966777201000462e-03	-5.182748e-06
9.976777201000462e-03	-5.182748e-06
9.986777201000462e-03	-5.182748e-06
9.996777201000463e-03	-5.182748e-06
1.000000000000000e-02	-5.182681e-06
1.000000000100000e-02	-5.182662e-06
1.000000000200000e-02	-5.182654e-06
1.000000000440036e-02	-5.182668e-06
1.000000000670974e-02	-5.182647e-06
1.000000001132851e-02	-5.182608e-06
1.000000002056605e-02	-5.182521e-06
1.000000003904114e-02	-5.182344e-06
1.000000007599130e-02	-5.181978e-06
1.000000014989163e-02	-5.181234e-06
1.000000029769228e-02	-5.179706e-06
1.000000059329359e-02	-5.176518e-06
1.000000118449621e-02	-5.169679e-06
1.000000236690145e-02	-5.154540e-06
1.000000473171193e-02	-5.120559e-06
1.000000946133288e-02	-5.046126e-06
1.000001768974454e-02	-4.910954e-06
1.000002963193180e-02	-4.693595e-06
1.000005351630632e-02	-2.778230e-06
1.000010099211722e-02	4.145203e-07
1.000015399174582e-02	-2.875911e-06
1.000020605492797e-02	-7.053010e-06
1.000026204290267e-02	-9.267754e-06
1.000031701510431e-02	-1.088132e-05
1.000042695950758e-02	-1.286285e-05
1.000045444560840e-02	-1.310343e-05
1.000050941781004e-02	-1.332274e-05
1.000061936221331e-02	-1.391028e-05
1.000083925101986e-02	-1.526046e-05
1.000118355096420e-02	-1.717168e-05
1.000178014341562e-02	-1.939072e-05
1.000250495157268e-02	-2.057010e-05
1.000264196014501e-02	-2.058506e-05
1.000291597728967e-02	-2.042381e-05
1.000346401157899e-02	-2.004455e-05
1.000456008015762e-02	-1.926089e-05
1.000675221731489e-02	-1.792200e-05
1.000947219981346e-02	-1.672068e-05
1.001364843820947e-02	-1.528030e-05
1.001755033682161e-02	-1.400498e-05
1.002032578568205e-02	-1.332141e-05
1.002167795162441e-02	-1.320522e-05
1.002254909615271e-02	-1.321931e-05
1.002341866836992e-02	-1.324517e-05
1.002430851603807e-02	-1.326973e-05
1.002540613343013e-02	-1.329692e-05
1.002662233913987e-02	-1.332506e-05
1.002792091209103e-02	-1.335143e-05
1.003007300108911e-02	-1.338723e-05
1.003211722094055e-02	-1.340628e-05
1.003620566064344e-02	-1.340155e-05
1.004137179308876e-02	-1.333527e-05
1.005137179308876e-02	-1.312301e-05
1.006137179308876e-02	-1.288653e-05
1.007137179308876e-02	-1.265876e-05
1.008137179308876e-02	-1.245068e-05
1.009137179308876e-02	-1.225916e-05
1.010000000000000e-02	-1.208299e-05
1.010000000100000e-02	-1.208298e-05
1.010000001700000e-02	-1.208292e-05
1.010000004900000e-02	-1.208321e-05
1.010000011300000e-02	-1.208373e-05
1.010000024100000e-02	-1.208471e-05
1.010000049700000e-02	-1.208690e-05
1.010000100900000e-02	-1.209126e-05
1.010000203300000e-02	-1.209784e-05
1.010000408100000e-02	-1.210460e-05
1.010000817700000e-02	-1.210906e-05
1.010001636900000e-02	-1.211050e-05
1.010003275300001e-02	-1.210855e-05
1.010006552100002e-02	-1.210410e-05
1.010013105700003e-02	-1.210047e-05
1.010026212900006e-02	-1.209797e-05
1.010052427300013e-02	-1.209352e-05
1.010104856100025e-02	-1.208451e-05
1.010209713700050e-02	-1.206660e-05
1.010419428900100e-02	-1.203114e-05
1.010838859300201e-02	-1.196183e-05
1.011677720100402e-02	-1.182830e-05
1.012677720100402e-02	-1.167726e-05
1.013677720100402e-02	-1.153795e-05
1.014677720100401e-02	-1.145363e-05
1.015277249928206e-02	-1.156833e-05
1.015622030549674e-02	-1.179287e-05
1.015961392045091e-02	-1.205722e-05
1.016248219027752e-02	-1.221470e-05
1.016508546419937e-02	-1.231948e-05
1.017029201204307e-02	-1.252451e-05
1.018029201204307e-02	-1.297529e-05
1.019029201204307e-02	-1.376881e-05
1.020029201204307e-02	-1.557087e-05
1.021029201204307e-02	-1.689938e-05
1.022029201204307e-02	-1.710714e-05
1.023029201204307e-02	-1.734473e-05
1.024029201204307e-02	-1.751929e-05
1.025029201204307e-02	-1.767027e-05
1.026029201204307e-02	-1.780288e-05
1.027029201204307e-02	-1.791814e-05
1.028029201204307e-02	-1.801777e-05
1.029029201204307e-02	-1.810203e-05
1.030029201204307e-02	-1.816827e-05
1.031029201204307e-02	-1.820616e-05
1.032029201204307e-02	-1.816596e-05
1.033029201204307e-02	-1.791206e-05
1.034029201204307e-02	-1.774874e-05
1.035029201204307e-02	-1.783459e-05
1.036029201204307e-02	-1.789171e-05
1.037029201204307e-02	-1.751178e-05
1.038029201204307e-02	-1.681476e-05
1.039029201204307e-02	-1.654350e-05
1.040029201204307e-02	-1.579605e-05
1.041029201204307e-02	-1.440368e-05
1.042029201204307e-02	-1.360992e-05
1.043029201204307e-02	-1.220110e-05
1.044029201204307e-02	-9.868643e-06
1.045029201204307e-02	-8.625060e-06
1.046029201204307e-02	-8.333382e-06
1.047029201204307e-02	-8.058158e-06
1.048029201204307e-02	-7.796676e-06
1.049029201204307e-02	-7.546420e-06
1.050029201204307e-02	-7.310982e-06
1.051029201204307e-02	-7.080167e-06
1.052029201204307e-02	-6.866192e-06
1.053029201204307e-02	-6.660363e-06
1.054029201204307e-02	-6.464317e-06
1.055029201204307e-02	-6.277004e-06
1.056029201204307e-02	-6.103023e-06
1.057029201204307e-02	-5.955011e-06
1.058029201204307e-02	-5.860271e-06
1.059029201204307e-02	-5.810984e-06
1.060029201204307e-02	-5.789228e-06
1.061029201204307e-02	-5.781794e-06
1.062029201204307e-02	-5.783700e-06
1.063029201204307e-02	-5.791347e-06
1.064029201204307e-02	-5.805078e-06
1.065029201204307e-02	-5.819494e-06
1.066029201204307e-02	-5.813610e-06
1.067029201204307e-02	-5.774701e-06
1.068029201204307e-02	-5.726733e-06
1.069029201204307e-02	-5.681956e-06
1.070029201204307e-02	-5.639667e-06
1.071029201204307e-02	-5.598566e-06
1.072029201204307e-02	-5.559169e-06
1.073029201204307e-02	-5.520782e-06
1.074029201204307e-02	-5.483932e-06
1.075029201204307e-02	-5.448058e-06
1.076029201204307e-02	-5.413622e-06
1.077029201204307e-02	-5.380158e-06
1.078029201204307e-02	-5.348082e-06
1.079029201204307e-02	-5.317028e-06
1.080029201204307e-02	-5.287425e-06
1.081029201204307e-02	-5.259095e-06
1.082029201204307e-02	-5.232714e-06
1.083029201204307e-02	-5.209013e-06
1.084029201204307e-02	-5.190252e-06
1.085029201204307e-02	-5.178904e-06
1.086029201204307e-02	-5.171138e-06
1.087029201204307e-02	-5.147758e-06
1.088029201204307e-02	-5.091197e-06
1.089029201204307e-02	-5.002395e-06
1.090029201204307e-02	-4.900619e-06
1.091029201204307e-02	-4.802778e-06
1.092029201204307e-02	-4.709762e-06
1.093029201204307e-02	-4.624088e-06
1.094029201204307e-02	-4.547331e-06
1.095029201204307e-02	-4.481260e-06
1.096029201204307e-02	-4.427287e-06
1.097029201204307e-02	-4.382455e-06
1.098029201204307e-02	-4.345156e-06
1.099029201204307e-02	-4.314050e-06
1.100000000100000e-02	-3.441507e-06
1.100000000200000e-02	-3.441393e-06
1.100000001800000e-02	-3.439610e-06
1.100000005000000e-02	-3.439514e-06
1.100000011400000e-02	-3.438417e-06
1.100000024200000e-02	-3.435599e-06
1.100000049800000e-02	-3.431758e-06
1.100000101000000e-02	-3.433164e-06
1.100000203400000e-02	-3.464497e-06
1.100000408200000e-02	-3.574010e-06
1.100000817800000e-02	-3.789564e-06
1.100001637000000e-02	-4.049483e-06
1.100003275400001e-02	-4.233067e-06
1.100006552200002e-02	-4.291578e-06
1.100013105800003e-02	-4.290016e-06
1.100026213000006e-02	-4.288429e-06
1.100052427400013e-02	-4.287481e-06
1.100104856200025e-02	-4.285587e-06
1.100209713800050e-02	-4.282935e-06
1.100419429000100e-02	-4.278180e-06
1.100838859400201e-02	-4.269463e-06
1.101677720200402e-02	-4.253721e-06
1.102677720200402e-02	-4.237370e-06
1.103677720200402e-02	-4.223501e-06
1.104677720200402e-02	-4.211836e-06
1.105677720200402e-02	-4.202027e-06
1.106677720200402e-02	-4.193781e-06
1.107677720200402e-02	-4.186850e-06
1.108677720200402e-02	-4.181026e-06
1.109677720200402e-02	-4.176134e-06
1.110677720200402e-02	-4.172025e-06
1.111677720200402e-02	-4.168576e-06
1.112677720200402e-02	-4.165680e-06
1.113677720200402e-02	-4.163250e-06
1.114677720200402e-02	-4.161212e-06
1.115677720200402e-02	-4.159504e-06
1.116677720200402e-02	-4.158072e-06
1.117677720200402e-02	-4.156872e-06
1.118677720200402e-02	-4.155868e-06
1.119677720200402e-02	-4.155028e-06
1.120677720200402e-02	-4.154327e-06
1.121677720200402e-02	-4.153741e-06
1.122677720200402e-02	-4.153253e-06
1.123677720200402e-02	-4.152846e-06
1.124677720200402e-02	-4.152508e-06
1.125677720200402e-02	-4.152228e-06
1.126677720200402e-02	-4.151997e-06
1.127677720200402e-02	-4.151806e-06
1.128677720200402e-02	-4.151649e-06
1.129677720200402e-02	-4.151521e-06
1.130677720200402e-02	-4.151417e-06
1.131677720200402e-02	-4.151333e-06
1.132677720200402e-02	-4.151266e-06
1.133677720200402e-02	-4.151213e-06
1.134677720200402e-02	-4.151171e-06
1.135677720200402e-02	-4.151140e-06
1.136677720200402e-02	-4.151117e-06
1.137677720200402e-02	-4.151101e-06
1.138677720200402e-02	-4.151091e-06
1.139677720200402e-02	-4.151086e-06
1.140677720200402e-02	-4.151084e-06
1.141677720200402e-02	-4.151086e-06
1.142677720200402e-02	-4.151090e-06
1.143677720200402e-02	-4.151098e-06
1.144677720200402e-02	-4.151106e-06
1.145677720200402e-02	-4.151117e-06
1.146677720200402e-02	-4.151128e-06
1.147677720200402e-02	-4.151141e-06
1.148677720200402e-02	-4.151154e-06
1.149677720200402e-02	-4.151168e-06
1.150677720200402e-02	-4.151182e-06
1.151677720200402e-02	-4.151198e-06
1.152677720200402e-02	-4.151213e-06
1.153677720200402e-02	-4.151228e-06
1.154677720200402e-02	-4.151244e-06
1.155677720200402e-02	-4.151259e-06
1.156677720200402e-02	-4.151275e-06
1.157677720200402e-02	-4.151290e-06
1.158677720200402e-02	-4.151306e-06
1.159677720200402e-02	-4.151322e-06
1.160677720200402e-02	-4.151337e-06
1.161677720200402e-02	-4.151353e-06
1.162677720200402e-02	-4.151368e-06
1.163677720200402e-02	-4.151383e-06
1.164677720200402e-02	-4.151398e-06
1.165677720200402e-02	-4.151413e-06
1.166677720200402e-02	-4.151428e-06
1.167677720200402e-02	-4.151442e-06
1.168677720200402e-02	-4.151457e-06
1.169677720200402e-02	-4.151471e-06
1.170677720200402e-02	-4.151485e-06
1.171677720200402e-02	-4.151499e-06
1.172677720200402e-02	-4.151513e-06
1.173677720200402e-02	-4.151526e-06
1.174677720200402e-02	-4.151540e-06
1.175677720200402e-02	-4.151553e-06
1.176677720200402e-02	-4.151566e-06
1.177677720200402e-02	-4.151579e-06
1.178677720200402e-02	-4.151592e-06
1.179677720200402e-02	-4.151604e-06
1.180677720200402e-02	-4.151617e-06
1.181677720200402e-02	-4.151629e-06
1.182677720200402e-02	-4.151641e-06
1.183677720200402e-02	-4.151653e-06
1.184677720200402e-02	-4.151665e-06
1.185677720200402e-02	-4.151676e-06
1.186677720200402e-02	-4.151688e-06
1.187677720200402e-02	-4.151700e-06
1.188677720200402e-02	-4.151711e-06
1.189677720200402e-02	-4.151722e-06
1.190677720200402e-02	-4.151733e-06
1.191677720200402e-02	-4.151743e-06
1.192677720200402e-02	-4.151754e-06
1.193677720200402e-02	-4.151765e-06
1.194677720200402e-02	-4.151775e-06
1.195677720200402e-02	-4.151785e-06
1.196677720200402e-02	-4.151796e-06
1.197677720200402e-02	-4.151806e-06
1.198677720200402e-02	-4.151815e-06
1.199677720200402e-02	-4.151825e-06
1.200677720200402e-02	-4.151835e-06
1.201677720200402e-02	-4.151844e-06
1.202677720200402e-02	-4.151853e-06
1.203677720200402e-02	-4.151862e-06
1.204677720200402e-02	-4.151872e-06
1.205677720200402e-02	-4.151881e-06
1.206677720200402e-02	-4.151890e-06
1.207677720200402e-02	-4.151898e-06
1.208677720200402e-02	-4.151907e-06
1.209677720200402e-02	-4.151915e-06
1.210677720200402e-02	-4.151924e-06
1.211677720200402e-02	-4.151932e-06
1.212677720200402e-02	-4.151940e-06
1.213677720200402e-02	-4.151948e-06
1.214677720200402e-02	-4.151956e-06
1.215677720200402e-02	-4.151964e-06
1.216677720200402e-02	-4.151972e-06
1.217677720200402e-02	-4.151980e-06
1.218677720200402e-02	-4.151987e-06
1.219677720200402e-02	-4.151995e-06
1.220677720200402e-02	-4.152002e-06
1.221677720200402e-02	-4.152009e-06
1.222677720200402e-02	-4.152017e-06
1.223677720200402e-02	-4.152024e-06
1.224677720200402e-02	-4.152031e-06
1.225677720200402e-02	-4.152038e-06
1.226677720200402e-02	-4.152044e-06
1.227677720200402e-02	-4.152051e-06
1.228677720200402e-02	-4.152058e-06
1.229677720200402e-02	-4.152064e-06
1.230677720200402e-02	-4.152071e-06
1.231677720200402e-02	-4.152078e-06
1.232677720200402e-02	-4.152083e-06
1.233677720200402e-02	-4.152090e-06
1.234677720200402e-02	-4.152096e-06
1.235677720200402e-02	-4.152102e-06
1.236677720200402e-02	-4.152108e-06
1.237677720200402e-02	-4.152114e-06
1.238677720200402e-02	-4.152120e-06
1.239677720200402e-02	-4.152126e-06
1.240677720200402e-02	-4.152132e-06
1.241677720200402e-02	-4.152137e-06
1.242677720200402e-02	-4.152143e-06
1.243677720200402e-02	-4.152148e-06
1.244677720200402e-02	-4.152153e-06
1.245677720200402e-02	-4.152159e-06
1.246677720200402e-02	-4.152164e-06
1.247677720200402e-02	-4.152169e-06
1.248677720200402e-02	-4.152174e-06
1.249677720200402e-02	-4.152179e-06
1.250677720200402e-02	-4.152184e-06
1.251677720200402e-02	-4.152189e-06
1.252677720200402e-02	-4.152194e-06
1.253677720200402e-02	-4.152199e-06
1.254677720200402e-02	-4.152204e-06
1.255677720200402e-02	-4.152208e-06
1.256677720200402e-02	-4.152213e-06
1.257677720200402e-02	-4.152218e-06
1.258677720200402e-02	-4.152222e-06
1.259677720200402e-02	-4.152227e-06
1.260677720200402e-02	-4.152231e-06
1.261677720200402e-02	-4.152235e-06
1.262677720200402e-02	-4.152240e-06
1.263677720200402e-02	-4.152244e-06
1.264677720200402e-02	-4.152248e-06
1.265677720200402e-02	-4.152252e-06
1.266677720200402e-02	-4.152256e-06
1.267677720200402e-02	-4.152260e-06
1.268677720200402e-02	-4.152264e-06
1.269677720200402e-02	-4.152268e-06
1.270677720200402e-02	-4.152272e-06
1.271677720200402e-02	-4.152276e-06
1.272677720200402e-02	-4.152279e-06
1.273677720200402e-02	-4.152283e-06
1.274677720200402e-02	-4.152287e-06
1.275677720200402e-02	-4.152291e-06
1.276677720200402e-02	-4.152294e-06
1.277677720200402e-02	-4.152298e-06
1.278677720200402e-02	-4.152301e-06
1.279677720200402e-02	-4.152304e-06
1.280677720200402e-02	-4.152308e-06
1.281677720200402e-02	-4.152311e-06
1.282677720200402e-02	-4.152314e-06
1.283677720200402e-02	-4.152318e-06
1.284677720200402e-02	-4.152321e-06
1.285677720200402e-02	-4.152324e-06
1.286677720200402e-02	-4.152327e-06
1.287677720200402e-02	-4.152330e-06
1.288677720200402e-02	-4.152334e-06
1.289677720200402e-02	-4.152336e-06
1.290677720200402e-02	-4.152339e-06
1.291677720200402e-02	-4.152342e-06
1.292677720200402e-02	-4.152345e-06
1.293677720200402e-02	-4.152348e-06
1.294677720200402e-02	-4.152351e-06
1.295677720200402e-02	-4.152354e-06
1.296677720200402e-02	-4.152356e-06
1.297677720200402e-02	-4.152359e-06
1.298677720200402e-02	-4.152362e-06
1.299677720200402e-02	-4.152364e-06
1.300677720200402e-02	-4.152367e-06
1.301677720200402e-02	-4.152369e-06
1.302677720200402e-02	-4.152372e-06
1.303677720200402e-02	-4.152374e-06
1.304677720200402e-02	-4.152377e-06
1.305677720200402e-02	-4.152379e-06
1.306677720200402e-02	-4.152382e-06
1.307677720200402e-02	-4.152384e-06
1.308677720200402e-02	-4.152387e-06
1.309677720200402e-02	-4.152389e-06
1.310677720200402e-02	-4.152391e-06
1.311677720200402e-02	-4.152394e-06
1.312677720200402e-02	-4.152396e-06
1.313677720200402e-02	-4.152398e-06
1.314677720200402e-02	-4.152400e-06
1.315677720200402e-02	-4.152403e-06
1.316677720200402e-02	-4.152404e-06
1.317677720200402e-02	-4.152407e-06
1.318677720200402e-02	-4.152409e-06
1.319677720200402e-02	-4.152411e-06
1.320677720200402e-02	-4.152413e-06
1.321677720200402e-02	-4.152415e-06
1.322677720200402e-02	-4.152417e-06
1.323677720200402e-02	-4.152419e-06
1.324677720200402e-02	-4.152420e-06
1.325677720200402e-02	-4.152423e-06
1.326677720200402e-02	-4.152424e-06
1.327677720200402e-02	-4.152426e-06
1.328677720200402e-02	-4.152428e-06
1.329677720200402e-02	-4.152430e-06
1.330677720200402e-02	-4.152432e-06
1.331677720200402e-02	-4.152433e-06
1.332677720200402e-02	-4.152435e-06
1.333677720200402e-02	-4.152437e-06
1.334677720200402e-02	-4.152438e-06
1.335677720200402e-02	-4.152440e-06
1.336677720200402e-02	-4.152442e-06
1.337677720200402e-02	-4.152443e-06
1.338677720200402e-02	-4.152445e-06
1.339677720200402e-02	-4.152446e-06
1.340677720200402e-02	-4.152448e-06
1.341677720200402e-02	-4.152450e-06
1.342677720200402e-02	-4.152451e-06
1.343677720200402e-02	-4.152453e-06
1.344677720200402e-02	-4.152454e-06
1.345677720200402e-02	-4.152455e-06
1.346677720200402e-02	-4.152457e-06
1.347677720200402e-02	-4.152459e-06
1.348677720200402e-02	-4.152460e-06
1.349677720200402e-02	-4.152461e-06
1.350677720200402e-02	-4.152463e-06
1.351677720200402e-02	-4.152464e-06
1.352677720200402e-02	-4.152465e-06
1.353677720200402e-02	-4.152466e-06
1.354677720200402e-02	-4.152468e-06
1.355677720200401e-02	-4.152469e-06
1.356677720200402e-02	-4.152470e-06
1.357677720200402e-02	-4.152472e-06
1.358677720200402e-02	-4.152473e-06
1.359677720200402e-02	-4.152474e-06
1.360677720200402e-02	-4.152475e-06
1.361677720200402e-02	-4.152476e-06
1.362677720200402e-02	-4.152478e-06
1.363677720200402e-02	-4.152479e-06
1.364677720200402e-02	-4.152480e-06
1.365677720200402e-02	-4.152481e-06
1.366677720200402e-02	-4.152482e-06
1.367677720200402e-02	-4.152483e-06
1.368677720200402e-02	-4.152485e-06
1.369677720200402e-02	-4.152485e-06
1.370677720200402e-02	-4.152486e-06
1.371677720200402e-02	-4.152488e-06
1.372677720200401e-02	-4.152489e-06
1.373677720200402e-02	-4.152490e-06
1.374677720200402e-02	-4.152491e-06
1.375677720200402e-02	-4.152492e-06
1.376677720200402e-02	-4.152493e-06
1.377677720200402e-02	-4.152494e-06
1.378677720200402e-02	-4.152495e-06
1.379677720200402e-02	-4.152495e-06
1.380677720200402e-02	-4.152496e-06
1.381677720200402e-02	-4.152497e-06
1.382677720200402e-02	-4.152498e-06
1.383677720200402e-02	-4.152499e-06
1.384677720200402e-02	-4.152500e-06
1.385677720200402e-02	-4.152501e-06
1.386677720200402e-02	-4.152502e-06
1.387677720200402e-02	-4.152503e-06
1.388677720200402e-02	-4.152504e-06
1.389677720200401e-02	-4.152504e-06
1.390677720200402e-02	-4.152505e-06
1.391677720200402e-02	-4.152505e-06
1.392677720200402e-02	-4.152506e-06
1.393677720200402e-02	-4.152507e-06
1.394677720200402e-02	-4.152508e-06
1.395677720200402e-02	-4.152509e-06
1.396677720200402e-02	-4.152510e-06
1.397677720200402e-02	-4.152510e-06
1.398677720200402e-02	-4.152511e-06
1.399677720200402e-02	-4.152512e-06
1.400677720200402e-02	-4.152513e-06
1.401677720200402e-02	-4.152514e-06
1.402677720200402e-02	-4.152514e-06
1.403677720200402e-02	-4.152515e-06
1.404677720200402e-02	-4.152515e-06
1.405677720200402e-02	-4.152516e-06
1.406677720200402e-02	-4.152517e-06
1.407677720200402e-02	-4.152517e-06
1.408677720200402e-02	-4.152518e-06
1.409677720200402e-02	-4.152519e-06
1.410677720200402e-02	-4.152519e-06
1.411677720200402e-02	-4.152520e-06
1.412677720200402e-02	-4.152520e-06
1.413677720200402e-02	-4.152521e-06
1.414677720200402e-02	-4.152522e-06
1.415677720200402e-02	-4.152522e-06
1.416677720200402e-02	-4.152523e-06
1.417677720200402e-02	-4.152524e-06
1.418677720200402e-02	-4.152524e-06
1.419677720200401e-02	-4.152525e-06
1.420677720200402e-02	-4.152525e-06
1.421677720200402e-02	-4.152526e-06
1.422677720200402e-02	-4.152526e-06
1.423677720200402e-02	-4.152527e-06
1.424677720200402e-02	-4.152527e-06
1.425677720200402e-02	-4.152528e-06
1.426677720200402e-02	-4.152528e-06
1.427677720200402e-02	-4.152529e-06
1.428677720200402e-02	-4.152529e-06
1.429677720200402e-02	-4.152530e-06
1.430677720200402e-02	-4.152530e-06
1.431677720200402e-02	-4.152531e-06
1.432677720200402e-02	-4.152531e-06
1.433677720200402e-02	-4.152532e-06
1.434677720200402e-02	-4.152532e-06
1.435677720200402e-02	-4.152533e-06
1.436677720200401e-02	-4.152533e-06
1.437677720200402e-02	-4.152534e-06
1.438677720200402e-02	-4.152534e-06
1.439677720200402e-02	-4.152535e-06
1.440677720200402e-02	-4.152535e-06
1.441677720200402e-02	-4.152535e-06
1.442677720200402e-02	-4.152535e-06
1.443677720200402e-02	-4.152536e-06
1.444677720200402e-02	-4.152536e-06
1.445677720200402e-02	-4.152537e-06
1.446677720200402e-02	-4.152537e-06
1.447677720200402e-02	-4.152538e-06
1.448677720200402e-02	-4.152538e-06
1.449677720200402e-02	-4.152538e-06
1.450677720200402e-02	-4.152539e-06
1.451677720200402e-02	-4.152539e-06
1.452677720200402e-02	-4.152540e-06
1.453677720200401e-02	-4.152540e-06
1.454677720200402e-02	-4.152540e-06
1.455677720200402e-02	-4.152540e-06
1.456677720200402e-02	-4.152541e-06
1.457677720200402e-02	-4.152541e-06
1.458677720200402e-02	-4.152541e-06
1.459677720200402e-02	-4.152542e-06
1.460677720200402e-02	-4.152542e-06
1.461677720200402e-02	-4.152543e-06
1.462677720200402e-02	-4.152543e-06
1.463677720200402e-02	-4.152543e-06
1.464677720200402e-02	-4.152544e-06
1.465677720200402e-02	-4.152544e-06
1.466677720200402e-02	-4.152544e-06
1.467677720200402e-02	-4.152545e-06
1.468677720200402e-02	-4.152545e-06
1.469677720200402e-02	-4.152545e-06
1.470677720200401e-02	-4.152545e-06
1.471677720200402e-02	-4.152545e-06
1.472677720200402e-02	-4.152546e-06
1.473677720200402e-02	-4.152546e-06
1.474677720200402e-02	-4.152546e-06
1.475677720200402e-02	-4.152547e-06
1.476677720200402e-02	-4.152547e-06
1.477677720200402e-02	-4.152547e-06
1.478677720200402e-02	-4.152548e-06
1.479677720200402e-02	-4.152548e-06
1.480677720200402e-02	-4.152548e-06
1.481677720200402e-02	-4.152548e-06
1.482677720200402e-02	-4.152549e-06
1.483677720200401e-02	-4.152549e-06
1.484677720200402e-02	-4.152549e-06
1.485677720200402e-02	-4.152549e-06
1.486677720200402e-02	-4.152550e-06
1.487677720200401e-02	-4.152550e-06
1.488677720200402e-02	-4.152550e-06
1.489677720200402e-02	-4.152550e-06
1.490677720200402e-02	-4.152550e-06
1.491677720200402e-02	-4.152551e-06
1.492677720200402e-02	-4.152551e-06
1.493677720200402e-02	-4.152551e-06
1.494677720200402e-02	-4.152551e-06
1.495677720200402e-02	-4.152551e-06
1.496677720200402e-02	-4.152552e-06
1.497677720200402e-02	-4.152552e-06
1.498677720200402e-02	-4.152552e-06
1.499677720200402e-02	-4.152552e-06
1.500677720200401e-02	-4.152553e-06
1.501677720200402e-02	-4.152553e-06
1.502677720200402e-02	-4.152553e-06
1.503677720200402e-02	-4.152553e-06
1.504677720200401e-02	-4.152553e-06
1.505677720200402e-02	-4.152554e-06
1.506677720200402e-02	-4.152554e-06
1.507677720200402e-02	-4.152554e-06
1.508677720200402e-02	-4.152554e-06
1.509677720200402e-02	-4.152554e-06
1.510677720200402e-02	-4.152555e-06
1.511677720200402e-02	-4.152555e-06
1.512677720200402e-02	-4.152555e-06
1.513677720200402e-02	-4.152555e-06
1.514677720200402e-02	-4.152555e-06
1.515677720200402e-02	-4.152555e-06
1.516677720200402e-02	-4.152555e-06
1.517677720200401e-02	-4.152555e-06
1.518677720200402e-02	-4.152555e-06
1.519677720200402e-02	-4.152556e-06
1.520677720200402e-02	-4.152556e-06
1.521677720200401e-02	-4.152556e-06
1.522677720200402e-02	-4.152556e-06
1.523677720200402e-02	-4.152556e-06
1.524677720200402e-02	-4.152556e-06
1.525677720200402e-02	-4.152556e-06
1.526677720200402e-02	-4.152557e-06
1.527677720200402e-02	-4.152557e-06
1.528677720200402e-02	-4.152557e-06
1.529677720200402e-02	-4.152557e-06
1.530677720200402e-02	-4.152557e-06
1.531677720200402e-02	-4.152557e-06
1.532677720200402e-02	-4.152557e-06
1.533677720200402e-02	-4.152558e-06
1.534677720200401e-02	-4.152558e-06
1.535677720200402e-02	-4.152558e-06
1.536677720200402e-02	-4.152558e-06
1.537677720200402e-02	-4.152558e-06
1.538677720200401e-02	-4.152558e-06
1.539677720200402e-02	-4.152559e-06
1.540677720200402e-02	-4.152559e-06
1.541677720200402e-02	-4.152559e-06
1.542677720200402e-02	-4.152559e-06
1.543677720200402e-02	-4.152559e-06
1.544677720200402e-02	-4.152559e-06
1.545677720200402e-02	-4.152559e-06
1.546677720200402e-02	-4.152559e-06
1.547677720200401e-02	-4.152560e-06
1.548677720200402e-02	-4.152560e-06
1.549677720200402e-02	-4.152560e-06
1.550677720200402e-02	-4.152560e-06
1.551677720200401e-02	-4.152560e-06
1.552677720200402e-02	-4.152560e-06
1.553677720200402e-02	-4.152560e-06
1.554677720200402e-02	-4.152560e-06
1.555677720200402e-02	-4.152560e-06
1.556677720200402e-02	-4.152560e-06
1.557677720200402e-02	-4.152560e-06
1.558677720200402e-02	-4.152560e-06
1.559677720200402e-02	-4.152560e-06
1.560677720200402e-02	-4.152561e-06
1.561677720200402e-02	-4.152561e-06
1.562677720200402e-02	-4.152561e-06
1.563677720200402e-02	-4.152561e-06
1.564677720200401e-02	-4.152561e-06
1.565677720200401e-02	-4.152561e-06
1.566677720200401e-02	-4.152561e-06
1.567677720200402e-02	-4.152561e-06
1.568677720200402e-02	-4.152561e-06
1.569677720200402e-02	-4.152561e-06
1.570677720200402e-02	-4.152561e-06
1.571677720200402e-02	-4.152561e-06
1.572677720200402e-02	-4.152562e-06
1.573677720200401e-02	-4.152562e-06
1.574677720200401e-02	-4.152562e-06
1.575677720200402e-02	-4.152562e-06
1.576677720200402e-02	-4.152562e-06
1.577677720200402e-02	-4.152562e-06
1.578677720200402e-02	-4.152562e-06
1.579677720200402e-02	-4.152562e-06
1.580677720200402e-02	-4.152562e-06
1.581677720200401e-02	-4.152562e-06
1.582677720200401e-02	-4.152562e-06
1.583677720200401e-02	-4.152563e-06
1.584677720200402e-02	-4.152563e-06
1.585677720200402e-02	-4.152563e-06
1.586677720200402e-02	-4.152563e-06
1.587677720200402e-02	-4.152563e-06
1.588677720200402e-02	-4.152563e-06
1.589677720200402e-02	-4.152563e-06
1.590677720200401e-02	-4.152563e-06
1.591677720200401e-02	-4.152563e-06
1.592677720200402e-02	-4.152563e-06
1.593677720200402e-02	-4.152563e-06
1.594677720200402e-02	-4.152563e-06
1.595677720200402e-02	-4.152563e-06
1.596677720200402e-02	-4.152563e-06
1.597677720200402e-02	-4.152564e-06
1.598677720200401e-02	-4.152564e-06
1.599677720200401e-02	-4.152563e-06
1.600677720200401e-02	-4.152563e-06
1.601677720200402e-02	-4.152564e-06
1.602677720200402e-02	-4.152564e-06
1.603677720200402e-02	-4.152564e-06
1.604677720200402e-02	-4.152564e-06
1.605677720200402e-02	-4.152564e-06
1.606677720200402e-02	-4.152564e-06
1.607677720200401e-02	-4.152564e-06
1.608677720200401e-02	-4.152564e-06
1.609677720200402e-02	-4.152564e-06
1.610677720200402e-02	-4.152564e-06
1.611677720200402e-02	-4.152564e-06
1.612677720200402e-02	-4.152564e-06
1.613677720200402e-02	-4.152564e-06
1.614677720200402e-02	-4.152564e-06
1.615677720200401e-02	-4.152564e-06
1.616677720200401e-02	-4.152564e-06
1.617677720200401e-02	-4.152565e-06
1.618677720200402e-02	-4.152565e-06
1.619677720200402e-02	-4.152565e-06
1.620677720200402e-02	-4.152565e-06
1.621677720200402e-02	-4.152565e-06
1.622677720200402e-02	-4.152565e-06
1.623677720200402e-02	-4.152565e-06
1.624677720200401e-02	-4.152565e-06
1.625677720200401e-02	-4.152565e-06
1.626677720200402e-02	-4.152565e-06
1.627677720200402e-02	-4.152565e-06
1.628677720200402e-02	-4.152565e-06
1.629677720200402e-02	-4.152565e-06
1.630677720200402e-02	-4.152565e-06
1.631677720200402e-02	-4.152565e-06
1.632677720200401e-02	-4.152565e-06
1.633677720200401e-02	-4.152565e-06
1.634677720200401e-02	-4.152565e-06
1.635677720200402e-02	-4.152565e-06
1.636677720200402e-02	-4.152565e-06
1.637677720200402e-02	-4.152565e-06
1.638677720200402e-02	-4.152565e-06
1.639677720200402e-02	-4.152565e-06
1.640677720200402e-02	-4.152565e-06
1.641677720200401e-02	-4.152565e-06
1.642677720200401e-02	-4.152565e-06
1.643677720200401e-02	-4.152565e-06
1.644677720200402e-02	-4.152565e-06
1.645677720200402e-02	-4.152565e-06
1.646677720200402e-02	-4.152565e-06
1.647677720200402e-02	-4.152565e-06
1.648677720200402e-02	-4.152565e-06
1.649677720200401e-02	-4.152565e-06
1.650677720200401e-02	-4.152565e-06
1.651677720200401e-02	-4.152565e-06
1.652677720200402e-02	-4.152565e-06
1.653677720200402e-02	-4.152565e-06
1.654677720200402e-02	-4.152565e-06
1.655677720200402e-02	-4.152565e-06
1.656677720200402e-02	-4.152565e-06
1.657677720200402e-02	-4.152565e-06
1.658677720200401e-02	-4.152565e-06
1.659677720200401e-02	-4.152565e-06
1.660677720200401e-02	-4.152565e-06
1.661677720200402e-02	-4.152566e-06
1.662677720200402e-02	-4.152566e-06
1.663677720200402e-02	-4.152566e-06
1.664677720200402e-02	-4.152566e-06
1.665677720200402e-02	-4.152566e-06
1.666677720200401e-02	-4.152566e-06
1.667677720200401e-02	-4.152566e-06
1.668677720200401e-02	-4.152566e-06
1.669677720200402e-02	-4.152566e-06
1.670677720200402e-02	-4.152566e-06
1.671677720200402e-02	-4.152566e-06
1.672677720200402e-02	-4.152566e-06
1.673677720200402e-02	-4.152566e-06
1.674677720200402e-02	-4.152566e-06
1.675677720200401e-02	-4.152566e-06
1.676677720200401e-02	-4.152566e-06
1.677677720200401e-02	-4.152566e-06
1.678677720200402e-02	-4.152566e-06
1.679677720200402e-02	-4.152566e-06
1.680677720200402e-02	-4.152566e-06
1.681677720200402e-02	-4.152566e-06
1.682677720200402e-02	-4.152566e-06
1.683677720200401e-02	-4.152566e-06
1.684677720200401e-02	-4.152566e-06
1.685677720200401e-02	-4.152566e-06
1.686677720200402e-02	-4.152566e-06
1.687677720200402e-02	-4.152566e-06
1.688677720200402e-02	-4.152566e-06
1.689677720200402e-02	-4.152566e-06
1.690677720200402e-02	-4.152566e-06
1.691677720200402e-02	-4.152566e-06
1.692677720200401e-02	-4.152566e-06
1.693677720200401e-02	-4.152566e-06
1.694677720200401e-02	-4.152566e-06
1.695677720200402e-02	-4.152566e-06
1.696677720200402e-02	-4.152566e-06
1.697677720200402e-02	-4.152566e-06
1.698677720200402e-02	-4.152566e-06
1.699677720200402e-02	-4.152566e-06
1.700677720200401e-02	-4.152566e-06
1.701677720200401e-02	-4.152566e-06
1.702677720200401e-02	-4.152566e-06
1.703677720200402e-02	-4.152566e-06
1.704677720200402e-02	-4.152566e-06
1.705677720200402e-02	-4.152566e-06
1.706677720200402e-02	-4.152566e-06
1.707677720200402e-02	-4.152566e-06
1.708677720200402e-02	-4.152566e-06
1.709677720200401e-02	-4.152566e-06
1.710677720200401e-02	-4.152566e-06
1.711677720200401e-02	-4.152566e-06
1.712677720200402e-02	-4.152566e-06
1.713677720200402e-02	-4.152566e-06
1.714677720200402e-02	-4.152566e-06
1.715677720200402e-02	-4.152566e-06
1.716677720200402e-02	-4.152566e-06
1.717677720200401e-02	-4.152566e-06
1.718677720200401e-02	-4.152566e-06
1.719677720200401e-02	-4.152566e-06
1.720677720200402e-02	-4.152566e-06
1.721677720200402e-02	-4.152566e-06
1.722677720200402e-02	-4.152566e-06
1.723677720200402e-02	-4.152566e-06
1.724677720200402e-02	-4.152566e-06
1.725677720200402e-02	-4.152566e-06
1.726677720200401e-02	-4.152567e-06
1.727677720200401e-02	-4.152567e-06
1.728677720200401e-02	-4.152567e-06
1.729677720200402e-02	-4.152567e-06
1.730677720200402e-02	-4.152567e-06
1.731677720200402e-02	-4.152567e-06
1.732677720200402e-02	-4.152567e-06
1.733677720200402e-02	-4.152567e-06
1.734677720200401e-02	-4.152567e-06
1.735677720200401e-02	-4.152567e-06
1.736677720200401e-02	-4.152567e-06
1.737677720200402e-02	-4.152567e-06
1.738677720200402e-02	-4.152567e-06
1.739677720200402e-02	-4.152567e-06
1.740677720200402e-02	-4.152567e-06
1.741677720200402e-02	-4.152567e-06
1.742677720200402e-02	-4.152567e-06
1.743677720200401e-02	-4.152567e-06
1.744677720200401e-02	-4.152567e-06
1.745677720200401e-02	-4.152567e-06
1.746677720200402e-02	-4.152567e-06
1.747677720200402e-02	-4.152567e-06
1.748677720200402e-02	-4.152567e-06
1.749677720200402e-02	-4.152567e-06
1.750677720200402e-02	-4.152567e-06
1.751677720200401e-02	-4.152567e-06
1.752677720200401e-02	-4.152567e-06
1.753677720200401e-02	-4.152567e-06
1.754677720200402e-02	-4.152567e-06
1.755677720200402e-02	-4.152567e-06
1.756677720200402e-02	-4.152567e-06
1.757677720200402e-02	-4.152567e-06
1.758677720200402e-02	-4.152567e-06
1.759677720200402e-02	-4.152567e-06
1.760677720200401e-02	-4.152567e-06
1.761677720200401e-02	-4.152567e-06
1.762677720200401e-02	-4.152567e-06
1.763677720200402e-02	-4.152567e-06
1.764677720200402e-02	-4.152567e-06
1.765677720200402e-02	-4.152567e-06
1.766677720200402e-02	-4.152567e-06
1.767677720200402e-02	-4.152567e-06
1.768677720200401e-02	-4.152567e-06
1.769677720200401e-02	-4.152567e-06
1.770677720200401e-02	-4.152567e-06
1.771677720200401e-02	-4.152567e-06
1.772677720200402e-02	-4.152567e-06
1.773677720200402e-02	-4.152567e-06
1.774677720200402e-02	-4.152567e-06
1.775677720200402e-02	-4.152567e-06
1.776677720200402e-02	-4.152567e-06
1.777677720200401e-02	-4.152567e-06
1.778677720200401e-02	-4.152567e-06
1.779677720200401e-02	-4.152567e-06
1.780677720200402e-02	-4.152567e-06
1.781677720200402e-02	-4.152567e-06
1.782677720200402e-02	-4.152567e-06
1.783677720200402e-02	-4.152567e-06
1.784677720200402e-02	-4.152567e-06
1.785677720200401e-02	-4.152567e-06
1.786677720200401e-02	-4.152567e-06
1.787677720200401e-02	-4.152567e-06
1.788677720200401e-02	-4.152567e-06
1.789677720200402e-02	-4.152567e-06
1.790677720200402e-02	-4.152567e-06
1.791677720200402e-02	-4.152567e-06
1.792677720200402e-02	-4.152567e-06
1.793677720200402e-02	-4.152567e-06
1.794677720200401e-02	-4.152567e-06
1.795677720200401e-02	-4.152567e-06
1.796677720200401e-02	-4.152567e-06
1.797677720200402e-02	-4.152567e-06
1.798677720200402e-02	-4.152567e-06
1.799677720200402e-02	-4.152567e-06
1.800677720200402e-02	-4.152567e-06
1.801677720200402e-02	-4.152567e-06
1.802677720200401e-02	-4.152567e-06
1.803677720200401e-02	-4.152567e-06
1.804677720200401e-02	-4.152567e-06
1.805677720200401e-02	-4.152567e-06
1.806677720200402e-02	-4.152567e-06
1.807677720200402e-02	-4.152567e-06
1.808677720200402e-02	-4.152567e-06
1.809677720200402e-02	-4.152567e-06
1.810677720200402e-02	-4.152567e-06
1.811677720200401e-02	-4.152567e-06
1.812677720200401e-02	-4.152567e-06
1.813677720200401e-02	-4.152567e-06
1.814677720200402e-02	-4.152567e-06
1.815677720200402e-02	-4.152567e-06
1.816677720200402e-02	-4.152567e-06
1.817677720200402e-02	-4.152567e-06
1.818677720200402e-02	-4.152567e-06
1.819677720200401e-02	-4.152567e-06
1.820677720200401e-02	-4.152567e-06
1.821677720200401e-02	-4.152567e-06
1.822677720200401e-02	-4.152567e-06
1.823677720200402e-02	-4.152567e-06
1.824677720200402e-02	-4.152567e-06
1.825677720200402e-02	-4.152567e-06
1.826677720200402e-02	-4.152567e-06
1.827677720200402e-02	-4.152567e-06
1.828677720200401e-02	-4.152567e-06
1.829677720200401e-02	-4.152567e-06
1.830677720200401e-02	-4.152567e-06
1.831677720200402e-02	-4.152567e-06
1.832677720200402e-02	-4.152567e-06
1.833677720200402e-02	-4.152567e-06
1.834677720200402e-02	-4.152567e-06
1.835677720200402e-02	-4.152567e-06
1.836677720200402e-02	-4.152567e-06
1.837677720200401e-02	-4.152567e-06
1.838677720200401e-02	-4.152567e-06
1.839677720200401e-02	-4.152567e-06
1.840677720200402e-02	-4.152567e-06
1.841677720200402e-02	-4.152567e-06
1.842677720200402e-02	-4.152567e-06
1.843677720200402e-02	-4.152567e-06
1.844677720200402e-02	-4.152567e-06
1.845677720200401e-02	-4.152567e-06
1.846677720200401e-02	-4.152567e-06
1.847677720200401e-02	-4.152567e-06
1.848677720200402e-02	-4.152567e-06
1.849677720200402e-02	-4.152567e-06
1.850677720200402e-02	-4.152567e-06
1.851677720200402e-02	-4.152567e-06
1.852677720200402e-02	-4.152567e-06
1.853677720200402e-02	-4.152567e-06
1.854677720200401e-02	-4.152567e-06
1.855677720200401e-02	-4.152567e-06
1.856677720200401e-02	-4.152567e-06
1.857677720200402e-02	-4.152567e-06
1.858677720200402e-02	-4.152567e-06
1.859677720200402e-02	-4.152567e-06
1.860677720200402e-02	-4.152567e-06
1.861677720200402e-02	-4.152567e-06
1.862677720200401e-02	-4.152567e-06
1.863677720200401e-02	-4.152567e-06
1.864677720200401e-02	-4.152567e-06
1.865677720200402e-02	-4.152567e-06
1.866677720200402e-02	-4.152567e-06
1.867677720200402e-02	-4.152567e-06
1.868677720200402e-02	-4.152567e-06
1.869677720200402e-02	-4.152567e-06
1.870677720200402e-02	-4.152567e-06
1.871677720200401e-02	-4.152567e-06
1.872677720200401e-02	-4.152567e-06
1.873677720200401e-02	-4.152567e-06
1.874677720200402e-02	-4.152567e-06
1.875677720200402e-02	-4.152568e-06
1.876677720200402e-02	-4.152568e-06
1.877677720200402e-02	-4.152567e-06
1.878677720200402e-02	-4.152567e-06
1.879677720200401e-02	-4.152567e-06
1.880677720200401e-02	-4.152567e-06
1.881677720200401e-02	-4.152567e-06
1.882677720200402e-02	-4.152567e-06
1.883677720200402e-02	-4.152567e-06
1.884677720200402e-02	-4.152567e-06
1.885677720200402e-02	-4.152567e-06
1.886677720200402e-02	-4.152567e-06
1.887677720200402e-02	-4.152567e-06
1.888677720200401e-02	-4.152567e-06
1.889677720200401e-02	-4.152567e-06
1.890677720200401e-02	-4.152567e-06
1.891677720200402e-02	-4.152567e-06
1.892677720200402e-02	-4.152567e-06
1.893677720200402e-02	-4.152567e-06
1.894677720200402e-02	-4.152567e-06
1.895677720200402e-02	-4.152567e-06
1.896677720200401e-02	-4.152567e-06
1.897677720200401e-02	-4.152567e-06
1.898677720200401e-02	-4.152567e-06
1.899677720200401e-02	-4.152567e-06
1.900677720200402e-02	-4.152567e-06
1.901677720200402e-02	-4.152567e-06
1.902677720200402e-02	-4.152567e-06
1.903677720200402e-02	-4.152568e-06
1.904677720200402e-02	-4.152568e-06
1.905677720200401e-02	-4.152567e-06
1.906677720200401e-02	-4.152567e-06
1.907677720200401e-02	-4.152568e-06
1.908677720200402e-02	-4.152568e-06
1.909677720200402e-02	-4.152567e-06
1.910677720200402e-02	-4.152567e-06
1.911677720200402e-02	-4.152567e-06
1.912677720200402e-02	-4.152567e-06
1.913677720200401e-02	-4.152568e-06
1.914677720200401e-02	-4.152568e-06
1.915677720200401e-02	-4.152567e-06
1.916677720200401e-02	-4.152567e-06
1.917677720200402e-02	-4.152567e-06
1.918677720200402e-02	-4.152567e-06
1.919677720200402e-02	-4.152568e-06
1.920677720200402e-02	-4.152568e-06
1.921677720200402e-02	-4.152567e-06
1.922677720200401e-02	-4.152567e-06
1.923677720200401e-02	-4.152567e-06
1.924677720200401e-02	-4.152567e-06
1.925677720200402e-02	-4.152568e-06
1.926677720200402e-02	-4.152568e-06
1.927677720200402e-02	-4.152567e-06
1.928677720200402e-02	-4.152567e-06
1.929677720200402e-02	-4.152567e-06
1.930677720200401e-02	-4.152567e-06
1.931677720200401e-02	-4.152568e-06
1.932677720200401e-02	-4.152568e-06
1.933677720200401e-02	-4.152567e-06
1.934677720200402e-02	-4.152567e-06
1.935677720200402e-02	-4.152567e-06
1.936677720200402e-02	-4.152567e-06
1.937677720200402e-02	-4.152567e-06
1.938677720200402e-02	-4.152567e-06
1.939677720200401e-02	-4.152568e-06
1.940677720200401e-02	-4.152568e-06
1.941677720200401e-02	-4.152568e-06
1.942677720200402e-02	-4.152568e-06
1.943677720200402e-02	-4.152567e-06
1.944677720200402e-02	-4.152567e-06
1.945677720200402e-02	-4.152567e-06
1.946677720200402e-02	-4.152567e-06
1.947677720200401e-02	-4.152567e-06
1.948677720200401e-02	-4.152567e-06
1.949677720200401e-02	-4.152568e-06
1.950677720200401e-02	-4.152568e-06
1.951677720200402e-02	-4.152568e-06
1.952677720200402e-02	-4.152568e-06
1.953677720200402e-02	-4.152567e-06
1.954677720200402e-02	-4.152567e-06
1.955677720200402e-02	-4.152567e-06
1.956677720200401e-02	-4.152567e-06
1.957677720200401e-02	-4.152567e-06
1.958677720200401e-02	-4.152567e-06
1.959677720200402e-02	-4.152567e-06
1.960677720200402e-02	-4.152567e-06
1.961677720200402e-02	-4.152567e-06
1.962677720200402e-02	-4.152567e-06
1.963677720200402e-02	-4.152568e-06
1.964677720200401e-02	-4.152568e-06
1.965677720200401e-02	-4.152568e-06
1.966677720200401e-02	-4.152568e-06
1.967677720200401e-02	-4.152568e-06
1.968677720200402e-02	-4.152568e-06
1.969677720200402e-02	-4.152567e-06
1.970677720200402e-02	-4.152567e-06
1.971677720200402e-02	-4.152567e-06
1.972677720200402e-02	-4.152567e-06
1.973677720200401e-02	-4.152567e-06
1.974677720200401e-02	-4.152567e-06
1.975677720200401e-02	-4.152567e-06
1.976677720200402e-02	-4.152567e-06
1.977677720200402e-02	-4.152567e-06
1.978677720200402e-02	-4.152567e-06
1.979677720200402e-02	-4.152567e-06
1.980677720200402e-02	-4.152567e-06
1.981677720200401e-02	-4.152567e-06
1.982677720200401e-02	-4.152567e-06
1.983677720200401e-02	-4.152567e-06
1.984677720200401e-02	-4.152567e-06
1.985677720200402e-02	-4.152567e-06
1.986677720200402e-02	-4.152567e-06
1.987677720200402e-02	-4.152567e-06
1.988677720200402e-02	-4.152567e-06
1.989677720200402e-02	-4.152567e-06
1.990677720200401e-02	-4.152567e-06
1.991677720200401e-02	-4.152567e-06
1.992677720200401e-02	-4.152567e-06
1.993677720200402e-02	-4.152567e-06
1.994677720200402e-02	-4.152567e-06
1.995677720200402e-02	-4.152567e-06
1.996677720200402e-02	-4.152567e-06
1.997677720200402e-02	-4.152567e-06
1.998677720200401e-02	-4.152567e-06
1.999677720200401e-02	-4.152568e-06
2.000000000000000e-02	-4.152568e-06
