time	I(Vcell15)
0.000000000000000e+00	-9.851634e-07
9.999999439624929e-11	-9.841137e-07
1.999999887924986e-10	-9.830956e-07
3.999999775849972e-10	-9.810285e-07
7.999999551699943e-10	-9.767243e-07
1.599999910339989e-09	-9.676905e-07
3.199999820679977e-09	-9.490636e-07
6.399999641359955e-09	-9.119066e-07
1.279999928271991e-08	-8.396854e-07
2.559999856543982e-08	-7.023884e-07
5.119999713087964e-08	-3.968374e-07
9.248630850171440e-08	4.545494e-06
1.509534381396734e-07	-9.963281e-07
2.056480128373649e-07	-2.624801e-06
2.711143867170323e-07	-4.612631e-06
3.307377656508653e-07	-5.767653e-06
4.437946652846665e-07	-6.661431e-06
4.651394947561105e-07	-6.630202e-06
5.078291536989987e-07	-6.607939e-06
5.932084715847752e-07	-6.563309e-06
7.639671073563279e-07	-6.482625e-06
1.105484378899433e-06	-6.387560e-06
1.673051841019030e-06	-6.305946e-06
2.376510633154691e-06	-6.255842e-06
3.374090772425429e-06	-6.197999e-06
5.041396145730399e-06	-6.125999e-06
8.376006892340335e-06	-6.079419e-06
1.504522838556021e-05	-1.376633e-05
2.504522838556021e-05	-3.389594e-05
3.504522838556021e-05	-4.675909e-05
4.504522838556021e-05	-5.163873e-05
5.504522838556020e-05	-4.901011e-05
6.504522838556020e-05	-4.695167e-05
7.504522838556020e-05	-4.399444e-05
8.504522838556020e-05	-4.241250e-05
9.504522838556020e-05	-3.964313e-05
1.000000009999994e-04	-3.933338e-05
1.000000019999994e-04	-3.932989e-05
1.000000179999994e-04	-3.939284e-05
1.000000499999994e-04	-3.941735e-05
1.000001139999994e-04	-3.938772e-05
1.000002419999994e-04	-3.935944e-05
1.000004979999994e-04	-3.929642e-05
1.000010099999994e-04	-3.921895e-05
1.000020339999994e-04	-3.913210e-05
1.000040819999994e-04	-3.908356e-05
1.000081779999994e-04	-3.904913e-05
1.000163699999994e-04	-3.901270e-05
1.000327539999994e-04	-3.897929e-05
1.000655219999995e-04	-3.897014e-05
1.001310579999995e-04	-3.895484e-05
1.002621299999997e-04	-3.893067e-05
1.005242740000000e-04	-3.887645e-05
1.010485620000006e-04	-3.877661e-05
1.020971380000018e-04	-3.856962e-05
1.041942900000042e-04	-3.816728e-05
1.083885940000089e-04	-3.737018e-05
1.167772020000184e-04	-3.584682e-05
1.267772020000184e-04	-3.413026e-05
1.367772020000184e-04	-3.252653e-05
1.467772020000184e-04	-3.092855e-05
1.567772020000184e-04	-2.904919e-05
1.667772020000184e-04	-2.739118e-05
1.767772020000184e-04	-2.600726e-05
1.867772020000184e-04	-2.476571e-05
1.967772020000184e-04	-2.362805e-05
2.067772020000184e-04	-2.255610e-05
2.167772020000184e-04	-2.157056e-05
2.267772020000184e-04	-2.063291e-05
2.367772020000184e-04	-1.976738e-05
2.467772020000184e-04	-1.894114e-05
2.567772020000184e-04	-1.817838e-05
2.667772020000184e-04	-1.744828e-05
2.767772020000184e-04	-1.677498e-05
2.867772020000184e-04	-1.612876e-05
2.967772020000184e-04	-3.939920e-05
3.067772020000184e-04	-5.213077e-05
3.136073933012695e-04	-6.667688e-03
3.199080178786833e-04	-1.655887e-02
3.270924828583317e-04	-2.902697e-02
3.338519288579994e-04	-4.127682e-02
3.401720122438808e-04	-5.006880e-02
3.471085104513955e-04	-5.495897e-02
3.533205664494880e-04	-5.889024e-02
3.605006339090419e-04	-6.309241e-02
3.705006339090419e-04	-6.895122e-02
3.805006339090419e-04	-7.457287e-02
3.905006339090419e-04	-8.027355e-02
4.005006339090419e-04	-8.579355e-02
4.105006339090419e-04	-9.141903e-02
4.205006339090419e-04	-9.688094e-02
4.305006339090419e-04	-1.024566e-01
4.405006339090419e-04	-1.078768e-01
4.505006339090418e-04	-1.134136e-01
4.605006339090419e-04	-1.187999e-01
4.705006339090418e-04	-1.243035e-01
4.805006339090419e-04	-1.296605e-01
4.905006339090418e-04	-1.351344e-01
5.005006339090419e-04	-1.404647e-01
5.105006339090419e-04	-1.459113e-01
5.205006339090418e-04	-1.512168e-01
5.305006339090418e-04	-1.555372e-01
5.405006339090419e-04	-1.562930e-01
5.505006339090419e-04	-1.568120e-01
5.605006339090418e-04	-1.569459e-01
5.705006339090418e-04	-1.572482e-01
5.805006339090419e-04	-1.572700e-01
5.905006339090419e-04	-1.575051e-01
6.005006339090418e-04	-1.574811e-01
6.105006339090418e-04	-1.576834e-01
6.205006339090419e-04	-1.576344e-01
6.305006339090419e-04	-1.578170e-01
6.405006339090418e-04	-1.577520e-01
6.505006339090418e-04	-1.579214e-01
6.605006339090419e-04	-1.578453e-01
6.705006339090419e-04	-1.580052e-01
6.805006339090418e-04	-1.579211e-01
6.905006339090418e-04	-1.580738e-01
7.005006339090419e-04	-1.579836e-01
7.105006339090419e-04	-1.581308e-01
7.205006339090418e-04	-1.580357e-01
7.305006339090418e-04	-1.581786e-01
7.405006339090419e-04	-1.580797e-01
7.505006339090419e-04	-1.582190e-01
7.605006339090418e-04	-1.581171e-01
7.705006339090418e-04	-1.582535e-01
7.805006339090418e-04	-1.581491e-01
7.905006339090419e-04	-1.582831e-01
8.005006339090418e-04	-1.581767e-01
8.105006339090418e-04	-1.583086e-01
8.205006339090418e-04	-1.582005e-01
8.305006339090419e-04	-1.583307e-01
8.405006339090418e-04	-1.582212e-01
8.505006339090418e-04	-1.583499e-01
8.605006339090418e-04	-1.582392e-01
8.705006339090419e-04	-1.583667e-01
8.805006339090418e-04	-1.582550e-01
8.905006339090418e-04	-1.583814e-01
9.005006339090418e-04	-1.582689e-01
9.105006339090419e-04	-1.583943e-01
9.205006339090418e-04	-1.582810e-01
9.305006339090418e-04	-1.584056e-01
9.405006339090418e-04	-1.582918e-01
9.505006339090419e-04	-1.584156e-01
9.605006339090418e-04	-1.583012e-01
9.705006339090418e-04	-1.584244e-01
9.805006339090418e-04	-1.583096e-01
9.905006339090419e-04	-1.584322e-01
1.000000000000000e-03	-1.583169e-01
1.000000001000000e-03	-1.583185e-01
1.000000017000000e-03	-1.583217e-01
1.000000049000000e-03	-1.583246e-01
1.000000113000000e-03	-1.583278e-01
1.000000241000000e-03	-1.583342e-01
1.000000497000000e-03	-1.583423e-01
1.000001009000000e-03	-1.583554e-01
1.000002033000000e-03	-1.583678e-01
1.000004081000000e-03	-1.583761e-01
1.000008177000000e-03	-1.583759e-01
1.000016369000001e-03	-1.583765e-01
1.000032753000001e-03	-1.583759e-01
1.000065521000002e-03	-1.583766e-01
1.000131057000004e-03	-1.583759e-01
1.000262129000007e-03	-1.583767e-01
1.000524273000015e-03	-1.583761e-01
1.001048561000029e-03	-1.583769e-01
1.002097137000058e-03	-1.583766e-01
1.004194289000116e-03	-1.583780e-01
1.008388593000232e-03	-1.583788e-01
1.016777201000463e-03	-1.583821e-01
1.026777201000463e-03	-1.583845e-01
1.036777201000463e-03	-1.583881e-01
1.046777201000463e-03	-1.583901e-01
1.056777201000463e-03	-1.583933e-01
1.066777201000463e-03	-1.583951e-01
1.076777201000463e-03	-1.583980e-01
1.086777201000463e-03	-1.583995e-01
1.096777201000463e-03	-1.584022e-01
1.106777201000463e-03	-1.584034e-01
1.116777201000463e-03	-1.584059e-01
1.126777201000463e-03	-1.584069e-01
1.136777201000463e-03	-1.584092e-01
1.146777201000463e-03	-1.584101e-01
1.156777201000463e-03	-1.584122e-01
1.166777201000463e-03	-1.584129e-01
1.176777201000463e-03	-1.584148e-01
1.186777201000463e-03	-1.584154e-01
1.196777201000463e-03	-1.584172e-01
1.206777201000463e-03	-1.584176e-01
1.216777201000463e-03	-1.584193e-01
1.226777201000463e-03	-1.584196e-01
1.236777201000463e-03	-1.584212e-01
1.246777201000463e-03	-1.584214e-01
1.256777201000463e-03	-1.584228e-01
1.266777201000463e-03	-1.584229e-01
1.276777201000463e-03	-1.584243e-01
1.286777201000463e-03	-1.584244e-01
1.296777201000463e-03	-1.584257e-01
1.306777201000463e-03	-1.584256e-01
1.316777201000463e-03	-1.584269e-01
1.326777201000463e-03	-1.584268e-01
1.336777201000463e-03	-1.584280e-01
1.346777201000463e-03	-1.584278e-01
1.356777201000463e-03	-1.584290e-01
1.366777201000463e-03	-1.584287e-01
1.376777201000463e-03	-1.584298e-01
1.386777201000463e-03	-1.584295e-01
1.396777201000463e-03	-1.584306e-01
1.406777201000463e-03	-1.584303e-01
1.416777201000463e-03	-1.584313e-01
1.426777201000463e-03	-1.584309e-01
1.436777201000463e-03	-1.584319e-01
1.446777201000463e-03	-1.584315e-01
1.456777201000463e-03	-1.584325e-01
1.466777201000463e-03	-1.584320e-01
1.476777201000463e-03	-1.584330e-01
1.486777201000463e-03	-1.584325e-01
1.496777201000463e-03	-1.584334e-01
1.506777201000463e-03	-1.584329e-01
1.516777201000463e-03	-1.584338e-01
1.526777201000463e-03	-1.584333e-01
1.536777201000463e-03	-1.584342e-01
1.546777201000463e-03	-1.584337e-01
1.556777201000463e-03	-1.584345e-01
1.566777201000463e-03	-1.584340e-01
1.576777201000463e-03	-1.584348e-01
1.586777201000463e-03	-1.584342e-01
1.596777201000463e-03	-1.584350e-01
1.606777201000463e-03	-1.584345e-01
1.616777201000463e-03	-1.584353e-01
1.626777201000463e-03	-1.584347e-01
1.636777201000463e-03	-1.584355e-01
1.646777201000463e-03	-1.584349e-01
1.656777201000463e-03	-1.584357e-01
1.666777201000463e-03	-1.584351e-01
1.676777201000463e-03	-1.584358e-01
1.686777201000463e-03	-1.584352e-01
1.696777201000463e-03	-1.584360e-01
1.706777201000463e-03	-1.584354e-01
1.716777201000463e-03	-1.584361e-01
1.726777201000463e-03	-1.584355e-01
1.736777201000463e-03	-1.584363e-01
1.746777201000463e-03	-1.584356e-01
1.756777201000463e-03	-1.584364e-01
1.766777201000463e-03	-1.584357e-01
1.776777201000463e-03	-1.584365e-01
1.786777201000463e-03	-1.584358e-01
1.796777201000463e-03	-1.584366e-01
1.806777201000463e-03	-1.584359e-01
1.816777201000463e-03	-1.584366e-01
1.826777201000463e-03	-1.584360e-01
1.836777201000463e-03	-1.584367e-01
1.846777201000463e-03	-1.584361e-01
1.856777201000463e-03	-1.584368e-01
1.866777201000463e-03	-1.584361e-01
1.876777201000463e-03	-1.584368e-01
1.886777201000463e-03	-1.584362e-01
1.896777201000463e-03	-1.584369e-01
1.906777201000463e-03	-1.584362e-01
1.916777201000463e-03	-1.584369e-01
1.926777201000463e-03	-1.584363e-01
1.936777201000463e-03	-1.584370e-01
1.946777201000463e-03	-1.584363e-01
1.956777201000463e-03	-1.584370e-01
1.966777201000463e-03	-1.584363e-01
1.976777201000463e-03	-1.584370e-01
1.986777201000463e-03	-1.584364e-01
1.996777201000463e-03	-1.584371e-01
2.006777201000463e-03	-1.584364e-01
2.016777201000463e-03	-1.584371e-01
2.026777201000463e-03	-1.584364e-01
2.036777201000463e-03	-1.584371e-01
2.046777201000463e-03	-1.584364e-01
2.056777201000463e-03	-1.584371e-01
2.066777201000463e-03	-1.584365e-01
2.076777201000463e-03	-1.584371e-01
2.086777201000463e-03	-1.584365e-01
2.096777201000463e-03	-1.584372e-01
2.106777201000463e-03	-1.584365e-01
2.116777201000463e-03	-1.584372e-01
2.126777201000463e-03	-1.584365e-01
2.136777201000463e-03	-1.584372e-01
2.146777201000463e-03	-1.584365e-01
2.156777201000463e-03	-1.584372e-01
2.166777201000463e-03	-1.584366e-01
2.176777201000463e-03	-1.584372e-01
2.186777201000463e-03	-1.584366e-01
2.196777201000463e-03	-1.584372e-01
2.206777201000463e-03	-1.584366e-01
2.216777201000463e-03	-1.584373e-01
2.226777201000463e-03	-1.584366e-01
2.236777201000463e-03	-1.584373e-01
2.246777201000463e-03	-1.584366e-01
2.256777201000463e-03	-1.584373e-01
2.266777201000463e-03	-1.584366e-01
2.276777201000463e-03	-1.584373e-01
2.286777201000463e-03	-1.584366e-01
2.296777201000463e-03	-1.584373e-01
2.306777201000463e-03	-1.584366e-01
2.316777201000463e-03	-1.584373e-01
2.326777201000463e-03	-1.584366e-01
2.336777201000463e-03	-1.584373e-01
2.346777201000463e-03	-1.584366e-01
2.356777201000463e-03	-1.584373e-01
2.366777201000463e-03	-1.584366e-01
2.376777201000463e-03	-1.584373e-01
2.386777201000463e-03	-1.584366e-01
2.396777201000463e-03	-1.584373e-01
2.406777201000463e-03	-1.584366e-01
2.416777201000463e-03	-1.584373e-01
2.426777201000463e-03	-1.584366e-01
2.436777201000463e-03	-1.584373e-01
2.446777201000463e-03	-1.584366e-01
2.456777201000463e-03	-1.584373e-01
2.466777201000463e-03	-1.584366e-01
2.476777201000463e-03	-1.584373e-01
2.486777201000463e-03	-1.584366e-01
2.496777201000463e-03	-1.584373e-01
2.506777201000463e-03	-1.584366e-01
2.516777201000463e-03	-1.584373e-01
2.526777201000463e-03	-1.584366e-01
2.536777201000463e-03	-1.584373e-01
2.546777201000463e-03	-1.584366e-01
2.556777201000463e-03	-1.584373e-01
2.566777201000463e-03	-1.584366e-01
2.576777201000463e-03	-1.584373e-01
2.586777201000463e-03	-1.584366e-01
2.596777201000463e-03	-1.584373e-01
2.606777201000463e-03	-1.584366e-01
2.616777201000463e-03	-1.584373e-01
2.626777201000463e-03	-1.584366e-01
2.636777201000463e-03	-1.584373e-01
2.646777201000463e-03	-1.584366e-01
2.656777201000463e-03	-1.584373e-01
2.666777201000463e-03	-1.584366e-01
2.676777201000463e-03	-1.584373e-01
2.686777201000463e-03	-1.584366e-01
2.696777201000463e-03	-1.584373e-01
2.706777201000463e-03	-1.584366e-01
2.716777201000463e-03	-1.584373e-01
2.726777201000463e-03	-1.584366e-01
2.736777201000463e-03	-1.584373e-01
2.746777201000463e-03	-1.584367e-01
2.756777201000463e-03	-1.584373e-01
2.766777201000463e-03	-1.584367e-01
2.776777201000463e-03	-1.584373e-01
2.786777201000463e-03	-1.584367e-01
2.796777201000463e-03	-1.584373e-01
2.806777201000463e-03	-1.584367e-01
2.816777201000463e-03	-1.584373e-01
2.826777201000463e-03	-1.584367e-01
2.836777201000463e-03	-1.584373e-01
2.846777201000463e-03	-1.584367e-01
2.856777201000463e-03	-1.584373e-01
2.866777201000463e-03	-1.584367e-01
2.876777201000463e-03	-1.584373e-01
2.886777201000463e-03	-1.584367e-01
2.896777201000463e-03	-1.584373e-01
2.906777201000463e-03	-1.584367e-01
2.916777201000463e-03	-1.584373e-01
2.926777201000463e-03	-1.584367e-01
2.936777201000463e-03	-1.584373e-01
2.946777201000463e-03	-1.584367e-01
2.956777201000463e-03	-1.584373e-01
2.966777201000463e-03	-1.584367e-01
2.976777201000463e-03	-1.584373e-01
2.986777201000463e-03	-1.584367e-01
2.996777201000463e-03	-1.584373e-01
3.006777201000463e-03	-1.584367e-01
3.016777201000463e-03	-1.584373e-01
3.026777201000463e-03	-1.584367e-01
3.036777201000463e-03	-1.584373e-01
3.046777201000463e-03	-1.584367e-01
3.056777201000463e-03	-1.584373e-01
3.066777201000463e-03	-1.584367e-01
3.076777201000463e-03	-1.584373e-01
3.086777201000463e-03	-1.584367e-01
3.096777201000463e-03	-1.584373e-01
3.106777201000463e-03	-1.584367e-01
3.116777201000463e-03	-1.584373e-01
3.126777201000463e-03	-1.584367e-01
3.136777201000463e-03	-1.584373e-01
3.146777201000463e-03	-1.584367e-01
3.156777201000463e-03	-1.584373e-01
3.166777201000463e-03	-1.584367e-01
3.176777201000463e-03	-1.584373e-01
3.186777201000463e-03	-1.584367e-01
3.196777201000463e-03	-1.584373e-01
3.206777201000463e-03	-1.584367e-01
3.216777201000463e-03	-1.584373e-01
3.226777201000463e-03	-1.584367e-01
3.236777201000463e-03	-1.584373e-01
3.246777201000463e-03	-1.584367e-01
3.256777201000463e-03	-1.584373e-01
3.266777201000463e-03	-1.584367e-01
3.276777201000463e-03	-1.584373e-01
3.286777201000463e-03	-1.584367e-01
3.296777201000463e-03	-1.584373e-01
3.306777201000463e-03	-1.584367e-01
3.316777201000463e-03	-1.584373e-01
3.326777201000463e-03	-1.584367e-01
3.336777201000463e-03	-1.584373e-01
3.346777201000463e-03	-1.584367e-01
3.356777201000463e-03	-1.584373e-01
3.366777201000463e-03	-1.584367e-01
3.376777201000463e-03	-1.584373e-01
3.386777201000463e-03	-1.584367e-01
3.396777201000463e-03	-1.584373e-01
3.406777201000463e-03	-1.584367e-01
3.416777201000463e-03	-1.584373e-01
3.426777201000463e-03	-1.584367e-01
3.436777201000463e-03	-1.584373e-01
3.446777201000463e-03	-1.584367e-01
3.456777201000463e-03	-1.584373e-01
3.466777201000463e-03	-1.584367e-01
3.476777201000463e-03	-1.584373e-01
3.486777201000463e-03	-1.584367e-01
3.496777201000463e-03	-1.584373e-01
3.506777201000463e-03	-1.584367e-01
3.516777201000463e-03	-1.584373e-01
3.526777201000463e-03	-1.584367e-01
3.536777201000463e-03	-1.584373e-01
3.546777201000463e-03	-1.584367e-01
3.556777201000463e-03	-1.584373e-01
3.566777201000463e-03	-1.584367e-01
3.576777201000463e-03	-1.584373e-01
3.586777201000463e-03	-1.584367e-01
3.596777201000463e-03	-1.584373e-01
3.606777201000463e-03	-1.584367e-01
3.616777201000463e-03	-1.584373e-01
3.626777201000463e-03	-1.584367e-01
3.636777201000463e-03	-1.584373e-01
3.646777201000463e-03	-1.584367e-01
3.656777201000463e-03	-1.584373e-01
3.666777201000463e-03	-1.584367e-01
3.676777201000463e-03	-1.584373e-01
3.686777201000463e-03	-1.584367e-01
3.696777201000463e-03	-1.584373e-01
3.706777201000463e-03	-1.584367e-01
3.716777201000463e-03	-1.584373e-01
3.726777201000463e-03	-1.584367e-01
3.736777201000463e-03	-1.584373e-01
3.746777201000463e-03	-1.584367e-01
3.756777201000463e-03	-1.584373e-01
3.766777201000463e-03	-1.584367e-01
3.776777201000463e-03	-1.584373e-01
3.786777201000463e-03	-1.584367e-01
3.796777201000463e-03	-1.584373e-01
3.806777201000463e-03	-1.584367e-01
3.816777201000463e-03	-1.584373e-01
3.826777201000463e-03	-1.584367e-01
3.836777201000463e-03	-1.584373e-01
3.846777201000463e-03	-1.584367e-01
3.856777201000463e-03	-1.584373e-01
3.866777201000463e-03	-1.584367e-01
3.876777201000463e-03	-1.584373e-01
3.886777201000463e-03	-1.584367e-01
3.896777201000463e-03	-1.584373e-01
3.906777201000463e-03	-1.584367e-01
3.916777201000463e-03	-1.584373e-01
3.926777201000463e-03	-1.584367e-01
3.936777201000463e-03	-1.584373e-01
3.946777201000463e-03	-1.584367e-01
3.956777201000463e-03	-1.584373e-01
3.966777201000463e-03	-1.584367e-01
3.976777201000463e-03	-1.584373e-01
3.986777201000463e-03	-1.584367e-01
3.996777201000463e-03	-1.584373e-01
4.006777201000463e-03	-1.584367e-01
4.016777201000463e-03	-1.584373e-01
4.026777201000463e-03	-1.584367e-01
4.036777201000463e-03	-1.584373e-01
4.046777201000462e-03	-1.584367e-01
4.056777201000463e-03	-1.584373e-01
4.066777201000463e-03	-1.584367e-01
4.076777201000463e-03	-1.584373e-01
4.086777201000463e-03	-1.584367e-01
4.096777201000463e-03	-1.584373e-01
4.106777201000463e-03	-1.584367e-01
4.116777201000463e-03	-1.584373e-01
4.126777201000463e-03	-1.584367e-01
4.136777201000463e-03	-1.584373e-01
4.146777201000463e-03	-1.584367e-01
4.156777201000463e-03	-1.584373e-01
4.166777201000463e-03	-1.584367e-01
4.176777201000463e-03	-1.584373e-01
4.186777201000463e-03	-1.584367e-01
4.196777201000462e-03	-1.584373e-01
4.206777201000463e-03	-1.584367e-01
4.216777201000462e-03	-1.584373e-01
4.226777201000463e-03	-1.584367e-01
4.236777201000463e-03	-1.584373e-01
4.246777201000463e-03	-1.584367e-01
4.256777201000463e-03	-1.584373e-01
4.266777201000463e-03	-1.584367e-01
4.276777201000463e-03	-1.584373e-01
4.286777201000463e-03	-1.584367e-01
4.296777201000463e-03	-1.584373e-01
4.306777201000463e-03	-1.584367e-01
4.316777201000463e-03	-1.584373e-01
4.326777201000463e-03	-1.584367e-01
4.336777201000463e-03	-1.584373e-01
4.346777201000463e-03	-1.584367e-01
4.356777201000463e-03	-1.584373e-01
4.366777201000462e-03	-1.584367e-01
4.376777201000463e-03	-1.584373e-01
4.386777201000462e-03	-1.584367e-01
4.396777201000463e-03	-1.584373e-01
4.406777201000463e-03	-1.584367e-01
4.416777201000463e-03	-1.584373e-01
4.426777201000463e-03	-1.584367e-01
4.436777201000463e-03	-1.584373e-01
4.446777201000463e-03	-1.584367e-01
4.456777201000463e-03	-1.584373e-01
4.466777201000463e-03	-1.584367e-01
4.476777201000463e-03	-1.584373e-01
4.486777201000463e-03	-1.584367e-01
4.496777201000463e-03	-1.584373e-01
4.506777201000463e-03	-1.584367e-01
4.516777201000462e-03	-1.584373e-01
4.526777201000463e-03	-1.584367e-01
4.536777201000462e-03	-1.584373e-01
4.546777201000463e-03	-1.584367e-01
4.556777201000463e-03	-1.584373e-01
4.566777201000463e-03	-1.584367e-01
4.576777201000463e-03	-1.584373e-01
4.586777201000463e-03	-1.584367e-01
4.596777201000463e-03	-1.584373e-01
4.606777201000463e-03	-1.584367e-01
4.616777201000463e-03	-1.584373e-01
4.626777201000463e-03	-1.584367e-01
4.636777201000463e-03	-1.584373e-01
4.646777201000463e-03	-1.584367e-01
4.656777201000463e-03	-1.584373e-01
4.666777201000463e-03	-1.584367e-01
4.676777201000463e-03	-1.584373e-01
4.686777201000462e-03	-1.584367e-01
4.696777201000463e-03	-1.584373e-01
4.706777201000462e-03	-1.584367e-01
4.716777201000463e-03	-1.584373e-01
4.726777201000463e-03	-1.584367e-01
4.736777201000463e-03	-1.584373e-01
4.746777201000463e-03	-1.584367e-01
4.756777201000463e-03	-1.584373e-01
4.766777201000463e-03	-1.584367e-01
4.776777201000463e-03	-1.584373e-01
4.786777201000463e-03	-1.584367e-01
4.796777201000463e-03	-1.584373e-01
4.806777201000463e-03	-1.584367e-01
4.816777201000463e-03	-1.584373e-01
4.826777201000463e-03	-1.584367e-01
4.836777201000462e-03	-1.584373e-01
4.846777201000463e-03	-1.584367e-01
4.856777201000462e-03	-1.584373e-01
4.866777201000463e-03	-1.584367e-01
4.876777201000462e-03	-1.584373e-01
4.886777201000463e-03	-1.584367e-01
4.896777201000463e-03	-1.584373e-01
4.906777201000463e-03	-1.584367e-01
4.916777201000463e-03	-1.584373e-01
4.926777201000463e-03	-1.584367e-01
4.936777201000463e-03	-1.584373e-01
4.946777201000463e-03	-1.584367e-01
4.956777201000463e-03	-1.584373e-01
4.966777201000463e-03	-1.584367e-01
4.976777201000463e-03	-1.584373e-01
4.986777201000463e-03	-1.584367e-01
4.996777201000463e-03	-1.584373e-01
5.006777201000462e-03	-1.584367e-01
5.016777201000463e-03	-1.584373e-01
5.026777201000462e-03	-1.584367e-01
5.036777201000463e-03	-1.584373e-01
5.046777201000462e-03	-1.584367e-01
5.056777201000463e-03	-1.584373e-01
5.066777201000463e-03	-1.584367e-01
5.076777201000463e-03	-1.584373e-01
5.086777201000463e-03	-1.584367e-01
5.096777201000463e-03	-1.584373e-01
5.106777201000463e-03	-1.584367e-01
5.116777201000463e-03	-1.584373e-01
5.126777201000463e-03	-1.584367e-01
5.136777201000463e-03	-1.584373e-01
5.146777201000463e-03	-1.584367e-01
5.156777201000462e-03	-1.584373e-01
5.166777201000463e-03	-1.584367e-01
5.176777201000462e-03	-1.584373e-01
5.186777201000463e-03	-1.584367e-01
5.196777201000462e-03	-1.584373e-01
5.206777201000463e-03	-1.584367e-01
5.216777201000463e-03	-1.584373e-01
5.226777201000463e-03	-1.584367e-01
5.236777201000463e-03	-1.584373e-01
5.246777201000463e-03	-1.584367e-01
5.256777201000463e-03	-1.584373e-01
5.266777201000463e-03	-1.584367e-01
5.276777201000463e-03	-1.584373e-01
5.286777201000463e-03	-1.584367e-01
5.296777201000463e-03	-1.584373e-01
5.306777201000463e-03	-1.584367e-01
5.316777201000463e-03	-1.584373e-01
5.326777201000462e-03	-1.584367e-01
5.336777201000463e-03	-1.584373e-01
5.346777201000462e-03	-1.584367e-01
5.356777201000463e-03	-1.584373e-01
5.366777201000462e-03	-1.584367e-01
5.376777201000463e-03	-1.584373e-01
5.386777201000463e-03	-1.584367e-01
5.396777201000463e-03	-1.584373e-01
5.406777201000463e-03	-1.584367e-01
5.416777201000463e-03	-1.584373e-01
5.426777201000463e-03	-1.584367e-01
5.436777201000463e-03	-1.584373e-01
5.446777201000463e-03	-1.584367e-01
5.456777201000463e-03	-1.584373e-01
5.466777201000463e-03	-1.584367e-01
5.476777201000462e-03	-1.584373e-01
5.486777201000463e-03	-1.584367e-01
5.496777201000462e-03	-1.584373e-01
5.506777201000463e-03	-1.584367e-01
5.516777201000462e-03	-1.584373e-01
5.526777201000463e-03	-1.584367e-01
5.536777201000462e-03	-1.584373e-01
5.546777201000463e-03	-1.584367e-01
5.556777201000463e-03	-1.584373e-01
5.566777201000463e-03	-1.584367e-01
5.576777201000463e-03	-1.584373e-01
5.586777201000463e-03	-1.584367e-01
5.596777201000463e-03	-1.584373e-01
5.606777201000463e-03	-1.584367e-01
5.616777201000463e-03	-1.584373e-01
5.626777201000463e-03	-1.584367e-01
5.636777201000463e-03	-1.584373e-01
5.646777201000462e-03	-1.584367e-01
5.656777201000463e-03	-1.584373e-01
5.666777201000462e-03	-1.584367e-01
5.676777201000463e-03	-1.584373e-01
5.686777201000462e-03	-1.584367e-01
5.696777201000463e-03	-1.584373e-01
5.706777201000462e-03	-1.584367e-01
5.716777201000463e-03	-1.584373e-01
5.726777201000463e-03	-1.584367e-01
5.736777201000463e-03	-1.584373e-01
5.746777201000463e-03	-1.584367e-01
5.756777201000463e-03	-1.584373e-01
5.766777201000463e-03	-1.584367e-01
5.776777201000463e-03	-1.584373e-01
5.786777201000463e-03	-1.584367e-01
5.796777201000462e-03	-1.584373e-01
5.806777201000463e-03	-1.584367e-01
5.816777201000462e-03	-1.584373e-01
5.826777201000463e-03	-1.584367e-01
5.836777201000462e-03	-1.584373e-01
5.846777201000463e-03	-1.584367e-01
5.856777201000462e-03	-1.584373e-01
5.866777201000463e-03	-1.584367e-01
5.876777201000462e-03	-1.584373e-01
5.886777201000463e-03	-1.584367e-01
5.896777201000463e-03	-1.584373e-01
5.906777201000463e-03	-1.584367e-01
5.916777201000463e-03	-1.584373e-01
5.926777201000463e-03	-1.584367e-01
5.936777201000463e-03	-1.584373e-01
5.946777201000463e-03	-1.584367e-01
5.956777201000463e-03	-1.584373e-01
5.966777201000462e-03	-1.584367e-01
5.976777201000463e-03	-1.584373e-01
5.986777201000462e-03	-1.584367e-01
5.996777201000463e-03	-1.584373e-01
6.006777201000462e-03	-1.584367e-01
6.016777201000463e-03	-1.584373e-01
6.026777201000462e-03	-1.584367e-01
6.036777201000463e-03	-1.584373e-01
6.046777201000463e-03	-1.584367e-01
6.056777201000463e-03	-1.584373e-01
6.066777201000463e-03	-1.584367e-01
6.076777201000463e-03	-1.584373e-01
6.086777201000463e-03	-1.584367e-01
6.096777201000463e-03	-1.584373e-01
6.106777201000463e-03	-1.584367e-01
6.116777201000462e-03	-1.584373e-01
6.126777201000463e-03	-1.584367e-01
6.136777201000462e-03	-1.584373e-01
6.146777201000463e-03	-1.584367e-01
6.156777201000462e-03	-1.584373e-01
6.166777201000463e-03	-1.584367e-01
6.176777201000462e-03	-1.584373e-01
6.186777201000463e-03	-1.584367e-01
6.196777201000462e-03	-1.584373e-01
6.206777201000463e-03	-1.584367e-01
6.216777201000463e-03	-1.584373e-01
6.226777201000463e-03	-1.584367e-01
6.236777201000463e-03	-1.584373e-01
6.246777201000463e-03	-1.584367e-01
6.256777201000463e-03	-1.584373e-01
6.266777201000463e-03	-1.584367e-01
6.276777201000463e-03	-1.584373e-01
6.286777201000462e-03	-1.584367e-01
6.296777201000463e-03	-1.584373e-01
6.306777201000462e-03	-1.584367e-01
6.316777201000463e-03	-1.584373e-01
6.326777201000462e-03	-1.584367e-01
6.336777201000463e-03	-1.584373e-01
6.346777201000462e-03	-1.584367e-01
6.356777201000463e-03	-1.584373e-01
6.366777201000462e-03	-1.584367e-01
6.376777201000463e-03	-1.584373e-01
6.386777201000463e-03	-1.584367e-01
6.396777201000463e-03	-1.584373e-01
6.406777201000463e-03	-1.584367e-01
6.416777201000463e-03	-1.584373e-01
6.426777201000463e-03	-1.584367e-01
6.436777201000462e-03	-1.584373e-01
6.446777201000463e-03	-1.584367e-01
6.456777201000462e-03	-1.584373e-01
6.466777201000463e-03	-1.584367e-01
6.476777201000462e-03	-1.584373e-01
6.486777201000463e-03	-1.584367e-01
6.496777201000462e-03	-1.584373e-01
6.506777201000463e-03	-1.584367e-01
6.516777201000462e-03	-1.584373e-01
6.526777201000463e-03	-1.584367e-01
6.536777201000462e-03	-1.584373e-01
6.546777201000463e-03	-1.584367e-01
6.556777201000463e-03	-1.584373e-01
6.566777201000463e-03	-1.584366e-01
6.576777201000463e-03	-1.584373e-01
6.586777201000463e-03	-1.584366e-01
6.596777201000463e-03	-1.584373e-01
6.606777201000462e-03	-1.584366e-01
6.616777201000463e-03	-1.584373e-01
6.626777201000462e-03	-1.584366e-01
6.636777201000463e-03	-1.584373e-01
6.646777201000462e-03	-1.584366e-01
6.656777201000463e-03	-1.584373e-01
6.666777201000462e-03	-1.584366e-01
6.676777201000463e-03	-1.584373e-01
6.686777201000462e-03	-1.584366e-01
6.696777201000463e-03	-1.584373e-01
6.706777201000463e-03	-1.584366e-01
6.716777201000463e-03	-1.584373e-01
6.726777201000463e-03	-1.584366e-01
6.736777201000463e-03	-1.584373e-01
6.746777201000463e-03	-1.584366e-01
6.756777201000462e-03	-1.584373e-01
6.766777201000463e-03	-1.584366e-01
6.776777201000462e-03	-1.584373e-01
6.786777201000463e-03	-1.584366e-01
6.796777201000462e-03	-1.584373e-01
6.806777201000463e-03	-1.584366e-01
6.816777201000462e-03	-1.584373e-01
6.826777201000463e-03	-1.584366e-01
6.836777201000462e-03	-1.584373e-01
6.846777201000463e-03	-1.584366e-01
6.856777201000462e-03	-1.584373e-01
6.866777201000463e-03	-1.584366e-01
6.876777201000463e-03	-1.584373e-01
6.886777201000463e-03	-1.584366e-01
6.896777201000463e-03	-1.584373e-01
6.906777201000463e-03	-1.584366e-01
6.916777201000463e-03	-1.584373e-01
6.926777201000462e-03	-1.584366e-01
6.936777201000463e-03	-1.584373e-01
6.946777201000462e-03	-1.584366e-01
6.956777201000463e-03	-1.584373e-01
6.966777201000462e-03	-1.584366e-01
6.976777201000463e-03	-1.584373e-01
6.986777201000462e-03	-1.584366e-01
6.996777201000463e-03	-1.584373e-01
7.006777201000462e-03	-1.584366e-01
7.016777201000463e-03	-1.584373e-01
7.026777201000462e-03	-1.584366e-01
7.036777201000463e-03	-1.584373e-01
7.046777201000463e-03	-1.584366e-01
7.056777201000463e-03	-1.584373e-01
7.066777201000463e-03	-1.584366e-01
7.076777201000462e-03	-1.584373e-01
7.086777201000463e-03	-1.584366e-01
7.096777201000462e-03	-1.584373e-01
7.106777201000463e-03	-1.584366e-01
7.116777201000462e-03	-1.584373e-01
7.126777201000463e-03	-1.584366e-01
7.136777201000462e-03	-1.584373e-01
7.146777201000463e-03	-1.584366e-01
7.156777201000462e-03	-1.584373e-01
7.166777201000463e-03	-1.584366e-01
7.176777201000462e-03	-1.584373e-01
7.186777201000463e-03	-1.584366e-01
7.196777201000462e-03	-1.584373e-01
7.206777201000463e-03	-1.584366e-01
7.216777201000463e-03	-1.584373e-01
7.226777201000463e-03	-1.584366e-01
7.236777201000463e-03	-1.584373e-01
7.246777201000462e-03	-1.584366e-01
7.256777201000463e-03	-1.584373e-01
7.266777201000462e-03	-1.584366e-01
7.276777201000463e-03	-1.584373e-01
7.286777201000462e-03	-1.584366e-01
7.296777201000463e-03	-1.584373e-01
7.306777201000462e-03	-1.584366e-01
7.316777201000463e-03	-1.584373e-01
7.326777201000462e-03	-1.584366e-01
7.336777201000463e-03	-1.584373e-01
7.346777201000462e-03	-1.584366e-01
7.356777201000463e-03	-1.584373e-01
7.366777201000463e-03	-1.584366e-01
7.376777201000463e-03	-1.584373e-01
7.386777201000463e-03	-1.584366e-01
7.396777201000462e-03	-1.584373e-01
7.406777201000463e-03	-1.584366e-01
7.416777201000462e-03	-1.584373e-01
7.426777201000463e-03	-1.584366e-01
7.436777201000462e-03	-1.584373e-01
7.446777201000463e-03	-1.584366e-01
7.456777201000462e-03	-1.584373e-01
7.466777201000463e-03	-1.584366e-01
7.476777201000462e-03	-1.584373e-01
7.486777201000463e-03	-1.584366e-01
7.496777201000462e-03	-1.584373e-01
7.506777201000463e-03	-1.584366e-01
7.516777201000462e-03	-1.584373e-01
7.526777201000463e-03	-1.584366e-01
7.536777201000463e-03	-1.584373e-01
7.546777201000463e-03	-1.584366e-01
7.556777201000463e-03	-1.584373e-01
7.566777201000462e-03	-1.584366e-01
7.576777201000463e-03	-1.584373e-01
7.586777201000462e-03	-1.584366e-01
7.596777201000463e-03	-1.584373e-01
7.606777201000462e-03	-1.584366e-01
7.616777201000463e-03	-1.584373e-01
7.626777201000462e-03	-1.584366e-01
7.636777201000463e-03	-1.584373e-01
7.646777201000462e-03	-1.584366e-01
7.656777201000463e-03	-1.584373e-01
7.666777201000462e-03	-1.584366e-01
7.676777201000463e-03	-1.584373e-01
7.686777201000462e-03	-1.584366e-01
7.696777201000463e-03	-1.584373e-01
7.706777201000463e-03	-1.584366e-01
7.716777201000462e-03	-1.584373e-01
7.726777201000463e-03	-1.584366e-01
7.736777201000462e-03	-1.584373e-01
7.746777201000463e-03	-1.584366e-01
7.756777201000462e-03	-1.584373e-01
7.766777201000463e-03	-1.584366e-01
7.776777201000462e-03	-1.584373e-01
7.786777201000463e-03	-1.584366e-01
7.796777201000462e-03	-1.584373e-01
7.806777201000463e-03	-1.584366e-01
7.816777201000463e-03	-1.584373e-01
7.826777201000463e-03	-1.584366e-01
7.836777201000462e-03	-1.584373e-01
7.846777201000462e-03	-1.584366e-01
7.856777201000463e-03	-1.584373e-01
7.866777201000463e-03	-1.584366e-01
7.876777201000463e-03	-1.584373e-01
7.886777201000462e-03	-1.584366e-01
7.896777201000462e-03	-1.584373e-01
7.906777201000463e-03	-1.584366e-01
7.916777201000463e-03	-1.584373e-01
7.926777201000462e-03	-1.584366e-01
7.936777201000462e-03	-1.584373e-01
7.946777201000463e-03	-1.584366e-01
7.956777201000463e-03	-1.584373e-01
7.966777201000462e-03	-1.584366e-01
7.976777201000462e-03	-1.584373e-01
7.986777201000463e-03	-1.584366e-01
7.996777201000463e-03	-1.584373e-01
8.006777201000462e-03	-1.584366e-01
8.016777201000462e-03	-1.584373e-01
8.026777201000463e-03	-1.584366e-01
8.036777201000463e-03	-1.584373e-01
8.046777201000463e-03	-1.584366e-01
8.056777201000462e-03	-1.584373e-01
8.066777201000462e-03	-1.584366e-01
8.076777201000463e-03	-1.584373e-01
8.086777201000463e-03	-1.584366e-01
8.096777201000462e-03	-1.584373e-01
8.106777201000462e-03	-1.584366e-01
8.116777201000463e-03	-1.584373e-01
8.126777201000463e-03	-1.584366e-01
8.136777201000462e-03	-1.584373e-01
8.146777201000462e-03	-1.584366e-01
8.156777201000463e-03	-1.584373e-01
8.166777201000463e-03	-1.584366e-01
8.176777201000462e-03	-1.584373e-01
8.186777201000462e-03	-1.584366e-01
8.196777201000462e-03	-1.584373e-01
8.206777201000463e-03	-1.584366e-01
8.216777201000463e-03	-1.584373e-01
8.226777201000462e-03	-1.584366e-01
8.236777201000462e-03	-1.584373e-01
8.246777201000463e-03	-1.584366e-01
8.256777201000463e-03	-1.584373e-01
8.266777201000462e-03	-1.584366e-01
8.276777201000462e-03	-1.584373e-01
8.286777201000463e-03	-1.584366e-01
8.296777201000463e-03	-1.584373e-01
8.306777201000462e-03	-1.584366e-01
8.316777201000462e-03	-1.584373e-01
8.326777201000463e-03	-1.584366e-01
8.336777201000463e-03	-1.584373e-01
8.346777201000462e-03	-1.584366e-01
8.356777201000462e-03	-1.584373e-01
8.366777201000462e-03	-1.584366e-01
8.376777201000463e-03	-1.584373e-01
8.386777201000463e-03	-1.584366e-01
8.396777201000462e-03	-1.584373e-01
8.406777201000462e-03	-1.584366e-01
8.416777201000463e-03	-1.584373e-01
8.426777201000463e-03	-1.584366e-01
8.436777201000462e-03	-1.584373e-01
8.446777201000462e-03	-1.584366e-01
8.456777201000463e-03	-1.584373e-01
8.466777201000463e-03	-1.584366e-01
8.476777201000462e-03	-1.584373e-01
8.486777201000462e-03	-1.584366e-01
8.496777201000463e-03	-1.584373e-01
8.506777201000463e-03	-1.584366e-01
8.516777201000462e-03	-1.584373e-01
8.526777201000462e-03	-1.584366e-01
8.536777201000462e-03	-1.584373e-01
8.546777201000463e-03	-1.584366e-01
8.556777201000463e-03	-1.584373e-01
8.566777201000462e-03	-1.584366e-01
8.576777201000462e-03	-1.584373e-01
8.586777201000463e-03	-1.584366e-01
8.596777201000463e-03	-1.584373e-01
8.606777201000462e-03	-1.584366e-01
8.616777201000462e-03	-1.584373e-01
8.626777201000463e-03	-1.584366e-01
8.636777201000463e-03	-1.584373e-01
8.646777201000462e-03	-1.584366e-01
8.656777201000462e-03	-1.584373e-01
8.666777201000463e-03	-1.584366e-01
8.676777201000463e-03	-1.584373e-01
8.686777201000462e-03	-1.584366e-01
8.696777201000462e-03	-1.584373e-01
8.706777201000462e-03	-1.584366e-01
8.716777201000463e-03	-1.584373e-01
8.726777201000463e-03	-1.584366e-01
8.736777201000462e-03	-1.584373e-01
8.746777201000462e-03	-1.584366e-01
8.756777201000463e-03	-1.584373e-01
8.766777201000463e-03	-1.584366e-01
8.776777201000462e-03	-1.584373e-01
8.786777201000462e-03	-1.584366e-01
8.796777201000463e-03	-1.584373e-01
8.806777201000463e-03	-1.584366e-01
8.816777201000462e-03	-1.584373e-01
8.826777201000462e-03	-1.584366e-01
8.836777201000462e-03	-1.584373e-01
8.846777201000463e-03	-1.584366e-01
8.856777201000463e-03	-1.584373e-01
8.866777201000462e-03	-1.584366e-01
8.876777201000462e-03	-1.584373e-01
8.886777201000463e-03	-1.584366e-01
8.896777201000463e-03	-1.584373e-01
8.906777201000462e-03	-1.584366e-01
8.916777201000462e-03	-1.584373e-01
8.926777201000463e-03	-1.584366e-01
8.936777201000463e-03	-1.584373e-01
8.946777201000462e-03	-1.584366e-01
8.956777201000462e-03	-1.584373e-01
8.966777201000463e-03	-1.584366e-01
8.976777201000463e-03	-1.584373e-01
8.986777201000462e-03	-1.584366e-01
8.996777201000462e-03	-1.584373e-01
9.006777201000462e-03	-1.584366e-01
9.016777201000463e-03	-1.584373e-01
9.026777201000463e-03	-1.584366e-01
9.036777201000462e-03	-1.584373e-01
9.046777201000462e-03	-1.584366e-01
9.056777201000463e-03	-1.584373e-01
9.066777201000463e-03	-1.584366e-01
9.076777201000462e-03	-1.584373e-01
9.086777201000462e-03	-1.584366e-01
9.096777201000463e-03	-1.584373e-01
9.106777201000463e-03	-1.584366e-01
9.116777201000462e-03	-1.584373e-01
9.126777201000462e-03	-1.584366e-01
9.136777201000463e-03	-1.584373e-01
9.146777201000463e-03	-1.584366e-01
9.156777201000462e-03	-1.584373e-01
9.166777201000462e-03	-1.584366e-01
9.176777201000462e-03	-1.584373e-01
9.186777201000463e-03	-1.584366e-01
9.196777201000463e-03	-1.584373e-01
9.206777201000462e-03	-1.584366e-01
9.216777201000462e-03	-1.584373e-01
9.226777201000463e-03	-1.584366e-01
9.236777201000463e-03	-1.584373e-01
9.246777201000462e-03	-1.584366e-01
9.256777201000462e-03	-1.584373e-01
9.266777201000463e-03	-1.584366e-01
9.276777201000463e-03	-1.584373e-01
9.286777201000462e-03	-1.584366e-01
9.296777201000462e-03	-1.584373e-01
9.306777201000463e-03	-1.584366e-01
9.316777201000463e-03	-1.584373e-01
9.326777201000462e-03	-1.584366e-01
9.336777201000462e-03	-1.584373e-01
9.346777201000462e-03	-1.584366e-01
9.356777201000463e-03	-1.584373e-01
9.366777201000463e-03	-1.584366e-01
9.376777201000462e-03	-1.584373e-01
9.386777201000462e-03	-1.584366e-01
9.396777201000463e-03	-1.584373e-01
9.406777201000463e-03	-1.584366e-01
9.416777201000462e-03	-1.584373e-01
9.426777201000462e-03	-1.584366e-01
9.436777201000463e-03	-1.584373e-01
9.446777201000463e-03	-1.584366e-01
9.456777201000462e-03	-1.584373e-01
9.466777201000462e-03	-1.584366e-01
9.476777201000462e-03	-1.584373e-01
9.486777201000463e-03	-1.584366e-01
9.496777201000462e-03	-1.584373e-01
9.506777201000462e-03	-1.584366e-01
9.516777201000462e-03	-1.584373e-01
9.526777201000463e-03	-1.584366e-01
9.536777201000463e-03	-1.584373e-01
9.546777201000462e-03	-1.584366e-01
9.556777201000462e-03	-1.584373e-01
9.566777201000463e-03	-1.584366e-01
9.576777201000463e-03	-1.584373e-01
9.586777201000462e-03	-1.584366e-01
9.596777201000462e-03	-1.584373e-01
9.606777201000463e-03	-1.584366e-01
9.616777201000463e-03	-1.584373e-01
9.626777201000462e-03	-1.584366e-01
9.636777201000462e-03	-1.584373e-01
9.646777201000462e-03	-1.584366e-01
9.656777201000463e-03	-1.584373e-01
9.666777201000462e-03	-1.584366e-01
9.676777201000462e-03	-1.584373e-01
9.686777201000462e-03	-1.584366e-01
9.696777201000463e-03	-1.584373e-01
9.706777201000463e-03	-1.584366e-01
9.716777201000462e-03	-1.584373e-01
9.726777201000462e-03	-1.584366e-01
9.736777201000463e-03	-1.584373e-01
9.746777201000463e-03	-1.584366e-01
9.756777201000462e-03	-1.584373e-01
9.766777201000462e-03	-1.584366e-01
9.776777201000463e-03	-1.584373e-01
9.786777201000463e-03	-1.584366e-01
9.796777201000462e-03	-1.584373e-01
9.806777201000462e-03	-1.584366e-01
9.816777201000462e-03	-1.584373e-01
9.826777201000463e-03	-1.584366e-01
9.836777201000462e-03	-1.584373e-01
9.846777201000462e-03	-1.584366e-01
9.856777201000462e-03	-1.584373e-01
9.866777201000463e-03	-1.584366e-01
9.876777201000463e-03	-1.584373e-01
9.886777201000462e-03	-1.584366e-01
9.896777201000462e-03	-1.584373e-01
9.906777201000463e-03	-1.584366e-01
9.916777201000463e-03	-1.584373e-01
9.926777201000462e-03	-1.584366e-01
9.936777201000462e-03	-1.584373e-01
9.946777201000463e-03	-1.584366e-01
9.956777201000463e-03	-1.584373e-01
9.966777201000462e-03	-1.584366e-01
9.976777201000462e-03	-1.584373e-01
9.986777201000462e-03	-1.584366e-01
9.996777201000463e-03	-1.584373e-01
1.000000000000000e-02	-1.584366e-01
1.000000000100000e-02	-1.584374e-01
1.000000000200000e-02	-1.584368e-01
1.000000000440036e-02	-1.584373e-01
1.000000000670974e-02	-1.584368e-01
1.000000001132851e-02	-1.584373e-01
1.000000002056605e-02	-1.584367e-01
1.000000003904114e-02	-1.584373e-01
1.000000007599130e-02	-1.584367e-01
1.000000014989163e-02	-1.584373e-01
1.000000029769228e-02	-1.584367e-01
1.000000059329359e-02	-1.584373e-01
1.000000118449621e-02	-1.584367e-01
1.000000236690145e-02	-1.584372e-01
1.000000473171193e-02	-1.584367e-01
1.000000946133288e-02	-1.584371e-01
1.000001768974453e-02	-1.584365e-01
1.000002963193180e-02	-1.584369e-01
1.000005351630633e-02	-1.584359e-01
1.000010099211722e-02	-1.584271e-01
1.000015399174585e-02	-1.584367e-01
1.000020605492801e-02	-1.584396e-01
1.000026204290272e-02	-1.584414e-01
1.000031701510436e-02	-1.584437e-01
1.000042695950766e-02	-1.584451e-01
1.000045444560848e-02	-1.584455e-01
1.000050941781013e-02	-1.584456e-01
1.000061936221343e-02	-1.584458e-01
1.000083925102003e-02	-1.584462e-01
1.000118355096460e-02	-1.584467e-01
1.000178014341608e-02	-1.584471e-01
1.000250495157335e-02	-1.584466e-01
1.000264196014571e-02	-1.584464e-01
1.000291597729044e-02	-1.584460e-01
1.000346401157991e-02	-1.584450e-01
1.000456008015883e-02	-1.584424e-01
1.000675221731669e-02	-1.583465e-01
1.000947219981180e-02	-1.579196e-01
1.001364843820815e-02	-1.559569e-01
1.001755033682126e-02	-1.411767e-01
1.002032578569307e-02	-1.293870e-01
1.002167795163884e-02	-1.271170e-01
1.002254909616907e-02	-1.267219e-01
1.002341866838804e-02	-1.264110e-01
1.002430851605936e-02	-1.263591e-01
1.002540613345165e-02	-1.262091e-01
1.002662233916394e-02	-1.262365e-01
1.002792091211630e-02	-1.261496e-01
1.003007300112240e-02	-1.262038e-01
1.003211722098293e-02	-1.261346e-01
1.003620566070400e-02	-1.261945e-01
1.004137179319014e-02	-1.261242e-01
1.005137179319014e-02	-1.261758e-01
1.006137179319014e-02	-1.260978e-01
1.007137179319014e-02	-1.261457e-01
1.008137179319014e-02	-1.260640e-01
1.009137179319014e-02	-1.261067e-01
1.010000000000000e-02	-1.260232e-01
1.010000000100000e-02	-1.260276e-01
1.010000001700000e-02	-1.260288e-01
1.010000004900000e-02	-1.260289e-01
1.010000011300000e-02	-1.260298e-01
1.010000024100000e-02	-1.260321e-01
1.010000049700000e-02	-1.260352e-01
1.010000100900000e-02	-1.260390e-01
1.010000203300000e-02	-1.260412e-01
1.010000408100000e-02	-1.260433e-01
1.010000817700000e-02	-1.260460e-01
1.010001636900000e-02	-1.260502e-01
1.010003275300001e-02	-1.260533e-01
1.010006552100002e-02	-1.260548e-01
1.010013105700003e-02	-1.260542e-01
1.010026212900006e-02	-1.260542e-01
1.010052427300013e-02	-1.260533e-01
1.010104856100025e-02	-1.260522e-01
1.010209713700050e-02	-1.260493e-01
1.010419428900100e-02	-1.260440e-01
1.010838859300201e-02	-1.260323e-01
1.011677720100402e-02	-1.260075e-01
1.012677720100402e-02	-1.259736e-01
1.013677720100402e-02	-1.259372e-01
1.014677720100401e-02	-1.260463e-01
1.015277249717158e-02	-1.281141e-01
1.015622030427478e-02	-1.334902e-01
1.015961392130058e-02	-1.411789e-01
1.016248218470478e-02	-1.477337e-01
1.016508545514827e-02	-1.535498e-01
1.017029199603526e-02	-1.651683e-01
1.018029199603526e-02	-1.867959e-01
1.019029199603526e-02	-2.064976e-01
1.020029199603526e-02	-2.127841e-01
1.021029199603526e-02	-2.153237e-01
1.022029199603526e-02	-2.187413e-01
1.023029199603526e-02	-2.293795e-01
1.024029199603526e-02	-2.433844e-01
1.025029199603526e-02	-2.609124e-01
1.026029199603526e-02	-2.807646e-01
1.027029199603526e-02	-3.031259e-01
1.028029199603526e-02	-3.267927e-01
1.029029199603526e-02	-3.518983e-01
1.030029199603526e-02	-3.770775e-01
1.031029199603526e-02	-4.020847e-01
1.032029199603526e-02	-4.244910e-01
1.033029199603526e-02	-4.393870e-01
1.034029199603526e-02	-4.332617e-01
1.035029199603526e-02	-4.257761e-01
1.036029199603526e-02	-4.169998e-01
1.037029199603526e-02	-4.050292e-01
1.038029199603526e-02	-3.579474e-01
1.039029199603526e-02	-2.912576e-01
1.040029199603526e-02	-2.319308e-01
1.041029199603526e-02	-1.397138e-01
1.042029199603526e-02	-5.249403e-02
1.043029199603526e-02	-5.712039e-03
1.044029199603526e-02	-7.651404e-06
1.045029199603526e-02	-1.072271e-05
1.046029199603526e-02	-8.229926e-06
1.047029199603526e-02	-1.159405e-05
1.048029199603526e-02	-8.206819e-06
1.049029199603526e-02	-1.154364e-05
1.050029199603526e-02	-8.134133e-06
1.051029199603526e-02	-1.149090e-05
1.052029199603526e-02	-8.058679e-06
1.053029199603526e-02	-1.143641e-05
1.054029199603526e-02	-7.983270e-06
1.055029199603526e-02	-1.138112e-05
1.056029199603526e-02	-7.908870e-06
1.057029199603526e-02	-1.132593e-05
1.058029199603526e-02	-7.836027e-06
1.059029199603526e-02	-1.127145e-05
1.060029199603526e-02	-7.765067e-06
1.061029199603526e-02	-1.121806e-05
1.062029199603526e-02	-7.696180e-06
1.063029199603526e-02	-1.116602e-05
1.064029199603526e-02	-7.616961e-06
1.065029199603526e-02	-1.109396e-05
1.066029199603526e-02	-7.531453e-06
1.067029199603526e-02	-1.102422e-05
1.068029199603526e-02	-7.448304e-06
1.069029199603526e-02	-1.095594e-05
1.070029199603526e-02	-7.367654e-06
1.071029199603526e-02	-1.088965e-05
1.072029199603526e-02	-7.290008e-06
1.073029199603526e-02	-1.082595e-05
1.074029199603526e-02	-7.215814e-06
1.075029199603526e-02	-1.076530e-05
1.076029199603526e-02	-7.145367e-06
1.077029199603526e-02	-1.070799e-05
1.078029199603526e-02	-7.078804e-06
1.079029199603526e-02	-1.065418e-05
1.080029199603526e-02	-7.016141e-06
1.081029199603526e-02	-1.060388e-05
1.082029199603526e-02	-6.957303e-06
1.083029199603526e-02	-1.055702e-05
1.084029199603526e-02	-6.902153e-06
1.085029199603526e-02	-1.051351e-05
1.086029199603526e-02	-6.850514e-06
1.087029199603526e-02	-1.047317e-05
1.088029199603526e-02	-6.802186e-06
1.089029199603526e-02	-1.043584e-05
1.090029199603526e-02	-6.756958e-06
1.091029199603526e-02	-1.040132e-05
1.092029199603526e-02	-6.714615e-06
1.093029199603526e-02	-1.036943e-05
1.094029199603526e-02	-6.674949e-06
1.095029199603526e-02	-1.033999e-05
1.096029199603526e-02	-6.637754e-06
1.097029199603526e-02	-1.031280e-05
1.098029199603526e-02	-6.602838e-06
1.099029199603526e-02	-1.028770e-05
1.100000000100000e-02	-6.570364e-06
1.100000000200000e-02	-2.163331e-05
1.100000001800000e-02	-4.754164e-05
1.100000005000000e-02	-6.679165e-06
1.100000011400000e-02	-2.852598e-05
1.100000024200000e-02	1.827703e-06
1.100000049800000e-02	-2.485341e-05
1.100000101000000e-02	3.263827e-06
1.100000203400000e-02	-2.275691e-05
1.100000408200000e-02	5.076986e-06
1.100000817800000e-02	-2.179839e-05
1.100001637000000e-02	5.061902e-06
1.100003275400001e-02	-2.187159e-05
1.100006552200002e-02	5.028682e-06
1.100013105800003e-02	-2.187540e-05
1.100026213000006e-02	5.029269e-06
1.100052427400013e-02	-2.187488e-05
1.100104856200025e-02	5.030337e-06
1.100209713800050e-02	-2.187271e-05
1.100419429000100e-02	5.034621e-06
1.100838859400201e-02	-2.186420e-05
1.101677720200402e-02	5.051334e-06
1.102677720200402e-02	-2.184035e-05
1.103677720200402e-02	5.076482e-06
1.104677720200402e-02	-2.181603e-05
1.105677720200402e-02	5.100019e-06
1.106677720200402e-02	-2.179324e-05
1.107677720200402e-02	5.122077e-06
1.108677720200402e-02	-2.177188e-05
1.109677720200402e-02	5.142779e-06
1.110677720200402e-02	-2.175181e-05
1.111677720200402e-02	5.162236e-06
1.112677720200402e-02	-2.173293e-05
1.113677720200402e-02	5.180552e-06
1.114677720200402e-02	-2.171515e-05
1.115677720200402e-02	5.197820e-06
1.116677720200402e-02	-2.169837e-05
1.117677720200402e-02	5.214126e-06
1.118677720200402e-02	-2.168251e-05
1.119677720200402e-02	5.229548e-06
1.120677720200402e-02	-2.166750e-05
1.121677720200402e-02	5.244156e-06
1.122677720200402e-02	-2.165327e-05
1.123677720200402e-02	5.258016e-06
1.124677720200402e-02	-2.163976e-05
1.125677720200402e-02	5.271185e-06
1.126677720200402e-02	-2.162692e-05
1.127677720200402e-02	5.283717e-06
1.128677720200402e-02	-2.161468e-05
1.129677720200402e-02	5.295659e-06
1.130677720200402e-02	-2.160302e-05
1.131677720200402e-02	5.307058e-06
1.132677720200402e-02	-2.159187e-05
1.133677720200402e-02	5.317950e-06
1.134677720200402e-02	-2.158122e-05
1.135677720200402e-02	5.328373e-06
1.136677720200402e-02	-2.157101e-05
1.137677720200402e-02	5.338361e-06
1.138677720200402e-02	-2.156123e-05
1.139677720200402e-02	5.347941e-06
1.140677720200402e-02	-2.155184e-05
1.141677720200402e-02	5.357142e-06
1.142677720200402e-02	-2.154282e-05
1.143677720200402e-02	5.365988e-06
1.144677720200402e-02	-2.153414e-05
1.145677720200402e-02	5.374501e-06
1.146677720200402e-02	-2.152578e-05
1.147677720200402e-02	5.382703e-06
1.148677720200402e-02	-2.151772e-05
1.149677720200402e-02	5.390610e-06
1.150677720200402e-02	-2.150996e-05
1.151677720200402e-02	5.398240e-06
1.152677720200402e-02	-2.150245e-05
1.153677720200402e-02	5.405608e-06
1.154677720200402e-02	-2.149521e-05
1.155677720200402e-02	5.412728e-06
1.156677720200402e-02	-2.148821e-05
1.157677720200402e-02	5.419612e-06
1.158677720200402e-02	-2.148143e-05
1.159677720200402e-02	5.426271e-06
1.160677720200402e-02	-2.147488e-05
1.161677720200402e-02	5.432717e-06
1.162677720200402e-02	-2.146853e-05
1.163677720200402e-02	5.438957e-06
1.164677720200402e-02	-2.146239e-05
1.165677720200402e-02	5.445001e-06
1.166677720200402e-02	-2.145644e-05
1.167677720200402e-02	5.450855e-06
1.168677720200402e-02	-2.145067e-05
1.169677720200402e-02	5.456526e-06
1.170677720200402e-02	-2.144509e-05
1.171677720200402e-02	5.462020e-06
1.172677720200402e-02	-2.143968e-05
1.173677720200402e-02	5.467342e-06
1.174677720200402e-02	-2.143444e-05
1.175677720200402e-02	5.472496e-06
1.176677720200402e-02	-2.142936e-05
1.177677720200402e-02	5.477484e-06
1.178677720200402e-02	-2.142445e-05
1.179677720200402e-02	5.482311e-06
1.180677720200402e-02	-2.141970e-05
1.181677720200402e-02	5.486979e-06
1.182677720200402e-02	-2.141511e-05
1.183677720200402e-02	5.491488e-06
1.184677720200402e-02	-2.141067e-05
1.185677720200402e-02	5.495839e-06
1.186677720200402e-02	-2.140640e-05
1.187677720200402e-02	5.500033e-06
1.188677720200402e-02	-2.140228e-05
1.189677720200402e-02	5.504068e-06
1.190677720200402e-02	-2.139832e-05
1.191677720200402e-02	5.507943e-06
1.192677720200402e-02	-2.139452e-05
1.193677720200402e-02	5.511656e-06
1.194677720200402e-02	-2.139089e-05
1.195677720200402e-02	5.515204e-06
1.196677720200402e-02	-2.138742e-05
1.197677720200402e-02	5.518582e-06
1.198677720200402e-02	-2.138412e-05
1.199677720200402e-02	5.521786e-06
1.200677720200402e-02	-2.138101e-05
1.201677720200402e-02	5.524809e-06
1.202677720200402e-02	-2.137807e-05
1.203677720200402e-02	5.527645e-06
1.204677720200402e-02	-2.137533e-05
1.205677720200402e-02	5.530286e-06
1.206677720200402e-02	-2.137278e-05
1.207677720200402e-02	5.532723e-06
1.208677720200402e-02	-2.137045e-05
1.209677720200402e-02	5.534946e-06
1.210677720200402e-02	-2.136833e-05
1.211677720200402e-02	5.536943e-06
1.212677720200402e-02	-2.136645e-05
1.213677720200402e-02	5.538705e-06
1.214677720200402e-02	-2.136480e-05
1.215677720200402e-02	5.540221e-06
1.216677720200402e-02	-2.136341e-05
1.217677720200402e-02	5.541481e-06
1.218677720200402e-02	-2.136228e-05
1.219677720200402e-02	5.542479e-06
1.220677720200402e-02	-2.136141e-05
1.221677720200402e-02	5.543214e-06
1.222677720200402e-02	-2.136079e-05
1.223677720200402e-02	5.543692e-06
1.224677720200402e-02	-2.136044e-05
1.225677720200402e-02	5.543928e-06
1.226677720200402e-02	-2.136031e-05
1.227677720200402e-02	5.543946e-06
1.228677720200402e-02	-2.136038e-05
1.229677720200402e-02	5.543780e-06
1.230677720200402e-02	-2.136062e-05
1.231677720200402e-02	5.543467e-06
1.232677720200402e-02	-2.136099e-05
1.233677720200402e-02	5.543041e-06
1.234677720200402e-02	-2.136146e-05
1.235677720200402e-02	5.542523e-06
1.236677720200402e-02	-2.136201e-05
1.237677720200402e-02	5.541920e-06
1.238677720200402e-02	-2.136266e-05
1.239677720200402e-02	5.541221e-06
1.240677720200402e-02	-2.136340e-05
1.241677720200402e-02	5.540403e-06
1.242677720200402e-02	-2.136429e-05
1.243677720200402e-02	5.539433e-06
1.244677720200402e-02	-2.136534e-05
1.245677720200402e-02	5.538280e-06
1.246677720200402e-02	-2.136659e-05
1.247677720200402e-02	5.536913e-06
1.248677720200402e-02	-2.136807e-05
1.249677720200402e-02	5.535305e-06
1.250677720200402e-02	-2.136980e-05
1.251677720200402e-02	5.533439e-06
1.252677720200402e-02	-2.137180e-05
1.253677720200402e-02	5.531300e-06
1.254677720200402e-02	-2.137407e-05
1.255677720200402e-02	5.528882e-06
1.256677720200402e-02	-2.137662e-05
1.257677720200402e-02	5.526182e-06
1.258677720200402e-02	-2.137946e-05
1.259677720200402e-02	5.523202e-06
1.260677720200402e-02	-2.138257e-05
1.261677720200402e-02	5.519948e-06
1.262677720200402e-02	-2.138595e-05
1.263677720200402e-02	5.516427e-06
1.264677720200402e-02	-2.138960e-05
1.265677720200402e-02	5.512653e-06
1.266677720200402e-02	-2.139349e-05
1.267677720200402e-02	5.508638e-06
1.268677720200402e-02	-2.139761e-05
1.269677720200402e-02	5.504399e-06
1.270677720200402e-02	-2.140195e-05
1.271677720200402e-02	5.499953e-06
1.272677720200402e-02	-2.140649e-05
1.273677720200402e-02	5.495318e-06
1.274677720200402e-02	-2.141120e-05
1.275677720200402e-02	5.490513e-06
1.276677720200402e-02	-2.141608e-05
1.277677720200402e-02	5.485560e-06
1.278677720200402e-02	-2.142109e-05
1.279677720200402e-02	5.480480e-06
1.280677720200402e-02	-2.142622e-05
1.281677720200402e-02	5.475294e-06
1.282677720200402e-02	-2.143145e-05
1.283677720200402e-02	5.470023e-06
1.284677720200402e-02	-2.143675e-05
1.285677720200402e-02	5.464688e-06
1.286677720200402e-02	-2.144210e-05
1.287677720200402e-02	5.459312e-06
1.288677720200402e-02	-2.144748e-05
1.289677720200402e-02	5.453913e-06
1.290677720200402e-02	-2.145288e-05
1.291677720200402e-02	5.448513e-06
1.292677720200402e-02	-2.145827e-05
1.293677720200402e-02	5.443128e-06
1.294677720200402e-02	-2.146363e-05
1.295677720200402e-02	5.437778e-06
1.296677720200402e-02	-2.146895e-05
1.297677720200402e-02	5.432479e-06
1.298677720200402e-02	-2.147421e-05
1.299677720200402e-02	5.427247e-06
1.300677720200402e-02	-2.147940e-05
1.301677720200402e-02	5.422095e-06
1.302677720200402e-02	-2.148450e-05
1.303677720200402e-02	5.417036e-06
1.304677720200402e-02	-2.148950e-05
1.305677720200402e-02	5.412083e-06
1.306677720200402e-02	-2.149439e-05
1.307677720200402e-02	5.407245e-06
1.308677720200402e-02	-2.149916e-05
1.309677720200402e-02	5.402530e-06
1.310677720200402e-02	-2.150381e-05
1.311677720200402e-02	5.397947e-06
1.312677720200402e-02	-2.150832e-05
1.313677720200402e-02	5.393502e-06
1.314677720200402e-02	-2.151269e-05
1.315677720200402e-02	5.389199e-06
1.316677720200402e-02	-2.151691e-05
1.317677720200402e-02	5.385041e-06
1.318677720200402e-02	-2.152099e-05
1.319677720200402e-02	5.381033e-06
1.320677720200402e-02	-2.152491e-05
1.321677720200402e-02	5.377176e-06
1.322677720200402e-02	-2.152869e-05
1.323677720200402e-02	5.373469e-06
1.324677720200402e-02	-2.153231e-05
1.325677720200402e-02	5.369914e-06
1.326677720200402e-02	-2.153579e-05
1.327677720200402e-02	5.366509e-06
1.328677720200402e-02	-2.153911e-05
1.329677720200402e-02	5.363253e-06
1.330677720200402e-02	-2.154229e-05
1.331677720200402e-02	5.360143e-06
1.332677720200402e-02	-2.154532e-05
1.333677720200402e-02	5.357177e-06
1.334677720200402e-02	-2.154821e-05
1.335677720200402e-02	5.354352e-06
1.336677720200402e-02	-2.155096e-05
1.337677720200402e-02	5.351665e-06
1.338677720200402e-02	-2.155357e-05
1.339677720200402e-02	5.349111e-06
1.340677720200402e-02	-2.155605e-05
1.341677720200402e-02	5.346686e-06
1.342677720200402e-02	-2.155841e-05
1.343677720200402e-02	5.344386e-06
1.344677720200402e-02	-2.156064e-05
1.345677720200402e-02	5.342208e-06
1.346677720200402e-02	-2.156275e-05
1.347677720200402e-02	5.340145e-06
1.348677720200402e-02	-2.156475e-05
1.349677720200402e-02	5.338195e-06
1.350677720200402e-02	-2.156664e-05
1.351677720200402e-02	5.336351e-06
1.352677720200402e-02	-2.156843e-05
1.353677720200402e-02	5.334609e-06
1.354677720200402e-02	-2.157011e-05
1.355677720200401e-02	5.332966e-06
1.356677720200402e-02	-2.157170e-05
1.357677720200402e-02	5.331416e-06
1.358677720200402e-02	-2.157320e-05
1.359677720200402e-02	5.329955e-06
1.360677720200402e-02	-2.157461e-05
1.361677720200402e-02	5.328579e-06
1.362677720200402e-02	-2.157594e-05
1.363677720200402e-02	5.327284e-06
1.364677720200402e-02	-2.157719e-05
1.365677720200402e-02	5.326065e-06
1.366677720200402e-02	-2.157837e-05
1.367677720200402e-02	5.324918e-06
1.368677720200402e-02	-2.157947e-05
1.369677720200402e-02	5.323840e-06
1.370677720200402e-02	-2.158051e-05
1.371677720200402e-02	5.322827e-06
1.372677720200401e-02	-2.158149e-05
1.373677720200402e-02	5.321875e-06
1.374677720200402e-02	-2.158240e-05
1.375677720200402e-02	5.320981e-06
1.376677720200402e-02	-2.158326e-05
1.377677720200402e-02	5.320142e-06
1.378677720200402e-02	-2.158407e-05
1.379677720200402e-02	5.319355e-06
1.380677720200402e-02	-2.158482e-05
1.381677720200402e-02	5.318617e-06
1.382677720200402e-02	-2.158553e-05
1.383677720200402e-02	5.317924e-06
1.384677720200402e-02	-2.158620e-05
1.385677720200402e-02	5.317274e-06
1.386677720200402e-02	-2.158682e-05
1.387677720200402e-02	5.316666e-06
1.388677720200402e-02	-2.158740e-05
1.389677720200401e-02	5.316095e-06
1.390677720200402e-02	-2.158795e-05
1.391677720200402e-02	5.315561e-06
1.392677720200402e-02	-2.158846e-05
1.393677720200402e-02	5.315060e-06
1.394677720200402e-02	-2.158893e-05
1.395677720200402e-02	5.314591e-06
1.396677720200402e-02	-2.158938e-05
1.397677720200402e-02	5.314152e-06
1.398677720200402e-02	-2.158980e-05
1.399677720200402e-02	5.313741e-06
1.400677720200402e-02	-2.159019e-05
1.401677720200402e-02	5.313355e-06
1.402677720200402e-02	-2.159056e-05
1.403677720200402e-02	5.312995e-06
1.404677720200402e-02	-2.159090e-05
1.405677720200402e-02	5.312657e-06
1.406677720200402e-02	-2.159122e-05
1.407677720200402e-02	5.312342e-06
1.408677720200402e-02	-2.159152e-05
1.409677720200402e-02	5.312046e-06
1.410677720200402e-02	-2.159180e-05
1.411677720200402e-02	5.311770e-06
1.412677720200402e-02	-2.159206e-05
1.413677720200402e-02	5.311511e-06
1.414677720200402e-02	-2.159230e-05
1.415677720200402e-02	5.311269e-06
1.416677720200402e-02	-2.159253e-05
1.417677720200402e-02	5.311043e-06
1.418677720200402e-02	-2.159274e-05
1.419677720200401e-02	5.310831e-06
1.420677720200402e-02	-2.159294e-05
1.421677720200402e-02	5.310632e-06
1.422677720200402e-02	-2.159312e-05
1.423677720200402e-02	5.310447e-06
1.424677720200402e-02	-2.159329e-05
1.425677720200402e-02	5.310274e-06
1.426677720200402e-02	-2.159345e-05
1.427677720200402e-02	5.310112e-06
1.428677720200402e-02	-2.159360e-05
1.429677720200402e-02	5.309960e-06
1.430677720200402e-02	-2.159374e-05
1.431677720200402e-02	5.309818e-06
1.432677720200402e-02	-2.159387e-05
1.433677720200402e-02	5.309685e-06
1.434677720200402e-02	-2.159399e-05
1.435677720200402e-02	5.309560e-06
1.436677720200401e-02	-2.159411e-05
1.437677720200402e-02	5.309444e-06
1.438677720200402e-02	-2.159421e-05
1.439677720200402e-02	5.309335e-06
1.440677720200402e-02	-2.159431e-05
1.441677720200402e-02	5.309234e-06
1.442677720200402e-02	-2.159440e-05
1.443677720200402e-02	5.309138e-06
1.444677720200402e-02	-2.159449e-05
1.445677720200402e-02	5.309049e-06
1.446677720200402e-02	-2.159457e-05
1.447677720200402e-02	5.308966e-06
1.448677720200402e-02	-2.159464e-05
1.449677720200402e-02	5.308887e-06
1.450677720200402e-02	-2.159471e-05
1.451677720200402e-02	5.308814e-06
1.452677720200402e-02	-2.159477e-05
1.453677720200401e-02	5.308746e-06
1.454677720200402e-02	-2.159483e-05
1.455677720200402e-02	5.308682e-06
1.456677720200402e-02	-2.159489e-05
1.457677720200402e-02	5.308621e-06
1.458677720200402e-02	-2.159494e-05
1.459677720200402e-02	5.308565e-06
1.460677720200402e-02	-2.159498e-05
1.461677720200402e-02	5.308512e-06
1.462677720200402e-02	-2.159503e-05
1.463677720200402e-02	5.308463e-06
1.464677720200402e-02	-2.159507e-05
1.465677720200402e-02	5.308416e-06
1.466677720200402e-02	-2.159511e-05
1.467677720200402e-02	5.308373e-06
1.468677720200402e-02	-2.159514e-05
1.469677720200402e-02	5.308332e-06
1.470677720200401e-02	-2.159517e-05
1.471677720200402e-02	5.308294e-06
1.472677720200402e-02	-2.159520e-05
1.473677720200402e-02	5.308258e-06
1.474677720200402e-02	-2.159523e-05
1.475677720200402e-02	5.308224e-06
1.476677720200402e-02	-2.159526e-05
1.477677720200402e-02	5.308192e-06
1.478677720200402e-02	-2.159528e-05
1.479677720200402e-02	5.308162e-06
1.480677720200402e-02	-2.159530e-05
1.481677720200402e-02	5.308134e-06
1.482677720200402e-02	-2.159532e-05
1.483677720200401e-02	5.308108e-06
1.484677720200402e-02	-2.159534e-05
1.485677720200402e-02	5.308083e-06
1.486677720200402e-02	-2.159536e-05
1.487677720200401e-02	5.308059e-06
1.488677720200402e-02	-2.159537e-05
1.489677720200402e-02	5.308037e-06
1.490677720200402e-02	-2.159538e-05
1.491677720200402e-02	5.308016e-06
1.492677720200402e-02	-2.159540e-05
1.493677720200402e-02	5.307997e-06
1.494677720200402e-02	-2.159541e-05
1.495677720200402e-02	5.307978e-06
1.496677720200402e-02	-2.159542e-05
1.497677720200402e-02	5.307961e-06
1.498677720200402e-02	-2.159543e-05
1.499677720200402e-02	5.307944e-06
1.500677720200401e-02	-2.159544e-05
1.501677720200402e-02	5.307928e-06
1.502677720200402e-02	-2.159544e-05
1.503677720200402e-02	5.307913e-06
1.504677720200401e-02	-2.159545e-05
1.505677720200402e-02	5.307899e-06
1.506677720200402e-02	-2.159546e-05
1.507677720200402e-02	5.307886e-06
1.508677720200402e-02	-2.159546e-05
1.509677720200402e-02	5.307873e-06
1.510677720200402e-02	-2.159547e-05
1.511677720200402e-02	5.307861e-06
1.512677720200402e-02	-2.159547e-05
1.513677720200402e-02	5.307849e-06
1.514677720200402e-02	-2.159548e-05
1.515677720200402e-02	5.307838e-06
1.516677720200402e-02	-2.159548e-05
1.517677720200401e-02	5.307827e-06
1.518677720200402e-02	-2.159548e-05
1.519677720200402e-02	5.307817e-06
1.520677720200402e-02	-2.159548e-05
1.521677720200401e-02	5.307808e-06
1.522677720200402e-02	-2.159548e-05
1.523677720200402e-02	5.307798e-06
1.524677720200402e-02	-2.159549e-05
1.525677720200402e-02	5.307790e-06
1.526677720200402e-02	-2.159549e-05
1.527677720200402e-02	5.307781e-06
1.528677720200402e-02	-2.159549e-05
1.529677720200402e-02	5.307773e-06
1.530677720200402e-02	-2.159549e-05
1.531677720200402e-02	5.307765e-06
1.532677720200402e-02	-2.159549e-05
1.533677720200402e-02	5.307757e-06
1.534677720200401e-02	-2.159549e-05
1.535677720200402e-02	5.307750e-06
1.536677720200402e-02	-2.159549e-05
1.537677720200402e-02	5.307743e-06
1.538677720200401e-02	-2.159549e-05
1.539677720200402e-02	5.307736e-06
1.540677720200402e-02	-2.159548e-05
1.541677720200402e-02	5.307730e-06
1.542677720200402e-02	-2.159548e-05
1.543677720200402e-02	5.307723e-06
1.544677720200402e-02	-2.159548e-05
1.545677720200402e-02	5.307717e-06
1.546677720200402e-02	-2.159548e-05
1.547677720200401e-02	5.307711e-06
1.548677720200402e-02	-2.159548e-05
1.549677720200402e-02	5.307705e-06
1.550677720200402e-02	-2.159548e-05
1.551677720200401e-02	5.307699e-06
1.552677720200402e-02	-2.159547e-05
1.553677720200402e-02	5.307693e-06
1.554677720200402e-02	-2.159547e-05
1.555677720200402e-02	5.307688e-06
1.556677720200402e-02	-2.159547e-05
1.557677720200402e-02	5.307682e-06
1.558677720200402e-02	-2.159547e-05
1.559677720200402e-02	5.307677e-06
1.560677720200402e-02	-2.159546e-05
1.561677720200402e-02	5.307671e-06
1.562677720200402e-02	-2.159546e-05
1.563677720200402e-02	5.307666e-06
1.564677720200401e-02	-2.159546e-05
1.565677720200401e-02	5.307661e-06
1.566677720200401e-02	-2.159545e-05
1.567677720200402e-02	5.307656e-06
1.568677720200402e-02	-2.159545e-05
1.569677720200402e-02	5.307651e-06
1.570677720200402e-02	-2.159545e-05
1.571677720200402e-02	5.307647e-06
1.572677720200402e-02	-2.159544e-05
1.573677720200401e-02	5.307642e-06
1.574677720200401e-02	-2.159544e-05
1.575677720200402e-02	5.307637e-06
1.576677720200402e-02	-2.159544e-05
1.577677720200402e-02	5.307632e-06
1.578677720200402e-02	-2.159543e-05
1.579677720200402e-02	5.307628e-06
1.580677720200402e-02	-2.159543e-05
1.581677720200401e-02	5.307623e-06
1.582677720200401e-02	-2.159543e-05
1.583677720200401e-02	5.307619e-06
1.584677720200402e-02	-2.159542e-05
1.585677720200402e-02	5.307614e-06
1.586677720200402e-02	-2.159542e-05
1.587677720200402e-02	5.307610e-06
1.588677720200402e-02	-2.159542e-05
1.589677720200402e-02	5.307606e-06
1.590677720200401e-02	-2.159541e-05
1.591677720200401e-02	5.307601e-06
1.592677720200402e-02	-2.159541e-05
1.593677720200402e-02	5.307596e-06
1.594677720200402e-02	-2.159540e-05
1.595677720200402e-02	5.307592e-06
1.596677720200402e-02	-2.159540e-05
1.597677720200402e-02	5.307588e-06
1.598677720200401e-02	-2.159540e-05
1.599677720200401e-02	5.307584e-06
1.600677720200401e-02	-2.159539e-05
1.601677720200402e-02	5.307579e-06
1.602677720200402e-02	-2.159539e-05
1.603677720200402e-02	5.307575e-06
1.604677720200402e-02	-2.159538e-05
1.605677720200402e-02	5.307571e-06
1.606677720200402e-02	-2.159538e-05
1.607677720200401e-02	5.307566e-06
1.608677720200401e-02	-2.159538e-05
1.609677720200402e-02	5.307562e-06
1.610677720200402e-02	-2.159537e-05
1.611677720200402e-02	5.307558e-06
1.612677720200402e-02	-2.159537e-05
1.613677720200402e-02	5.307554e-06
1.614677720200402e-02	-2.159536e-05
1.615677720200401e-02	5.307549e-06
1.616677720200401e-02	-2.159536e-05
1.617677720200401e-02	5.307545e-06
1.618677720200402e-02	-2.159536e-05
1.619677720200402e-02	5.307541e-06
1.620677720200402e-02	-2.159535e-05
1.621677720200402e-02	5.307536e-06
1.622677720200402e-02	-2.159535e-05
1.623677720200402e-02	5.307532e-06
1.624677720200401e-02	-2.159534e-05
1.625677720200401e-02	5.307528e-06
1.626677720200402e-02	-2.159534e-05
1.627677720200402e-02	5.307524e-06
1.628677720200402e-02	-2.159534e-05
1.629677720200402e-02	5.307520e-06
1.630677720200402e-02	-2.159533e-05
1.631677720200402e-02	5.307515e-06
1.632677720200401e-02	-2.159533e-05
1.633677720200401e-02	5.307511e-06
1.634677720200401e-02	-2.159532e-05
1.635677720200402e-02	5.307507e-06
1.636677720200402e-02	-2.159532e-05
1.637677720200402e-02	5.307503e-06
1.638677720200402e-02	-2.159531e-05
1.639677720200402e-02	5.307498e-06
1.640677720200402e-02	-2.159531e-05
1.641677720200401e-02	5.307494e-06
1.642677720200401e-02	-2.159530e-05
1.643677720200401e-02	5.307490e-06
1.644677720200402e-02	-2.159530e-05
1.645677720200402e-02	5.307485e-06
1.646677720200402e-02	-2.159530e-05
1.647677720200402e-02	5.307481e-06
1.648677720200402e-02	-2.159529e-05
1.649677720200401e-02	5.307477e-06
1.650677720200401e-02	-2.159529e-05
1.651677720200401e-02	5.307473e-06
1.652677720200402e-02	-2.159528e-05
1.653677720200402e-02	5.307469e-06
1.654677720200402e-02	-2.159528e-05
1.655677720200402e-02	5.307464e-06
1.656677720200402e-02	-2.159527e-05
1.657677720200402e-02	5.307460e-06
1.658677720200401e-02	-2.159527e-05
1.659677720200401e-02	5.307456e-06
1.660677720200401e-02	-2.159526e-05
1.661677720200402e-02	5.307451e-06
1.662677720200402e-02	-2.159526e-05
1.663677720200402e-02	5.307447e-06
1.664677720200402e-02	-2.159526e-05
1.665677720200402e-02	5.307443e-06
1.666677720200401e-02	-2.159525e-05
1.667677720200401e-02	5.307439e-06
1.668677720200401e-02	-2.159525e-05
1.669677720200402e-02	5.307434e-06
1.670677720200402e-02	-2.159524e-05
1.671677720200402e-02	5.307430e-06
1.672677720200402e-02	-2.159524e-05
1.673677720200402e-02	5.307425e-06
1.674677720200402e-02	-2.159523e-05
1.675677720200401e-02	5.307421e-06
1.676677720200401e-02	-2.159523e-05
1.677677720200401e-02	5.307417e-06
1.678677720200402e-02	-2.159522e-05
1.679677720200402e-02	5.307413e-06
1.680677720200402e-02	-2.159522e-05
1.681677720200402e-02	5.307408e-06
1.682677720200402e-02	-2.159522e-05
1.683677720200401e-02	5.307404e-06
1.684677720200401e-02	-2.159521e-05
1.685677720200401e-02	5.307400e-06
1.686677720200402e-02	-2.159521e-05
1.687677720200402e-02	5.307395e-06
1.688677720200402e-02	-2.159520e-05
1.689677720200402e-02	5.307391e-06
1.690677720200402e-02	-2.159520e-05
1.691677720200402e-02	5.307386e-06
1.692677720200401e-02	-2.159519e-05
1.693677720200401e-02	5.307382e-06
1.694677720200401e-02	-2.159519e-05
1.695677720200402e-02	5.307378e-06
1.696677720200402e-02	-2.159518e-05
1.697677720200402e-02	5.307373e-06
1.698677720200402e-02	-2.159518e-05
1.699677720200402e-02	5.307369e-06
1.700677720200401e-02	-2.159517e-05
1.701677720200401e-02	5.307364e-06
1.702677720200401e-02	-2.159517e-05
1.703677720200402e-02	5.307360e-06
1.704677720200402e-02	-2.159517e-05
1.705677720200402e-02	5.307355e-06
1.706677720200402e-02	-2.159516e-05
1.707677720200402e-02	5.307351e-06
1.708677720200402e-02	-2.159516e-05
1.709677720200401e-02	5.307346e-06
1.710677720200401e-02	-2.159515e-05
1.711677720200401e-02	5.307342e-06
1.712677720200402e-02	-2.159515e-05
1.713677720200402e-02	5.307338e-06
1.714677720200402e-02	-2.159514e-05
1.715677720200402e-02	5.307333e-06
1.716677720200402e-02	-2.159514e-05
1.717677720200401e-02	5.307329e-06
1.718677720200401e-02	-2.159513e-05
1.719677720200401e-02	5.307324e-06
1.720677720200402e-02	-2.159513e-05
1.721677720200402e-02	5.307319e-06
1.722677720200402e-02	-2.159513e-05
1.723677720200402e-02	5.307315e-06
1.724677720200402e-02	-2.159512e-05
1.725677720200402e-02	5.307311e-06
1.726677720200401e-02	-2.159512e-05
1.727677720200401e-02	5.307306e-06
1.728677720200401e-02	-2.159511e-05
1.729677720200402e-02	5.307302e-06
1.730677720200402e-02	-2.159511e-05
1.731677720200402e-02	5.307297e-06
1.732677720200402e-02	-2.159510e-05
1.733677720200402e-02	5.307293e-06
1.734677720200401e-02	-2.159510e-05
1.735677720200401e-02	5.307288e-06
1.736677720200401e-02	-2.159509e-05
1.737677720200402e-02	5.307284e-06
1.738677720200402e-02	-2.159509e-05
1.739677720200402e-02	5.307279e-06
1.740677720200402e-02	-2.159508e-05
1.741677720200402e-02	5.307274e-06
1.742677720200402e-02	-2.159508e-05
1.743677720200401e-02	5.307270e-06
1.744677720200401e-02	-2.159507e-05
1.745677720200401e-02	5.307265e-06
1.746677720200402e-02	-2.159507e-05
1.747677720200402e-02	5.307261e-06
1.748677720200402e-02	-2.159507e-05
1.749677720200402e-02	5.307256e-06
1.750677720200402e-02	-2.159506e-05
1.751677720200401e-02	5.307251e-06
1.752677720200401e-02	-2.159506e-05
1.753677720200401e-02	5.307247e-06
1.754677720200402e-02	-2.159505e-05
1.755677720200402e-02	5.307242e-06
1.756677720200402e-02	-2.159505e-05
1.757677720200402e-02	5.307238e-06
1.758677720200402e-02	-2.159504e-05
1.759677720200402e-02	5.307233e-06
1.760677720200401e-02	-2.159504e-05
1.761677720200401e-02	5.307229e-06
1.762677720200401e-02	-2.159503e-05
1.763677720200402e-02	5.307224e-06
1.764677720200402e-02	-2.159503e-05
1.765677720200402e-02	5.307219e-06
1.766677720200402e-02	-2.159502e-05
1.767677720200402e-02	5.307214e-06
1.768677720200401e-02	-2.159502e-05
1.769677720200401e-02	5.307210e-06
1.770677720200401e-02	-2.159501e-05
1.771677720200401e-02	5.307205e-06
1.772677720200402e-02	-2.159501e-05
1.773677720200402e-02	5.307200e-06
1.774677720200402e-02	-2.159500e-05
1.775677720200402e-02	5.307196e-06
1.776677720200402e-02	-2.159500e-05
1.777677720200401e-02	5.307191e-06
1.778677720200401e-02	-2.159499e-05
1.779677720200401e-02	5.307186e-06
1.780677720200402e-02	-2.159499e-05
1.781677720200402e-02	5.307182e-06
1.782677720200402e-02	-2.159499e-05
1.783677720200402e-02	5.307177e-06
1.784677720200402e-02	-2.159498e-05
1.785677720200401e-02	5.307172e-06
1.786677720200401e-02	-2.159498e-05
1.787677720200401e-02	5.307168e-06
1.788677720200401e-02	-2.159497e-05
1.789677720200402e-02	5.307163e-06
1.790677720200402e-02	-2.159497e-05
1.791677720200402e-02	5.307158e-06
1.792677720200402e-02	-2.159496e-05
1.793677720200402e-02	5.307154e-06
1.794677720200401e-02	-2.159496e-05
1.795677720200401e-02	5.307149e-06
1.796677720200401e-02	-2.159495e-05
1.797677720200402e-02	5.307144e-06
1.798677720200402e-02	-2.159495e-05
1.799677720200402e-02	5.307139e-06
1.800677720200402e-02	-2.159494e-05
1.801677720200402e-02	5.307134e-06
1.802677720200401e-02	-2.159494e-05
1.803677720200401e-02	5.307130e-06
1.804677720200401e-02	-2.159493e-05
1.805677720200401e-02	5.307125e-06
1.806677720200402e-02	-2.159493e-05
1.807677720200402e-02	5.307120e-06
1.808677720200402e-02	-2.159492e-05
1.809677720200402e-02	5.307115e-06
1.810677720200402e-02	-2.159492e-05
1.811677720200401e-02	5.307111e-06
1.812677720200401e-02	-2.159491e-05
1.813677720200401e-02	5.307106e-06
1.814677720200402e-02	-2.159491e-05
1.815677720200402e-02	5.307101e-06
1.816677720200402e-02	-2.159490e-05
1.817677720200402e-02	5.307096e-06
1.818677720200402e-02	-2.159490e-05
1.819677720200401e-02	5.307092e-06
1.820677720200401e-02	-2.159489e-05
1.821677720200401e-02	5.307087e-06
1.822677720200401e-02	-2.159489e-05
1.823677720200402e-02	5.307082e-06
1.824677720200402e-02	-2.159489e-05
1.825677720200402e-02	5.307077e-06
1.826677720200402e-02	-2.159488e-05
1.827677720200402e-02	5.307072e-06
1.828677720200401e-02	-2.159488e-05
1.829677720200401e-02	5.307068e-06
1.830677720200401e-02	-2.159487e-05
1.831677720200402e-02	5.307063e-06
1.832677720200402e-02	-2.159487e-05
1.833677720200402e-02	5.307058e-06
1.834677720200402e-02	-2.159486e-05
1.835677720200402e-02	5.307053e-06
1.836677720200402e-02	-2.159486e-05
1.837677720200401e-02	5.307048e-06
1.838677720200401e-02	-2.159485e-05
1.839677720200401e-02	5.307043e-06
1.840677720200402e-02	-2.159485e-05
1.841677720200402e-02	5.307038e-06
1.842677720200402e-02	-2.159484e-05
1.843677720200402e-02	5.307033e-06
1.844677720200402e-02	-2.159484e-05
1.845677720200401e-02	5.307028e-06
1.846677720200401e-02	-2.159483e-05
1.847677720200401e-02	5.307023e-06
1.848677720200402e-02	-2.159483e-05
1.849677720200402e-02	5.307019e-06
1.850677720200402e-02	-2.159482e-05
1.851677720200402e-02	5.307014e-06
1.852677720200402e-02	-2.159482e-05
1.853677720200402e-02	5.307009e-06
1.854677720200401e-02	-2.159481e-05
1.855677720200401e-02	5.307004e-06
1.856677720200401e-02	-2.159481e-05
1.857677720200402e-02	5.306999e-06
1.858677720200402e-02	-2.159480e-05
1.859677720200402e-02	5.306994e-06
1.860677720200402e-02	-2.159480e-05
1.861677720200402e-02	5.306989e-06
1.862677720200401e-02	-2.159479e-05
1.863677720200401e-02	5.306984e-06
1.864677720200401e-02	-2.159479e-05
1.865677720200402e-02	5.306979e-06
1.866677720200402e-02	-2.159478e-05
1.867677720200402e-02	5.306974e-06
1.868677720200402e-02	-2.159478e-05
1.869677720200402e-02	5.306969e-06
1.870677720200402e-02	-2.159477e-05
1.871677720200401e-02	5.306964e-06
1.872677720200401e-02	-2.159477e-05
1.873677720200401e-02	5.306960e-06
1.874677720200402e-02	-2.159476e-05
1.875677720200402e-02	5.306955e-06
1.876677720200402e-02	-2.159476e-05
1.877677720200402e-02	5.306950e-06
1.878677720200402e-02	-2.159475e-05
1.879677720200401e-02	5.306945e-06
1.880677720200401e-02	-2.159475e-05
1.881677720200401e-02	5.306940e-06
1.882677720200402e-02	-2.159474e-05
1.883677720200402e-02	5.306935e-06
1.884677720200402e-02	-2.159474e-05
1.885677720200402e-02	5.306930e-06
1.886677720200402e-02	-2.159473e-05
1.887677720200402e-02	5.306925e-06
1.888677720200401e-02	-2.159473e-05
1.889677720200401e-02	5.306920e-06
1.890677720200401e-02	-2.159472e-05
1.891677720200402e-02	5.306915e-06
1.892677720200402e-02	-2.159472e-05
1.893677720200402e-02	5.306910e-06
1.894677720200402e-02	-2.159471e-05
1.895677720200402e-02	5.306905e-06
1.896677720200401e-02	-2.159471e-05
1.897677720200401e-02	5.306900e-06
1.898677720200401e-02	-2.159470e-05
1.899677720200401e-02	5.306895e-06
1.900677720200402e-02	-2.159470e-05
1.901677720200402e-02	5.306890e-06
1.902677720200402e-02	-2.159469e-05
1.903677720200402e-02	5.306884e-06
1.904677720200402e-02	-2.159469e-05
1.905677720200401e-02	5.306879e-06
1.906677720200401e-02	-2.159468e-05
1.907677720200401e-02	5.306874e-06
1.908677720200402e-02	-2.159468e-05
1.909677720200402e-02	5.306869e-06
1.910677720200402e-02	-2.159467e-05
1.911677720200402e-02	5.306864e-06
1.912677720200402e-02	-2.159467e-05
1.913677720200401e-02	5.306859e-06
1.914677720200401e-02	-2.159466e-05
1.915677720200401e-02	5.306854e-06
1.916677720200401e-02	-2.159466e-05
1.917677720200402e-02	5.306849e-06
1.918677720200402e-02	-2.159465e-05
1.919677720200402e-02	5.306844e-06
1.920677720200402e-02	-2.159465e-05
1.921677720200402e-02	5.306839e-06
1.922677720200401e-02	-2.159464e-05
1.923677720200401e-02	5.306834e-06
1.924677720200401e-02	-2.159464e-05
1.925677720200402e-02	5.306829e-06
1.926677720200402e-02	-2.159463e-05
1.927677720200402e-02	5.306823e-06
1.928677720200402e-02	-2.159463e-05
1.929677720200402e-02	5.306818e-06
1.930677720200401e-02	-2.159462e-05
1.931677720200401e-02	5.306813e-06
1.932677720200401e-02	-2.159462e-05
1.933677720200401e-02	5.306808e-06
1.934677720200402e-02	-2.159461e-05
1.935677720200402e-02	5.306803e-06
1.936677720200402e-02	-2.159461e-05
1.937677720200402e-02	5.306798e-06
1.938677720200402e-02	-2.159460e-05
1.939677720200401e-02	5.306793e-06
1.940677720200401e-02	-2.159460e-05
1.941677720200401e-02	5.306787e-06
1.942677720200402e-02	-2.159459e-05
1.943677720200402e-02	5.306782e-06
1.944677720200402e-02	-2.159459e-05
1.945677720200402e-02	5.306777e-06
1.946677720200402e-02	-2.159458e-05
1.947677720200401e-02	5.306772e-06
1.948677720200401e-02	-2.159457e-05
1.949677720200401e-02	5.306767e-06
1.950677720200401e-02	-2.159457e-05
1.951677720200402e-02	5.306762e-06
1.952677720200402e-02	-2.159456e-05
1.953677720200402e-02	5.306757e-06
1.954677720200402e-02	-2.159456e-05
1.955677720200402e-02	5.306752e-06
1.956677720200401e-02	-2.159455e-05
1.957677720200401e-02	5.306747e-06
1.958677720200401e-02	-2.159455e-05
1.959677720200402e-02	5.306741e-06
1.960677720200402e-02	-2.159454e-05
1.961677720200402e-02	5.306736e-06
1.962677720200402e-02	-2.159454e-05
1.963677720200402e-02	5.306731e-06
1.964677720200401e-02	-2.159453e-05
1.965677720200401e-02	5.306726e-06
1.966677720200401e-02	-2.159453e-05
1.967677720200401e-02	5.306720e-06
1.968677720200402e-02	-2.159452e-05
1.969677720200402e-02	5.306715e-06
1.970677720200402e-02	-2.159452e-05
1.971677720200402e-02	5.306710e-06
1.972677720200402e-02	-2.159451e-05
1.973677720200401e-02	5.306705e-06
1.974677720200401e-02	-2.159451e-05
1.975677720200401e-02	5.306699e-06
1.976677720200402e-02	-2.159450e-05
1.977677720200402e-02	5.306694e-06
1.978677720200402e-02	-2.159450e-05
1.979677720200402e-02	5.306689e-06
1.980677720200402e-02	-2.159449e-05
1.981677720200401e-02	5.306684e-06
1.982677720200401e-02	-2.159449e-05
1.983677720200401e-02	5.306678e-06
1.984677720200401e-02	-2.159448e-05
1.985677720200402e-02	5.306673e-06
1.986677720200402e-02	-2.159448e-05
1.987677720200402e-02	5.306668e-06
1.988677720200402e-02	-2.159447e-05
1.989677720200402e-02	5.306662e-06
1.990677720200401e-02	-2.159447e-05
1.991677720200401e-02	5.306657e-06
1.992677720200401e-02	-2.159446e-05
1.993677720200402e-02	5.306652e-06
1.994677720200402e-02	-2.159445e-05
1.995677720200402e-02	5.306647e-06
1.996677720200402e-02	-2.159445e-05
1.997677720200402e-02	5.306641e-06
1.998677720200401e-02	-2.159444e-05
1.999677720200401e-02	5.306636e-06
2.000000000000000e-02	-2.159443e-05
