time	V(out_pos,out_neg)
0.000000000000000e+00	5.006790e-06
9.999999439624929e-11	5.006790e-06
1.999999887924986e-10	5.006790e-06
3.999999775849972e-10	5.006790e-06
7.999999551699943e-10	5.006790e-06
1.599999910339989e-09	5.006790e-06
3.199999820679977e-09	5.245209e-06
6.399999641359955e-09	5.006790e-06
1.279999928271991e-08	4.768372e-06
2.559999856543982e-08	3.099442e-06
5.119999713087964e-08	-5.578995e-05
9.252086015392878e-08	2.574921e-05
1.510108255199229e-07	1.676083e-04
2.057100597986555e-07	7.581711e-05
2.711922111406751e-07	5.722046e-05
3.308265500931712e-07	3.552437e-05
4.437637066066846e-07	-1.382828e-05
4.641460748959371e-07	-2.336502e-05
5.049108114744420e-07	-2.455711e-05
5.864402846314519e-07	-2.479553e-05
7.494992309454717e-07	-1.859665e-05
1.075617123573511e-06	-9.059906e-06
1.633703576190409e-06	-2.813339e-05
2.330216949111736e-06	-8.201599e-05
3.315445015460415e-06	-1.864433e-04
4.937294372468760e-06	-4.854202e-04
8.180993086485451e-06	-1.186371e-03
1.466839051451883e-05	-1.138687e-03
2.466839051451883e-05	-4.096031e-04
3.466839051451883e-05	-1.159430e-03
4.466839051451883e-05	-1.816750e-03
5.466839051451883e-05	-2.253056e-03
6.466839051451883e-05	-2.360582e-03
7.466839051451883e-05	-2.063274e-03
8.466839051451883e-05	-1.516581e-03
9.466839051451883e-05	-1.646280e-04
1.000000009999994e-04	-7.867813e-06
1.000000019999994e-04	-7.867813e-06
1.000000179999994e-04	-7.867813e-06
1.000000499999994e-04	-7.867813e-06
1.000001139999994e-04	-7.867813e-06
1.000002419999994e-04	-7.867813e-06
1.000004979999994e-04	-7.867813e-06
1.000010099999994e-04	-7.987022e-06
1.000020339999994e-04	-7.867813e-06
1.000040819999994e-04	-7.867813e-06
1.000081779999994e-04	-7.867813e-06
1.000163699999994e-04	-7.867813e-06
1.000327539999994e-04	-7.867813e-06
1.000655219999995e-04	-7.867813e-06
1.001310579999995e-04	-7.748604e-06
1.002621299999997e-04	-7.510185e-06
1.005242740000000e-04	-6.556511e-06
1.010485620000006e-04	-2.264977e-06
1.020971380000018e-04	1.168251e-05
1.041942900000042e-04	4.351139e-05
1.083885940000089e-04	-6.699562e-05
1.167772020000184e-04	-7.205009e-04
1.267772020000184e-04	-1.162887e-03
1.367772020000184e-04	-1.204967e-03
1.467772020000184e-04	-1.094341e-03
1.567772020000184e-04	-9.504557e-04
1.667772020000184e-04	-7.914305e-04
1.767772020000184e-04	-6.670952e-04
1.867772020000184e-04	-5.517006e-04
1.967772020000184e-04	-4.624128e-04
2.067772020000184e-04	-3.995895e-04
2.167772020000184e-04	-3.157854e-04
2.267772020000184e-04	-2.075434e-04
2.367772020000184e-04	-1.078844e-04
2.467772020000184e-04	-6.660700e-03
2.567772020000184e-04	-1.397264e-02
2.667772020000184e-04	-1.307583e-02
2.767772020000184e-04	-3.241301e-03
2.867772020000184e-04	7.179976e-04
2.967772020000184e-04	-8.428097e-05
3.067772020000184e-04	2.450943e-04
3.167772020000184e-04	3.354549e-04
3.267772020000184e-04	1.193285e-03
3.367772020000184e-04	9.648800e-04
3.467772020000184e-04	1.122475e-03
3.567772020000184e-04	8.640289e-04
3.667772020000184e-04	1.073360e-03
3.767772020000184e-04	6.864071e-04
3.867772020000184e-04	7.819915e-02
3.942704178490889e-04	1.225538e-01
4.015492982945103e-04	3.324487e-01
4.084628755706322e-04	5.700440e-01
4.150039576297367e-04	7.869492e-01
4.209757289889120e-04	9.396238e-01
4.268566498364236e-04	1.040555e+00
4.334697236684645e-04	1.130203e+00
4.409004226194226e-04	1.224248e+00
4.509004226194226e-04	1.346196e+00
4.609004226194226e-04	1.464728e+00
4.709004226194226e-04	1.581086e+00
4.809004226194226e-04	1.695773e+00
4.909004226194226e-04	1.809393e+00
5.009004226194226e-04	1.921966e+00
5.109004226194226e-04	2.033857e+00
5.209004226194226e-04	2.145003e+00
5.309004226194226e-04	2.255670e+00
5.409004226194226e-04	2.365757e+00
5.509004226194226e-04	2.475476e+00
5.609004226194226e-04	2.584714e+00
5.709004226194226e-04	2.693651e+00
5.809004226194226e-04	2.802170e+00
5.909004226194226e-04	2.910429e+00
6.009004226194226e-04	3.012089e+00
6.109004226194226e-04	3.084790e+00
6.209004226194226e-04	3.116455e+00
6.309004226194226e-04	3.126246e+00
6.409004226194226e-04	3.131855e+00
6.509004226194226e-04	3.135817e+00
6.609004226194226e-04	3.138822e+00
6.709004226194226e-04	3.141270e+00
6.809004226194225e-04	3.143295e+00
6.909004226194226e-04	3.145071e+00
7.009004226194226e-04	3.146751e+00
7.109004226194226e-04	3.148383e+00
7.209004226194225e-04	3.149892e+00
7.309004226194226e-04	3.151315e+00
7.409004226194226e-04	3.152606e+00
7.509004226194226e-04	3.153812e+00
7.609004226194225e-04	3.154897e+00
7.709004226194226e-04	3.155910e+00
7.809004226194226e-04	3.156819e+00
7.909004226194226e-04	3.157672e+00
8.009004226194225e-04	3.158434e+00
8.109004226194226e-04	3.159153e+00
8.209004226194226e-04	3.159796e+00
8.309004226194226e-04	3.160405e+00
8.409004226194225e-04	3.160948e+00
8.509004226194226e-04	3.161467e+00
8.609004226194226e-04	3.161928e+00
8.709004226194226e-04	3.162373e+00
8.809004226194225e-04	3.162767e+00
8.909004226194226e-04	3.163149e+00
9.009004226194226e-04	3.163487e+00
9.109004226194226e-04	3.163818e+00
9.209004226194225e-04	3.164109e+00
9.309004226194226e-04	3.164395e+00
9.409004226194226e-04	3.164646e+00
9.509004226194226e-04	3.164897e+00
9.609004226194225e-04	3.165114e+00
9.709004226194225e-04	3.165333e+00
9.809004226194226e-04	3.165522e+00
9.909004226194226e-04	3.165714e+00
1.000000000000000e-03	3.165865e+00
1.000000001000000e-03	3.165865e+00
1.000000017000000e-03	3.165865e+00
1.000000049000000e-03	3.165865e+00
1.000000113000000e-03	3.165866e+00
1.000000241000000e-03	3.165866e+00
1.000000497000000e-03	3.165866e+00
1.000001009000000e-03	3.165867e+00
1.000002033000000e-03	3.165868e+00
1.000004081000000e-03	3.165868e+00
1.000008177000000e-03	3.165868e+00
1.000016369000001e-03	3.165868e+00
1.000032753000001e-03	3.165869e+00
1.000065521000002e-03	3.165869e+00
1.000131057000004e-03	3.165870e+00
1.000262129000007e-03	3.165872e+00
1.000524273000015e-03	3.165877e+00
1.001048561000029e-03	3.165885e+00
1.002097137000058e-03	3.165903e+00
1.004194289000116e-03	3.165937e+00
1.008388593000232e-03	3.166004e+00
1.016777201000463e-03	3.166134e+00
1.026777201000463e-03	3.166279e+00
1.036777201000463e-03	3.166415e+00
1.046777201000463e-03	3.166543e+00
1.056777201000463e-03	3.166664e+00
1.066777201000463e-03	3.166776e+00
1.076777201000463e-03	3.166882e+00
1.086777201000463e-03	3.166982e+00
1.096777201000463e-03	3.167076e+00
1.106777201000463e-03	3.167164e+00
1.116777201000463e-03	3.167246e+00
1.126777201000463e-03	3.167324e+00
1.136777201000463e-03	3.167398e+00
1.146777201000463e-03	3.167467e+00
1.156777201000463e-03	3.167532e+00
1.166777201000463e-03	3.167593e+00
1.176777201000463e-03	3.167651e+00
1.186777201000463e-03	3.167705e+00
1.196777201000463e-03	3.167757e+00
1.206777201000463e-03	3.167805e+00
1.216777201000463e-03	3.167851e+00
1.226777201000463e-03	3.167894e+00
1.236777201000463e-03	3.167935e+00
1.246777201000463e-03	3.167973e+00
1.256777201000463e-03	3.168009e+00
1.266777201000463e-03	3.168044e+00
1.276777201000463e-03	3.168076e+00
1.286777201000463e-03	3.168106e+00
1.296777201000463e-03	3.168135e+00
1.306777201000463e-03	3.168162e+00
1.316777201000463e-03	3.168188e+00
1.326777201000463e-03	3.168212e+00
1.336777201000463e-03	3.168235e+00
1.346777201000463e-03	3.168257e+00
1.356777201000463e-03	3.168277e+00
1.366777201000463e-03	3.168297e+00
1.376777201000463e-03	3.168315e+00
1.386777201000463e-03	3.168332e+00
1.396777201000463e-03	3.168349e+00
1.406777201000463e-03	3.168364e+00
1.416777201000463e-03	3.168379e+00
1.426777201000463e-03	3.168393e+00
1.436777201000463e-03	3.168406e+00
1.446777201000463e-03	3.168418e+00
1.456777201000463e-03	3.168430e+00
1.466777201000463e-03	3.168441e+00
1.476777201000463e-03	3.168451e+00
1.486777201000463e-03	3.168461e+00
1.496777201000463e-03	3.168470e+00
1.506777201000463e-03	3.168479e+00
1.516777201000463e-03	3.168488e+00
1.526777201000463e-03	3.168496e+00
1.536777201000463e-03	3.168503e+00
1.546777201000463e-03	3.168510e+00
1.556777201000463e-03	3.168517e+00
1.566777201000463e-03	3.168523e+00
1.576777201000463e-03	3.168529e+00
1.586777201000463e-03	3.168535e+00
1.596777201000463e-03	3.168540e+00
1.606777201000463e-03	3.168545e+00
1.616777201000463e-03	3.168550e+00
1.626777201000463e-03	3.168555e+00
1.636777201000463e-03	3.168559e+00
1.646777201000463e-03	3.168563e+00
1.656777201000463e-03	3.168567e+00
1.666777201000463e-03	3.168571e+00
1.676777201000463e-03	3.168574e+00
1.686777201000463e-03	3.168578e+00
1.696777201000463e-03	3.168581e+00
1.706777201000463e-03	3.168584e+00
1.716777201000463e-03	3.168587e+00
1.726777201000463e-03	3.168589e+00
1.736777201000463e-03	3.168592e+00
1.746777201000463e-03	3.168594e+00
1.756777201000463e-03	3.168596e+00
1.766777201000463e-03	3.168598e+00
1.776777201000463e-03	3.168600e+00
1.786777201000463e-03	3.168602e+00
1.796777201000463e-03	3.168604e+00
1.806777201000463e-03	3.168606e+00
1.816777201000463e-03	3.168607e+00
1.826777201000463e-03	3.168609e+00
1.836777201000463e-03	3.168610e+00
1.846777201000463e-03	3.168612e+00
1.856777201000463e-03	3.168613e+00
1.866777201000463e-03	3.168614e+00
1.876777201000463e-03	3.168615e+00
1.886777201000463e-03	3.168617e+00
1.896777201000463e-03	3.168618e+00
1.906777201000463e-03	3.168618e+00
1.916777201000463e-03	3.168619e+00
1.926777201000463e-03	3.168620e+00
1.936777201000463e-03	3.168621e+00
1.946777201000463e-03	3.168622e+00
1.956777201000463e-03	3.168623e+00
1.966777201000463e-03	3.168623e+00
1.976777201000463e-03	3.168624e+00
1.986777201000463e-03	3.168625e+00
1.996777201000463e-03	3.168625e+00
2.006777201000463e-03	3.168626e+00
2.016777201000463e-03	3.168626e+00
2.026777201000463e-03	3.168627e+00
2.036777201000463e-03	3.168627e+00
2.046777201000463e-03	3.168628e+00
2.056777201000463e-03	3.168628e+00
2.066777201000463e-03	3.168629e+00
2.076777201000463e-03	3.168629e+00
2.086777201000463e-03	3.168629e+00
2.096777201000463e-03	3.168630e+00
2.106777201000463e-03	3.168630e+00
2.116777201000463e-03	3.168631e+00
2.126777201000463e-03	3.168631e+00
2.136777201000463e-03	3.168631e+00
2.146777201000463e-03	3.168631e+00
2.156777201000463e-03	3.168632e+00
2.166777201000463e-03	3.168632e+00
2.176777201000463e-03	3.168632e+00
2.186777201000463e-03	3.168632e+00
2.196777201000463e-03	3.168632e+00
2.206777201000463e-03	3.168633e+00
2.216777201000463e-03	3.168633e+00
2.226777201000463e-03	3.168633e+00
2.236777201000463e-03	3.168633e+00
2.246777201000463e-03	3.168633e+00
2.256777201000463e-03	3.168634e+00
2.266777201000463e-03	3.168634e+00
2.276777201000463e-03	3.168634e+00
2.286777201000463e-03	3.168634e+00
2.296777201000463e-03	3.168634e+00
2.306777201000463e-03	3.168634e+00
2.316777201000463e-03	3.168634e+00
2.326777201000463e-03	3.168634e+00
2.336777201000463e-03	3.168634e+00
2.346777201000463e-03	3.168634e+00
2.356777201000463e-03	3.168635e+00
2.366777201000463e-03	3.168635e+00
2.376777201000463e-03	3.168635e+00
2.386777201000463e-03	3.168635e+00
2.396777201000463e-03	3.168635e+00
2.406777201000463e-03	3.168635e+00
2.416777201000463e-03	3.168635e+00
2.426777201000463e-03	3.168635e+00
2.436777201000463e-03	3.168635e+00
2.446777201000463e-03	3.168635e+00
2.456777201000463e-03	3.168635e+00
2.466777201000463e-03	3.168635e+00
2.476777201000463e-03	3.168635e+00
2.486777201000463e-03	3.168636e+00
2.496777201000463e-03	3.168636e+00
2.506777201000463e-03	3.168636e+00
2.516777201000463e-03	3.168636e+00
2.526777201000463e-03	3.168636e+00
2.536777201000463e-03	3.168636e+00
2.546777201000463e-03	3.168636e+00
2.556777201000463e-03	3.168636e+00
2.566777201000463e-03	3.168636e+00
2.576777201000463e-03	3.168636e+00
2.586777201000463e-03	3.168636e+00
2.596777201000463e-03	3.168636e+00
2.606777201000463e-03	3.168636e+00
2.616777201000463e-03	3.168636e+00
2.626777201000463e-03	3.168636e+00
2.636777201000463e-03	3.168636e+00
2.646777201000463e-03	3.168636e+00
2.656777201000463e-03	3.168636e+00
2.666777201000463e-03	3.168636e+00
2.676777201000463e-03	3.168636e+00
2.686777201000463e-03	3.168636e+00
2.696777201000463e-03	3.168636e+00
2.706777201000463e-03	3.168636e+00
2.716777201000463e-03	3.168636e+00
2.726777201000463e-03	3.168636e+00
2.736777201000463e-03	3.168636e+00
2.746777201000463e-03	3.168636e+00
2.756777201000463e-03	3.168636e+00
2.766777201000463e-03	3.168636e+00
2.776777201000463e-03	3.168636e+00
2.786777201000463e-03	3.168636e+00
2.796777201000463e-03	3.168636e+00
2.806777201000463e-03	3.168636e+00
2.816777201000463e-03	3.168636e+00
2.826777201000463e-03	3.168636e+00
2.836777201000463e-03	3.168636e+00
2.846777201000463e-03	3.168636e+00
2.856777201000463e-03	3.168636e+00
2.866777201000463e-03	3.168636e+00
2.876777201000463e-03	3.168636e+00
2.886777201000463e-03	3.168636e+00
2.896777201000463e-03	3.168636e+00
2.906777201000463e-03	3.168636e+00
2.916777201000463e-03	3.168636e+00
2.926777201000463e-03	3.168636e+00
2.936777201000463e-03	3.168636e+00
2.946777201000463e-03	3.168636e+00
2.956777201000463e-03	3.168636e+00
2.966777201000463e-03	3.168636e+00
2.976777201000463e-03	3.168636e+00
2.986777201000463e-03	3.168636e+00
2.996777201000463e-03	3.168636e+00
3.006777201000463e-03	3.168636e+00
3.016777201000463e-03	3.168636e+00
3.026777201000463e-03	3.168636e+00
3.036777201000463e-03	3.168636e+00
3.046777201000463e-03	3.168636e+00
3.056777201000463e-03	3.168636e+00
3.066777201000463e-03	3.168636e+00
3.076777201000463e-03	3.168636e+00
3.086777201000463e-03	3.168636e+00
3.096777201000463e-03	3.168636e+00
3.106777201000463e-03	3.168636e+00
3.116777201000463e-03	3.168636e+00
3.126777201000463e-03	3.168636e+00
3.136777201000463e-03	3.168636e+00
3.146777201000463e-03	3.168636e+00
3.156777201000463e-03	3.168636e+00
3.166777201000463e-03	3.168636e+00
3.176777201000463e-03	3.168636e+00
3.186777201000463e-03	3.168636e+00
3.196777201000463e-03	3.168636e+00
3.206777201000463e-03	3.168636e+00
3.216777201000463e-03	3.168636e+00
3.226777201000463e-03	3.168636e+00
3.236777201000463e-03	3.168636e+00
3.246777201000463e-03	3.168636e+00
3.256777201000463e-03	3.168636e+00
3.266777201000463e-03	3.168636e+00
3.276777201000463e-03	3.168636e+00
3.286777201000463e-03	3.168636e+00
3.296777201000463e-03	3.168636e+00
3.306777201000463e-03	3.168636e+00
3.316777201000463e-03	3.168636e+00
3.326777201000463e-03	3.168636e+00
3.336777201000463e-03	3.168636e+00
3.346777201000463e-03	3.168636e+00
3.356777201000463e-03	3.168636e+00
3.366777201000463e-03	3.168636e+00
3.376777201000463e-03	3.168636e+00
3.386777201000463e-03	3.168636e+00
3.396777201000463e-03	3.168636e+00
3.406777201000463e-03	3.168636e+00
3.416777201000463e-03	3.168636e+00
3.426777201000463e-03	3.168636e+00
3.436777201000463e-03	3.168636e+00
3.446777201000463e-03	3.168636e+00
3.456777201000463e-03	3.168636e+00
3.466777201000463e-03	3.168636e+00
3.476777201000463e-03	3.168636e+00
3.486777201000463e-03	3.168636e+00
3.496777201000463e-03	3.168636e+00
3.506777201000463e-03	3.168636e+00
3.516777201000463e-03	3.168636e+00
3.526777201000463e-03	3.168636e+00
3.536777201000463e-03	3.168636e+00
3.546777201000463e-03	3.168636e+00
3.556777201000463e-03	3.168636e+00
3.566777201000463e-03	3.168636e+00
3.576777201000463e-03	3.168636e+00
3.586777201000463e-03	3.168636e+00
3.596777201000463e-03	3.168636e+00
3.606777201000463e-03	3.168636e+00
3.616777201000463e-03	3.168636e+00
3.626777201000463e-03	3.168636e+00
3.636777201000463e-03	3.168636e+00
3.646777201000463e-03	3.168636e+00
3.656777201000463e-03	3.168636e+00
3.666777201000463e-03	3.168636e+00
3.676777201000463e-03	3.168636e+00
3.686777201000463e-03	3.168636e+00
3.696777201000463e-03	3.168636e+00
3.706777201000463e-03	3.168636e+00
3.716777201000463e-03	3.168636e+00
3.726777201000463e-03	3.168636e+00
3.736777201000463e-03	3.168636e+00
3.746777201000463e-03	3.168636e+00
3.756777201000463e-03	3.168636e+00
3.766777201000463e-03	3.168636e+00
3.776777201000463e-03	3.168636e+00
3.786777201000463e-03	3.168636e+00
3.796777201000463e-03	3.168636e+00
3.806777201000463e-03	3.168636e+00
3.816777201000463e-03	3.168636e+00
3.826777201000463e-03	3.168636e+00
3.836777201000463e-03	3.168636e+00
3.846777201000463e-03	3.168636e+00
3.856777201000463e-03	3.168636e+00
3.866777201000463e-03	3.168636e+00
3.876777201000463e-03	3.168636e+00
3.886777201000463e-03	3.168636e+00
3.896777201000463e-03	3.168636e+00
3.906777201000463e-03	3.168636e+00
3.916777201000463e-03	3.168636e+00
3.926777201000463e-03	3.168636e+00
3.936777201000463e-03	3.168636e+00
3.946777201000463e-03	3.168636e+00
3.956777201000463e-03	3.168636e+00
3.966777201000463e-03	3.168636e+00
3.976777201000463e-03	3.168636e+00
3.986777201000463e-03	3.168636e+00
3.996777201000463e-03	3.168636e+00
4.006777201000463e-03	3.168636e+00
4.016777201000463e-03	3.168636e+00
4.026777201000463e-03	3.168636e+00
4.036777201000463e-03	3.168636e+00
4.046777201000462e-03	3.168636e+00
4.056777201000463e-03	3.168636e+00
4.066777201000463e-03	3.168636e+00
4.076777201000463e-03	3.168636e+00
4.086777201000463e-03	3.168636e+00
4.096777201000463e-03	3.168636e+00
4.106777201000463e-03	3.168636e+00
4.116777201000463e-03	3.168636e+00
4.126777201000463e-03	3.168636e+00
4.136777201000463e-03	3.168636e+00
4.146777201000463e-03	3.168636e+00
4.156777201000463e-03	3.168636e+00
4.166777201000463e-03	3.168636e+00
4.176777201000463e-03	3.168636e+00
4.186777201000463e-03	3.168636e+00
4.196777201000462e-03	3.168636e+00
4.206777201000463e-03	3.168636e+00
4.216777201000462e-03	3.168636e+00
4.226777201000463e-03	3.168636e+00
4.236777201000463e-03	3.168636e+00
4.246777201000463e-03	3.168636e+00
4.256777201000463e-03	3.168636e+00
4.266777201000463e-03	3.168636e+00
4.276777201000463e-03	3.168636e+00
4.286777201000463e-03	3.168636e+00
4.296777201000463e-03	3.168636e+00
4.306777201000463e-03	3.168636e+00
4.316777201000463e-03	3.168636e+00
4.326777201000463e-03	3.168636e+00
4.336777201000463e-03	3.168636e+00
4.346777201000463e-03	3.168636e+00
4.356777201000463e-03	3.168636e+00
4.366777201000462e-03	3.168636e+00
4.376777201000463e-03	3.168636e+00
4.386777201000462e-03	3.168636e+00
4.396777201000463e-03	3.168636e+00
4.406777201000463e-03	3.168636e+00
4.416777201000463e-03	3.168636e+00
4.426777201000463e-03	3.168636e+00
4.436777201000463e-03	3.168636e+00
4.446777201000463e-03	3.168636e+00
4.456777201000463e-03	3.168636e+00
4.466777201000463e-03	3.168636e+00
4.476777201000463e-03	3.168636e+00
4.486777201000463e-03	3.168636e+00
4.496777201000463e-03	3.168636e+00
4.506777201000463e-03	3.168636e+00
4.516777201000462e-03	3.168636e+00
4.526777201000463e-03	3.168636e+00
4.536777201000462e-03	3.168636e+00
4.546777201000463e-03	3.168636e+00
4.556777201000463e-03	3.168636e+00
4.566777201000463e-03	3.168636e+00
4.576777201000463e-03	3.168636e+00
4.586777201000463e-03	3.168636e+00
4.596777201000463e-03	3.168636e+00
4.606777201000463e-03	3.168636e+00
4.616777201000463e-03	3.168636e+00
4.626777201000463e-03	3.168636e+00
4.636777201000463e-03	3.168636e+00
4.646777201000463e-03	3.168636e+00
4.656777201000463e-03	3.168636e+00
4.666777201000463e-03	3.168636e+00
4.676777201000463e-03	3.168636e+00
4.686777201000462e-03	3.168636e+00
4.696777201000463e-03	3.168636e+00
4.706777201000462e-03	3.168636e+00
4.716777201000463e-03	3.168636e+00
4.726777201000463e-03	3.168636e+00
4.736777201000463e-03	3.168636e+00
4.746777201000463e-03	3.168636e+00
4.756777201000463e-03	3.168636e+00
4.766777201000463e-03	3.168636e+00
4.776777201000463e-03	3.168636e+00
4.786777201000463e-03	3.168636e+00
4.796777201000463e-03	3.168636e+00
4.806777201000463e-03	3.168636e+00
4.816777201000463e-03	3.168636e+00
4.826777201000463e-03	3.168636e+00
4.836777201000462e-03	3.168636e+00
4.846777201000463e-03	3.168636e+00
4.856777201000462e-03	3.168636e+00
4.866777201000463e-03	3.168636e+00
4.876777201000462e-03	3.168636e+00
4.886777201000463e-03	3.168636e+00
4.896777201000463e-03	3.168636e+00
4.906777201000463e-03	3.168636e+00
4.916777201000463e-03	3.168636e+00
4.926777201000463e-03	3.168636e+00
4.936777201000463e-03	3.168636e+00
4.946777201000463e-03	3.168636e+00
4.956777201000463e-03	3.168636e+00
4.966777201000463e-03	3.168636e+00
4.976777201000463e-03	3.168636e+00
4.986777201000463e-03	3.168636e+00
4.996777201000463e-03	3.168636e+00
5.006777201000462e-03	3.168636e+00
5.016777201000463e-03	3.168636e+00
5.026777201000462e-03	3.168636e+00
5.036777201000463e-03	3.168636e+00
5.046777201000462e-03	3.168636e+00
5.056777201000463e-03	3.168636e+00
5.066777201000463e-03	3.168636e+00
5.076777201000463e-03	3.168636e+00
5.086777201000463e-03	3.168636e+00
5.096777201000463e-03	3.168636e+00
5.106777201000463e-03	3.168636e+00
5.116777201000463e-03	3.168636e+00
5.126777201000463e-03	3.168636e+00
5.136777201000463e-03	3.168636e+00
5.146777201000463e-03	3.168636e+00
5.156777201000462e-03	3.168636e+00
5.166777201000463e-03	3.168636e+00
5.176777201000462e-03	3.168636e+00
5.186777201000463e-03	3.168636e+00
5.196777201000462e-03	3.168636e+00
5.206777201000463e-03	3.168636e+00
5.216777201000463e-03	3.168636e+00
5.226777201000463e-03	3.168636e+00
5.236777201000463e-03	3.168636e+00
5.246777201000463e-03	3.168636e+00
5.256777201000463e-03	3.168636e+00
5.266777201000463e-03	3.168636e+00
5.276777201000463e-03	3.168636e+00
5.286777201000463e-03	3.168636e+00
5.296777201000463e-03	3.168636e+00
5.306777201000463e-03	3.168636e+00
5.316777201000463e-03	3.168636e+00
5.326777201000462e-03	3.168636e+00
5.336777201000463e-03	3.168636e+00
5.346777201000462e-03	3.168636e+00
5.356777201000463e-03	3.168636e+00
5.366777201000462e-03	3.168636e+00
5.376777201000463e-03	3.168636e+00
5.386777201000463e-03	3.168636e+00
5.396777201000463e-03	3.168636e+00
5.406777201000463e-03	3.168636e+00
5.416777201000463e-03	3.168636e+00
5.426777201000463e-03	3.168636e+00
5.436777201000463e-03	3.168636e+00
5.446777201000463e-03	3.168636e+00
5.456777201000463e-03	3.168636e+00
5.466777201000463e-03	3.168636e+00
5.476777201000462e-03	3.168636e+00
5.486777201000463e-03	3.168636e+00
5.496777201000462e-03	3.168636e+00
5.506777201000463e-03	3.168636e+00
5.516777201000462e-03	3.168636e+00
5.526777201000463e-03	3.168636e+00
5.536777201000462e-03	3.168636e+00
5.546777201000463e-03	3.168636e+00
5.556777201000463e-03	3.168636e+00
5.566777201000463e-03	3.168636e+00
5.576777201000463e-03	3.168636e+00
5.586777201000463e-03	3.168636e+00
5.596777201000463e-03	3.168636e+00
5.606777201000463e-03	3.168636e+00
5.616777201000463e-03	3.168636e+00
5.626777201000463e-03	3.168636e+00
5.636777201000463e-03	3.168636e+00
5.646777201000462e-03	3.168636e+00
5.656777201000463e-03	3.168636e+00
5.666777201000462e-03	3.168636e+00
5.676777201000463e-03	3.168636e+00
5.686777201000462e-03	3.168636e+00
5.696777201000463e-03	3.168636e+00
5.706777201000462e-03	3.168636e+00
5.716777201000463e-03	3.168636e+00
5.726777201000463e-03	3.168636e+00
5.736777201000463e-03	3.168636e+00
5.746777201000463e-03	3.168636e+00
5.756777201000463e-03	3.168636e+00
5.766777201000463e-03	3.168636e+00
5.776777201000463e-03	3.168636e+00
5.786777201000463e-03	3.168636e+00
5.796777201000462e-03	3.168636e+00
5.806777201000463e-03	3.168636e+00
5.816777201000462e-03	3.168636e+00
5.826777201000463e-03	3.168636e+00
5.836777201000462e-03	3.168636e+00
5.846777201000463e-03	3.168636e+00
5.856777201000462e-03	3.168636e+00
5.866777201000463e-03	3.168636e+00
5.876777201000462e-03	3.168636e+00
5.886777201000463e-03	3.168636e+00
5.896777201000463e-03	3.168636e+00
5.906777201000463e-03	3.168636e+00
5.916777201000463e-03	3.168636e+00
5.926777201000463e-03	3.168636e+00
5.936777201000463e-03	3.168636e+00
5.946777201000463e-03	3.168636e+00
5.956777201000463e-03	3.168636e+00
5.966777201000462e-03	3.168636e+00
5.976777201000463e-03	3.168636e+00
5.986777201000462e-03	3.168636e+00
5.996777201000463e-03	3.168636e+00
6.006777201000462e-03	3.168636e+00
6.016777201000463e-03	3.168636e+00
6.026777201000462e-03	3.168636e+00
6.036777201000463e-03	3.168636e+00
6.046777201000463e-03	3.168636e+00
6.056777201000463e-03	3.168636e+00
6.066777201000463e-03	3.168636e+00
6.076777201000463e-03	3.168636e+00
6.086777201000463e-03	3.168636e+00
6.096777201000463e-03	3.168636e+00
6.106777201000463e-03	3.168636e+00
6.116777201000462e-03	3.168636e+00
6.126777201000463e-03	3.168636e+00
6.136777201000462e-03	3.168636e+00
6.146777201000463e-03	3.168636e+00
6.156777201000462e-03	3.168636e+00
6.166777201000463e-03	3.168636e+00
6.176777201000462e-03	3.168636e+00
6.186777201000463e-03	3.168636e+00
6.196777201000462e-03	3.168636e+00
6.206777201000463e-03	3.168636e+00
6.216777201000463e-03	3.168636e+00
6.226777201000463e-03	3.168636e+00
6.236777201000463e-03	3.168636e+00
6.246777201000463e-03	3.168636e+00
6.256777201000463e-03	3.168636e+00
6.266777201000463e-03	3.168636e+00
6.276777201000463e-03	3.168636e+00
6.286777201000462e-03	3.168636e+00
6.296777201000463e-03	3.168636e+00
6.306777201000462e-03	3.168636e+00
6.316777201000463e-03	3.168636e+00
6.326777201000462e-03	3.168636e+00
6.336777201000463e-03	3.168636e+00
6.346777201000462e-03	3.168636e+00
6.356777201000463e-03	3.168636e+00
6.366777201000462e-03	3.168636e+00
6.376777201000463e-03	3.168636e+00
6.386777201000463e-03	3.168636e+00
6.396777201000463e-03	3.168636e+00
6.406777201000463e-03	3.168636e+00
6.416777201000463e-03	3.168636e+00
6.426777201000463e-03	3.168636e+00
6.436777201000462e-03	3.168636e+00
6.446777201000463e-03	3.168636e+00
6.456777201000462e-03	3.168636e+00
6.466777201000463e-03	3.168636e+00
6.476777201000462e-03	3.168636e+00
6.486777201000463e-03	3.168636e+00
6.496777201000462e-03	3.168636e+00
6.506777201000463e-03	3.168636e+00
6.516777201000462e-03	3.168636e+00
6.526777201000463e-03	3.168636e+00
6.536777201000462e-03	3.168636e+00
6.546777201000463e-03	3.168636e+00
6.556777201000463e-03	3.168636e+00
6.566777201000463e-03	3.168636e+00
6.576777201000463e-03	3.168636e+00
6.586777201000463e-03	3.168636e+00
6.596777201000463e-03	3.168636e+00
6.606777201000462e-03	3.168636e+00
6.616777201000463e-03	3.168636e+00
6.626777201000462e-03	3.168636e+00
6.636777201000463e-03	3.168636e+00
6.646777201000462e-03	3.168636e+00
6.656777201000463e-03	3.168636e+00
6.666777201000462e-03	3.168636e+00
6.676777201000463e-03	3.168636e+00
6.686777201000462e-03	3.168636e+00
6.696777201000463e-03	3.168636e+00
6.706777201000463e-03	3.168636e+00
6.716777201000463e-03	3.168636e+00
6.726777201000463e-03	3.168636e+00
6.736777201000463e-03	3.168636e+00
6.746777201000463e-03	3.168636e+00
6.756777201000462e-03	3.168636e+00
6.766777201000463e-03	3.168636e+00
6.776777201000462e-03	3.168636e+00
6.786777201000463e-03	3.168636e+00
6.796777201000462e-03	3.168636e+00
6.806777201000463e-03	3.168636e+00
6.816777201000462e-03	3.168636e+00
6.826777201000463e-03	3.168636e+00
6.836777201000462e-03	3.168636e+00
6.846777201000463e-03	3.168636e+00
6.856777201000462e-03	3.168636e+00
6.866777201000463e-03	3.168636e+00
6.876777201000463e-03	3.168636e+00
6.886777201000463e-03	3.168636e+00
6.896777201000463e-03	3.168636e+00
6.906777201000463e-03	3.168636e+00
6.916777201000463e-03	3.168636e+00
6.926777201000462e-03	3.168636e+00
6.936777201000463e-03	3.168636e+00
6.946777201000462e-03	3.168636e+00
6.956777201000463e-03	3.168636e+00
6.966777201000462e-03	3.168636e+00
6.976777201000463e-03	3.168636e+00
6.986777201000462e-03	3.168636e+00
6.996777201000463e-03	3.168636e+00
7.006777201000462e-03	3.168636e+00
7.016777201000463e-03	3.168636e+00
7.026777201000462e-03	3.168636e+00
7.036777201000463e-03	3.168636e+00
7.046777201000463e-03	3.168636e+00
7.056777201000463e-03	3.168636e+00
7.066777201000463e-03	3.168636e+00
7.076777201000462e-03	3.168636e+00
7.086777201000463e-03	3.168636e+00
7.096777201000462e-03	3.168636e+00
7.106777201000463e-03	3.168636e+00
7.116777201000462e-03	3.168636e+00
7.126777201000463e-03	3.168636e+00
7.136777201000462e-03	3.168636e+00
7.146777201000463e-03	3.168636e+00
7.156777201000462e-03	3.168636e+00
7.166777201000463e-03	3.168636e+00
7.176777201000462e-03	3.168636e+00
7.186777201000463e-03	3.168636e+00
7.196777201000462e-03	3.168636e+00
7.206777201000463e-03	3.168636e+00
7.216777201000463e-03	3.168636e+00
7.226777201000463e-03	3.168636e+00
7.236777201000463e-03	3.168636e+00
7.246777201000462e-03	3.168636e+00
7.256777201000463e-03	3.168636e+00
7.266777201000462e-03	3.168636e+00
7.276777201000463e-03	3.168636e+00
7.286777201000462e-03	3.168636e+00
7.296777201000463e-03	3.168636e+00
7.306777201000462e-03	3.168636e+00
7.316777201000463e-03	3.168636e+00
7.326777201000462e-03	3.168636e+00
7.336777201000463e-03	3.168636e+00
7.346777201000462e-03	3.168636e+00
7.356777201000463e-03	3.168636e+00
7.366777201000463e-03	3.168636e+00
7.376777201000463e-03	3.168636e+00
7.386777201000463e-03	3.168636e+00
7.396777201000462e-03	3.168636e+00
7.406777201000463e-03	3.168636e+00
7.416777201000462e-03	3.168636e+00
7.426777201000463e-03	3.168636e+00
7.436777201000462e-03	3.168636e+00
7.446777201000463e-03	3.168636e+00
7.456777201000462e-03	3.168636e+00
7.466777201000463e-03	3.168636e+00
7.476777201000462e-03	3.168636e+00
7.486777201000463e-03	3.168636e+00
7.496777201000462e-03	3.168636e+00
7.506777201000463e-03	3.168636e+00
7.516777201000462e-03	3.168636e+00
7.526777201000463e-03	3.168636e+00
7.536777201000463e-03	3.168636e+00
7.546777201000463e-03	3.168636e+00
7.556777201000463e-03	3.168636e+00
7.566777201000462e-03	3.168636e+00
7.576777201000463e-03	3.168636e+00
7.586777201000462e-03	3.168636e+00
7.596777201000463e-03	3.168636e+00
7.606777201000462e-03	3.168636e+00
7.616777201000463e-03	3.168636e+00
7.626777201000462e-03	3.168636e+00
7.636777201000463e-03	3.168636e+00
7.646777201000462e-03	3.168636e+00
7.656777201000463e-03	3.168636e+00
7.666777201000462e-03	3.168636e+00
7.676777201000463e-03	3.168636e+00
7.686777201000462e-03	3.168636e+00
7.696777201000463e-03	3.168636e+00
7.706777201000463e-03	3.168636e+00
7.716777201000462e-03	3.168636e+00
7.726777201000463e-03	3.168636e+00
7.736777201000462e-03	3.168636e+00
7.746777201000463e-03	3.168636e+00
7.756777201000462e-03	3.168636e+00
7.766777201000463e-03	3.168636e+00
7.776777201000462e-03	3.168636e+00
7.786777201000463e-03	3.168636e+00
7.796777201000462e-03	3.168636e+00
7.806777201000463e-03	3.168636e+00
7.816777201000463e-03	3.168636e+00
7.826777201000463e-03	3.168636e+00
7.836777201000462e-03	3.168636e+00
7.846777201000462e-03	3.168636e+00
7.856777201000463e-03	3.168636e+00
7.866777201000463e-03	3.168636e+00
7.876777201000463e-03	3.168636e+00
7.886777201000462e-03	3.168636e+00
7.896777201000462e-03	3.168636e+00
7.906777201000463e-03	3.168636e+00
7.916777201000463e-03	3.168636e+00
7.926777201000462e-03	3.168636e+00
7.936777201000462e-03	3.168636e+00
7.946777201000463e-03	3.168636e+00
7.956777201000463e-03	3.168636e+00
7.966777201000462e-03	3.168636e+00
7.976777201000462e-03	3.168636e+00
7.986777201000463e-03	3.168636e+00
7.996777201000463e-03	3.168636e+00
8.006777201000462e-03	3.168636e+00
8.016777201000462e-03	3.168636e+00
8.026777201000463e-03	3.168636e+00
8.036777201000463e-03	3.168636e+00
8.046777201000463e-03	3.168636e+00
8.056777201000462e-03	3.168636e+00
8.066777201000462e-03	3.168636e+00
8.076777201000463e-03	3.168636e+00
8.086777201000463e-03	3.168636e+00
8.096777201000462e-03	3.168636e+00
8.106777201000462e-03	3.168636e+00
8.116777201000463e-03	3.168636e+00
8.126777201000463e-03	3.168636e+00
8.136777201000462e-03	3.168636e+00
8.146777201000462e-03	3.168636e+00
8.156777201000463e-03	3.168636e+00
8.166777201000463e-03	3.168636e+00
8.176777201000462e-03	3.168636e+00
8.186777201000462e-03	3.168636e+00
8.196777201000462e-03	3.168636e+00
8.206777201000463e-03	3.168636e+00
8.216777201000463e-03	3.168636e+00
8.226777201000462e-03	3.168636e+00
8.236777201000462e-03	3.168636e+00
8.246777201000463e-03	3.168636e+00
8.256777201000463e-03	3.168636e+00
8.266777201000462e-03	3.168636e+00
8.276777201000462e-03	3.168636e+00
8.286777201000463e-03	3.168636e+00
8.296777201000463e-03	3.168636e+00
8.306777201000462e-03	3.168636e+00
8.316777201000462e-03	3.168636e+00
8.326777201000463e-03	3.168636e+00
8.336777201000463e-03	3.168636e+00
8.346777201000462e-03	3.168636e+00
8.356777201000462e-03	3.168636e+00
8.366777201000462e-03	3.168636e+00
8.376777201000463e-03	3.168636e+00
8.386777201000463e-03	3.168636e+00
8.396777201000462e-03	3.168636e+00
8.406777201000462e-03	3.168636e+00
8.416777201000463e-03	3.168636e+00
8.426777201000463e-03	3.168636e+00
8.436777201000462e-03	3.168636e+00
8.446777201000462e-03	3.168636e+00
8.456777201000463e-03	3.168636e+00
8.466777201000463e-03	3.168636e+00
8.476777201000462e-03	3.168636e+00
8.486777201000462e-03	3.168636e+00
8.496777201000463e-03	3.168636e+00
8.506777201000463e-03	3.168636e+00
8.516777201000462e-03	3.168636e+00
8.526777201000462e-03	3.168636e+00
8.536777201000462e-03	3.168636e+00
8.546777201000463e-03	3.168636e+00
8.556777201000463e-03	3.168636e+00
8.566777201000462e-03	3.168636e+00
8.576777201000462e-03	3.168636e+00
8.586777201000463e-03	3.168636e+00
8.596777201000463e-03	3.168636e+00
8.606777201000462e-03	3.168636e+00
8.616777201000462e-03	3.168636e+00
8.626777201000463e-03	3.168636e+00
8.636777201000463e-03	3.168636e+00
8.646777201000462e-03	3.168636e+00
8.656777201000462e-03	3.168636e+00
8.666777201000463e-03	3.168636e+00
8.676777201000463e-03	3.168636e+00
8.686777201000462e-03	3.168636e+00
8.696777201000462e-03	3.168636e+00
8.706777201000462e-03	3.168636e+00
8.716777201000463e-03	3.168636e+00
8.726777201000463e-03	3.168636e+00
8.736777201000462e-03	3.168636e+00
8.746777201000462e-03	3.168636e+00
8.756777201000463e-03	3.168636e+00
8.766777201000463e-03	3.168636e+00
8.776777201000462e-03	3.168636e+00
8.786777201000462e-03	3.168636e+00
8.796777201000463e-03	3.168636e+00
8.806777201000463e-03	3.168636e+00
8.816777201000462e-03	3.168636e+00
8.826777201000462e-03	3.168636e+00
8.836777201000462e-03	3.168636e+00
8.846777201000463e-03	3.168636e+00
8.856777201000463e-03	3.168636e+00
8.866777201000462e-03	3.168636e+00
8.876777201000462e-03	3.168636e+00
8.886777201000463e-03	3.168636e+00
8.896777201000463e-03	3.168636e+00
8.906777201000462e-03	3.168636e+00
8.916777201000462e-03	3.168636e+00
8.926777201000463e-03	3.168636e+00
8.936777201000463e-03	3.168636e+00
8.946777201000462e-03	3.168636e+00
8.956777201000462e-03	3.168636e+00
8.966777201000463e-03	3.168636e+00
8.976777201000463e-03	3.168636e+00
8.986777201000462e-03	3.168636e+00
8.996777201000462e-03	3.168636e+00
9.006777201000462e-03	3.168636e+00
9.016777201000463e-03	3.168636e+00
9.026777201000463e-03	3.168636e+00
9.036777201000462e-03	3.168636e+00
9.046777201000462e-03	3.168636e+00
9.056777201000463e-03	3.168636e+00
9.066777201000463e-03	3.168636e+00
9.076777201000462e-03	3.168636e+00
9.086777201000462e-03	3.168636e+00
9.096777201000463e-03	3.168636e+00
9.106777201000463e-03	3.168636e+00
9.116777201000462e-03	3.168636e+00
9.126777201000462e-03	3.168636e+00
9.136777201000463e-03	3.168636e+00
9.146777201000463e-03	3.168636e+00
9.156777201000462e-03	3.168636e+00
9.166777201000462e-03	3.168636e+00
9.176777201000462e-03	3.168636e+00
9.186777201000463e-03	3.168636e+00
9.196777201000463e-03	3.168636e+00
9.206777201000462e-03	3.168636e+00
9.216777201000462e-03	3.168636e+00
9.226777201000463e-03	3.168636e+00
9.236777201000463e-03	3.168636e+00
9.246777201000462e-03	3.168636e+00
9.256777201000462e-03	3.168636e+00
9.266777201000463e-03	3.168636e+00
9.276777201000463e-03	3.168636e+00
9.286777201000462e-03	3.168636e+00
9.296777201000462e-03	3.168636e+00
9.306777201000463e-03	3.168636e+00
9.316777201000463e-03	3.168636e+00
9.326777201000462e-03	3.168636e+00
9.336777201000462e-03	3.168636e+00
9.346777201000462e-03	3.168636e+00
9.356777201000463e-03	3.168636e+00
9.366777201000463e-03	3.168636e+00
9.376777201000462e-03	3.168636e+00
9.386777201000462e-03	3.168636e+00
9.396777201000463e-03	3.168636e+00
9.406777201000463e-03	3.168636e+00
9.416777201000462e-03	3.168636e+00
9.426777201000462e-03	3.168636e+00
9.436777201000463e-03	3.168636e+00
9.446777201000463e-03	3.168636e+00
9.456777201000462e-03	3.168636e+00
9.466777201000462e-03	3.168636e+00
9.476777201000462e-03	3.168636e+00
9.486777201000463e-03	3.168636e+00
9.496777201000462e-03	3.168636e+00
9.506777201000462e-03	3.168636e+00
9.516777201000462e-03	3.168636e+00
9.526777201000463e-03	3.168636e+00
9.536777201000463e-03	3.168636e+00
9.546777201000462e-03	3.168636e+00
9.556777201000462e-03	3.168636e+00
9.566777201000463e-03	3.168636e+00
9.576777201000463e-03	3.168636e+00
9.586777201000462e-03	3.168636e+00
9.596777201000462e-03	3.168636e+00
9.606777201000463e-03	3.168636e+00
9.616777201000463e-03	3.168636e+00
9.626777201000462e-03	3.168636e+00
9.636777201000462e-03	3.168636e+00
9.646777201000462e-03	3.168636e+00
9.656777201000463e-03	3.168636e+00
9.666777201000462e-03	3.168636e+00
9.676777201000462e-03	3.168636e+00
9.686777201000462e-03	3.168636e+00
9.696777201000463e-03	3.168636e+00
9.706777201000463e-03	3.168636e+00
9.716777201000462e-03	3.168636e+00
9.726777201000462e-03	3.168636e+00
9.736777201000463e-03	3.168636e+00
9.746777201000463e-03	3.168636e+00
9.756777201000462e-03	3.168636e+00
9.766777201000462e-03	3.168636e+00
9.776777201000463e-03	3.168636e+00
9.786777201000463e-03	3.168636e+00
9.796777201000462e-03	3.168636e+00
9.806777201000462e-03	3.168636e+00
9.816777201000462e-03	3.168636e+00
9.826777201000463e-03	3.168636e+00
9.836777201000462e-03	3.168636e+00
9.846777201000462e-03	3.168636e+00
9.856777201000462e-03	3.168636e+00
9.866777201000463e-03	3.168636e+00
9.876777201000463e-03	3.168636e+00
9.886777201000462e-03	3.168636e+00
9.896777201000462e-03	3.168636e+00
9.906777201000463e-03	3.168636e+00
9.916777201000463e-03	3.168636e+00
9.926777201000462e-03	3.168636e+00
9.936777201000462e-03	3.168636e+00
9.946777201000463e-03	3.168636e+00
9.956777201000463e-03	3.168636e+00
9.966777201000462e-03	3.168636e+00
9.976777201000462e-03	3.168636e+00
9.986777201000462e-03	3.168636e+00
9.996777201000463e-03	3.168636e+00
1.000000000000000e-02	3.168636e+00
1.000000000100000e-02	3.168636e+00
1.000000000200000e-02	3.168636e+00
1.000000000440036e-02	3.168636e+00
1.000000000670974e-02	3.168636e+00
1.000000001132851e-02	3.168636e+00
1.000000002056605e-02	3.168636e+00
1.000000003904114e-02	3.168636e+00
1.000000007599130e-02	3.168636e+00
1.000000014989163e-02	3.168636e+00
1.000000029769228e-02	3.168636e+00
1.000000059329359e-02	3.168636e+00
1.000000118449621e-02	3.168636e+00
1.000000236690145e-02	3.168636e+00
1.000000473171193e-02	3.168636e+00
1.000000946133288e-02	3.168636e+00
1.000001768974454e-02	3.168636e+00
1.000002963193180e-02	3.168636e+00
1.000005351630632e-02	3.168636e+00
1.000010099211722e-02	3.168636e+00
1.000015399174582e-02	3.168636e+00
1.000020605492797e-02	3.168636e+00
1.000026204290267e-02	3.168636e+00
1.000031701510431e-02	3.168636e+00
1.000042695950758e-02	3.168637e+00
1.000045444560840e-02	3.168637e+00
1.000050941781004e-02	3.168637e+00
1.000061936221331e-02	3.168637e+00
1.000083925101986e-02	3.168637e+00
1.000118355096420e-02	3.168635e+00
1.000178014341562e-02	3.168629e+00
1.000250495157268e-02	3.168620e+00
1.000264196014501e-02	3.168618e+00
1.000291597728967e-02	3.168613e+00
1.000346401157899e-02	3.168601e+00
1.000456008015762e-02	3.168566e+00
1.000675221731489e-02	3.166830e+00
1.000947219981346e-02	3.158615e+00
1.001364843820947e-02	3.120425e+00
1.001755033682161e-02	2.836519e+00
1.002032578568205e-02	2.591872e+00
1.002167795162441e-02	2.544675e+00
1.002254909615271e-02	2.534156e+00
1.002341866836992e-02	2.529267e+00
1.002430851603807e-02	2.526332e+00
1.002540613343013e-02	2.524764e+00
1.002662233913987e-02	2.523828e+00
1.002792091209103e-02	2.523542e+00
1.003007300108911e-02	2.523188e+00
1.003211722094055e-02	2.523214e+00
1.003620566064344e-02	2.523012e+00
1.004137179308876e-02	2.522998e+00
1.005137179308876e-02	2.522644e+00
1.006137179308876e-02	2.522468e+00
1.007137179308876e-02	2.522051e+00
1.008137179308876e-02	2.521792e+00
1.009137179308876e-02	2.521277e+00
1.010000000000000e-02	2.520983e+00
1.010000000100000e-02	2.520983e+00
1.010000001700000e-02	2.520983e+00
1.010000004900000e-02	2.520983e+00
1.010000011300000e-02	2.520982e+00
1.010000024100000e-02	2.520982e+00
1.010000049700000e-02	2.520980e+00
1.010000100900000e-02	2.520978e+00
1.010000203300000e-02	2.520975e+00
1.010000408100000e-02	2.520969e+00
1.010000817700000e-02	2.520959e+00
1.010001636900000e-02	2.520946e+00
1.010003275300001e-02	2.520934e+00
1.010006552100002e-02	2.520929e+00
1.010013105700003e-02	2.520926e+00
1.010026212900006e-02	2.520919e+00
1.010052427300013e-02	2.520905e+00
1.010104856100025e-02	2.520878e+00
1.010209713700050e-02	2.520823e+00
1.010419428900100e-02	2.520709e+00
1.010838859300201e-02	2.520465e+00
1.011677720100402e-02	2.519915e+00
1.012677720100402e-02	2.519146e+00
1.013677720100402e-02	2.518199e+00
1.014677720100401e-02	2.519822e+00
1.015277249928206e-02	2.559390e+00
1.015622030549674e-02	2.663149e+00
1.015961392045091e-02	2.816872e+00
1.016248219027752e-02	2.946999e+00
1.016508546419937e-02	3.063246e+00
1.017029201204307e-02	3.293179e+00
1.018029201204307e-02	3.719828e+00
1.019029201204307e-02	4.097206e+00
1.020029201204307e-02	4.197743e+00
1.021029201204307e-02	4.224907e+00
1.022029201204307e-02	4.226800e+00
1.023029201204307e-02	4.222264e+00
1.024029201204307e-02	4.212632e+00
1.025029201204307e-02	4.199658e+00
1.026029201204307e-02	4.184173e+00
1.027029201204307e-02	4.166933e+00
1.028029201204307e-02	4.148416e+00
1.029029201204307e-02	4.129180e+00
1.030029201204307e-02	4.109628e+00
1.031029201204307e-02	4.090435e+00
1.032029201204307e-02	4.072900e+00
1.033029201204307e-02	4.060919e+00
1.034029201204307e-02	4.055800e+00
1.035029201204307e-02	4.052615e+00
1.036029201204307e-02	4.044939e+00
1.037029201204307e-02	4.006433e+00
1.038029201204307e-02	3.887207e+00
1.039029201204307e-02	3.628026e+00
1.040029201204307e-02	3.365568e+00
1.041029201204307e-02	3.198876e+00
1.042029201204307e-02	3.132642e+00
1.043029201204307e-02	3.128707e+00
1.044029201204307e-02	3.125650e+00
1.045029201204307e-02	3.116123e+00
1.046029201204307e-02	3.120633e+00
1.047029201204307e-02	3.123288e+00
1.048029201204307e-02	3.126406e+00
1.049029201204307e-02	3.128083e+00
1.050029201204307e-02	3.130306e+00
1.051029201204307e-02	3.131431e+00
1.052029201204307e-02	3.132903e+00
1.053029201204307e-02	3.133657e+00
1.054029201204307e-02	3.134672e+00
1.055029201204307e-02	3.135063e+00
1.056029201204307e-02	3.135661e+00
1.057029201204307e-02	3.135258e+00
1.058029201204307e-02	3.133639e+00
1.059029201204307e-02	3.129380e+00
1.060029201204307e-02	3.122727e+00
1.061029201204307e-02	3.113294e+00
1.062029201204307e-02	3.101519e+00
1.063029201204307e-02	3.086910e+00
1.064029201204307e-02	3.069688e+00
1.065029201204307e-02	3.049501e+00
1.066029201204307e-02	3.027392e+00
1.067029201204307e-02	3.004488e+00
1.068029201204307e-02	2.982130e+00
1.069029201204307e-02	2.960411e+00
1.070029201204307e-02	2.939381e+00
1.071029201204307e-02	2.918846e+00
1.072029201204307e-02	2.898914e+00
1.073029201204307e-02	2.879449e+00
1.074029201204307e-02	2.860536e+00
1.075029201204307e-02	2.842061e+00
1.076029201204307e-02	2.824079e+00
1.077029201204307e-02	2.806494e+00
1.078029201204307e-02	2.789331e+00
1.079029201204307e-02	2.772495e+00
1.080029201204307e-02	2.755977e+00
1.081029201204307e-02	2.739662e+00
1.082029201204307e-02	2.723475e+00
1.083029201204307e-02	2.707252e+00
1.084029201204307e-02	2.690603e+00
1.085029201204307e-02	2.672720e+00
1.086029201204307e-02	2.651139e+00
1.087029201204307e-02	2.626213e+00
1.088029201204307e-02	2.602245e+00
1.089029201204307e-02	2.580923e+00
1.090029201204307e-02	2.563108e+00
1.091029201204307e-02	2.549289e+00
1.092029201204307e-02	2.539338e+00
1.093029201204307e-02	2.532588e+00
1.094029201204307e-02	2.528542e+00
1.095029201204307e-02	2.526263e+00
1.096029201204307e-02	2.525180e+00
1.097029201204307e-02	2.524665e+00
1.098029201204307e-02	2.524457e+00
1.099029201204307e-02	2.524373e+00
1.100000000100000e-02	2.524785e+00
1.100000000200000e-02	2.524785e+00
1.100000001800000e-02	2.524785e+00
1.100000005000000e-02	2.524785e+00
1.100000011400000e-02	2.524785e+00
1.100000024200000e-02	2.524784e+00
1.100000049800000e-02	2.524783e+00
1.100000101000000e-02	2.524782e+00
1.100000203400000e-02	2.524780e+00
1.100000408200000e-02	2.524777e+00
1.100000817800000e-02	2.524774e+00
1.100001637000000e-02	2.524769e+00
1.100003275400001e-02	2.524764e+00
1.100006552200002e-02	2.524761e+00
1.100013105800003e-02	2.524760e+00
1.100026213000006e-02	2.524759e+00
1.100052427400013e-02	2.524757e+00
1.100104856200025e-02	2.524751e+00
1.100209713800050e-02	2.524735e+00
1.100419429000100e-02	2.524693e+00
1.100838859400201e-02	2.524571e+00
1.101677720200402e-02	2.524379e+00
1.102677720200402e-02	2.524326e+00
1.103677720200402e-02	2.524333e+00
1.104677720200402e-02	2.524342e+00
1.105677720200402e-02	2.524350e+00
1.106677720200402e-02	2.524358e+00
1.107677720200402e-02	2.524366e+00
1.108677720200402e-02	2.524372e+00
1.109677720200402e-02	2.524378e+00
1.110677720200402e-02	2.524383e+00
1.111677720200402e-02	2.524388e+00
1.112677720200402e-02	2.524392e+00
1.113677720200402e-02	2.524395e+00
1.114677720200402e-02	2.524398e+00
1.115677720200402e-02	2.524400e+00
1.116677720200402e-02	2.524402e+00
1.117677720200402e-02	2.524404e+00
1.118677720200402e-02	2.524406e+00
1.119677720200402e-02	2.524407e+00
1.120677720200402e-02	2.524408e+00
1.121677720200402e-02	2.524409e+00
1.122677720200402e-02	2.524410e+00
1.123677720200402e-02	2.524410e+00
1.124677720200402e-02	2.524411e+00
1.125677720200402e-02	2.524411e+00
1.126677720200402e-02	2.524412e+00
1.127677720200402e-02	2.524412e+00
1.128677720200402e-02	2.524412e+00
1.129677720200402e-02	2.524412e+00
1.130677720200402e-02	2.524413e+00
1.131677720200402e-02	2.524413e+00
1.132677720200402e-02	2.524413e+00
1.133677720200402e-02	2.524413e+00
1.134677720200402e-02	2.524413e+00
1.135677720200402e-02	2.524413e+00
1.136677720200402e-02	2.524413e+00
1.137677720200402e-02	2.524413e+00
1.138677720200402e-02	2.524413e+00
1.139677720200402e-02	2.524414e+00
1.140677720200402e-02	2.524414e+00
1.141677720200402e-02	2.524413e+00
1.142677720200402e-02	2.524414e+00
1.143677720200402e-02	2.524414e+00
1.144677720200402e-02	2.524414e+00
1.145677720200402e-02	2.524414e+00
1.146677720200402e-02	2.524414e+00
1.147677720200402e-02	2.524414e+00
1.148677720200402e-02	2.524414e+00
1.149677720200402e-02	2.524414e+00
1.150677720200402e-02	2.524414e+00
1.151677720200402e-02	2.524414e+00
1.152677720200402e-02	2.524414e+00
1.153677720200402e-02	2.524414e+00
1.154677720200402e-02	2.524414e+00
1.155677720200402e-02	2.524414e+00
1.156677720200402e-02	2.524414e+00
1.157677720200402e-02	2.524414e+00
1.158677720200402e-02	2.524414e+00
1.159677720200402e-02	2.524414e+00
1.160677720200402e-02	2.524414e+00
1.161677720200402e-02	2.524414e+00
1.162677720200402e-02	2.524414e+00
1.163677720200402e-02	2.524414e+00
1.164677720200402e-02	2.524414e+00
1.165677720200402e-02	2.524414e+00
1.166677720200402e-02	2.524414e+00
1.167677720200402e-02	2.524414e+00
1.168677720200402e-02	2.524414e+00
1.169677720200402e-02	2.524414e+00
1.170677720200402e-02	2.524414e+00
1.171677720200402e-02	2.524414e+00
1.172677720200402e-02	2.524414e+00
1.173677720200402e-02	2.524414e+00
1.174677720200402e-02	2.524414e+00
1.175677720200402e-02	2.524414e+00
1.176677720200402e-02	2.524414e+00
1.177677720200402e-02	2.524414e+00
1.178677720200402e-02	2.524414e+00
1.179677720200402e-02	2.524414e+00
1.180677720200402e-02	2.524414e+00
1.181677720200402e-02	2.524414e+00
1.182677720200402e-02	2.524414e+00
1.183677720200402e-02	2.524414e+00
1.184677720200402e-02	2.524414e+00
1.185677720200402e-02	2.524414e+00
1.186677720200402e-02	2.524414e+00
1.187677720200402e-02	2.524414e+00
1.188677720200402e-02	2.524414e+00
1.189677720200402e-02	2.524414e+00
1.190677720200402e-02	2.524414e+00
1.191677720200402e-02	2.524414e+00
1.192677720200402e-02	2.524414e+00
1.193677720200402e-02	2.524414e+00
1.194677720200402e-02	2.524414e+00
1.195677720200402e-02	2.524414e+00
1.196677720200402e-02	2.524414e+00
1.197677720200402e-02	2.524414e+00
1.198677720200402e-02	2.524414e+00
1.199677720200402e-02	2.524414e+00
1.200677720200402e-02	2.524414e+00
1.201677720200402e-02	2.524414e+00
1.202677720200402e-02	2.524414e+00
1.203677720200402e-02	2.524414e+00
1.204677720200402e-02	2.524414e+00
1.205677720200402e-02	2.524414e+00
1.206677720200402e-02	2.524414e+00
1.207677720200402e-02	2.524414e+00
1.208677720200402e-02	2.524414e+00
1.209677720200402e-02	2.524414e+00
1.210677720200402e-02	2.524414e+00
1.211677720200402e-02	2.524414e+00
1.212677720200402e-02	2.524414e+00
1.213677720200402e-02	2.524414e+00
1.214677720200402e-02	2.524414e+00
1.215677720200402e-02	2.524414e+00
1.216677720200402e-02	2.524414e+00
1.217677720200402e-02	2.524414e+00
1.218677720200402e-02	2.524414e+00
1.219677720200402e-02	2.524414e+00
1.220677720200402e-02	2.524414e+00
1.221677720200402e-02	2.524414e+00
1.222677720200402e-02	2.524414e+00
1.223677720200402e-02	2.524414e+00
1.224677720200402e-02	2.524414e+00
1.225677720200402e-02	2.524414e+00
1.226677720200402e-02	2.524414e+00
1.227677720200402e-02	2.524414e+00
1.228677720200402e-02	2.524414e+00
1.229677720200402e-02	2.524414e+00
1.230677720200402e-02	2.524414e+00
1.231677720200402e-02	2.524414e+00
1.232677720200402e-02	2.524414e+00
1.233677720200402e-02	2.524414e+00
1.234677720200402e-02	2.524414e+00
1.235677720200402e-02	2.524414e+00
1.236677720200402e-02	2.524414e+00
1.237677720200402e-02	2.524414e+00
1.238677720200402e-02	2.524414e+00
1.239677720200402e-02	2.524414e+00
1.240677720200402e-02	2.524414e+00
1.241677720200402e-02	2.524414e+00
1.242677720200402e-02	2.524414e+00
1.243677720200402e-02	2.524414e+00
1.244677720200402e-02	2.524414e+00
1.245677720200402e-02	2.524414e+00
1.246677720200402e-02	2.524414e+00
1.247677720200402e-02	2.524414e+00
1.248677720200402e-02	2.524414e+00
1.249677720200402e-02	2.524414e+00
1.250677720200402e-02	2.524414e+00
1.251677720200402e-02	2.524414e+00
1.252677720200402e-02	2.524414e+00
1.253677720200402e-02	2.524414e+00
1.254677720200402e-02	2.524414e+00
1.255677720200402e-02	2.524414e+00
1.256677720200402e-02	2.524415e+00
1.257677720200402e-02	2.524414e+00
1.258677720200402e-02	2.524415e+00
1.259677720200402e-02	2.524414e+00
1.260677720200402e-02	2.524414e+00
1.261677720200402e-02	2.524414e+00
1.262677720200402e-02	2.524414e+00
1.263677720200402e-02	2.524414e+00
1.264677720200402e-02	2.524414e+00
1.265677720200402e-02	2.524414e+00
1.266677720200402e-02	2.524414e+00
1.267677720200402e-02	2.524414e+00
1.268677720200402e-02	2.524415e+00
1.269677720200402e-02	2.524414e+00
1.270677720200402e-02	2.524414e+00
1.271677720200402e-02	2.524414e+00
1.272677720200402e-02	2.524414e+00
1.273677720200402e-02	2.524414e+00
1.274677720200402e-02	2.524414e+00
1.275677720200402e-02	2.524414e+00
1.276677720200402e-02	2.524414e+00
1.277677720200402e-02	2.524414e+00
1.278677720200402e-02	2.524414e+00
1.279677720200402e-02	2.524414e+00
1.280677720200402e-02	2.524415e+00
1.281677720200402e-02	2.524415e+00
1.282677720200402e-02	2.524415e+00
1.283677720200402e-02	2.524414e+00
1.284677720200402e-02	2.524414e+00
1.285677720200402e-02	2.524415e+00
1.286677720200402e-02	2.524415e+00
1.287677720200402e-02	2.524414e+00
1.288677720200402e-02	2.524414e+00
1.289677720200402e-02	2.524414e+00
1.290677720200402e-02	2.524414e+00
1.291677720200402e-02	2.524415e+00
1.292677720200402e-02	2.524415e+00
1.293677720200402e-02	2.524414e+00
1.294677720200402e-02	2.524415e+00
1.295677720200402e-02	2.524414e+00
1.296677720200402e-02	2.524415e+00
1.297677720200402e-02	2.524414e+00
1.298677720200402e-02	2.524415e+00
1.299677720200402e-02	2.524414e+00
1.300677720200402e-02	2.524415e+00
1.301677720200402e-02	2.524414e+00
1.302677720200402e-02	2.524414e+00
1.303677720200402e-02	2.524415e+00
1.304677720200402e-02	2.524414e+00
1.305677720200402e-02	2.524414e+00
1.306677720200402e-02	2.524415e+00
1.307677720200402e-02	2.524414e+00
1.308677720200402e-02	2.524414e+00
1.309677720200402e-02	2.524415e+00
1.310677720200402e-02	2.524415e+00
1.311677720200402e-02	2.524414e+00
1.312677720200402e-02	2.524415e+00
1.313677720200402e-02	2.524415e+00
1.314677720200402e-02	2.524415e+00
1.315677720200402e-02	2.524414e+00
1.316677720200402e-02	2.524414e+00
1.317677720200402e-02	2.524414e+00
1.318677720200402e-02	2.524415e+00
1.319677720200402e-02	2.524415e+00
1.320677720200402e-02	2.524415e+00
1.321677720200402e-02	2.524415e+00
1.322677720200402e-02	2.524415e+00
1.323677720200402e-02	2.524415e+00
1.324677720200402e-02	2.524414e+00
1.325677720200402e-02	2.524414e+00
1.326677720200402e-02	2.524414e+00
1.327677720200402e-02	2.524414e+00
1.328677720200402e-02	2.524414e+00
1.329677720200402e-02	2.524414e+00
1.330677720200402e-02	2.524414e+00
1.331677720200402e-02	2.524414e+00
1.332677720200402e-02	2.524415e+00
1.333677720200402e-02	2.524415e+00
1.334677720200402e-02	2.524415e+00
1.335677720200402e-02	2.524415e+00
1.336677720200402e-02	2.524415e+00
1.337677720200402e-02	2.524415e+00
1.338677720200402e-02	2.524415e+00
1.339677720200402e-02	2.524414e+00
1.340677720200402e-02	2.524414e+00
1.341677720200402e-02	2.524414e+00
1.342677720200402e-02	2.524415e+00
1.343677720200402e-02	2.524415e+00
1.344677720200402e-02	2.524415e+00
1.345677720200402e-02	2.524414e+00
1.346677720200402e-02	2.524414e+00
1.347677720200402e-02	2.524415e+00
1.348677720200402e-02	2.524415e+00
1.349677720200402e-02	2.524414e+00
1.350677720200402e-02	2.524414e+00
1.351677720200402e-02	2.524415e+00
1.352677720200402e-02	2.524415e+00
1.353677720200402e-02	2.524414e+00
1.354677720200402e-02	2.524414e+00
1.355677720200401e-02	2.524415e+00
1.356677720200402e-02	2.524415e+00
1.357677720200402e-02	2.524414e+00
1.358677720200402e-02	2.524415e+00
1.359677720200402e-02	2.524415e+00
1.360677720200402e-02	2.524414e+00
1.361677720200402e-02	2.524415e+00
1.362677720200402e-02	2.524415e+00
1.363677720200402e-02	2.524414e+00
1.364677720200402e-02	2.524415e+00
1.365677720200402e-02	2.524414e+00
1.366677720200402e-02	2.524415e+00
1.367677720200402e-02	2.524415e+00
1.368677720200402e-02	2.524414e+00
1.369677720200402e-02	2.524415e+00
1.370677720200402e-02	2.524415e+00
1.371677720200402e-02	2.524415e+00
1.372677720200401e-02	2.524415e+00
1.373677720200402e-02	2.524415e+00
1.374677720200402e-02	2.524415e+00
1.375677720200402e-02	2.524414e+00
1.376677720200402e-02	2.524415e+00
1.377677720200402e-02	2.524414e+00
1.378677720200402e-02	2.524415e+00
1.379677720200402e-02	2.524414e+00
1.380677720200402e-02	2.524415e+00
1.381677720200402e-02	2.524414e+00
1.382677720200402e-02	2.524415e+00
1.383677720200402e-02	2.524414e+00
1.384677720200402e-02	2.524415e+00
1.385677720200402e-02	2.524414e+00
1.386677720200402e-02	2.524415e+00
1.387677720200402e-02	2.524414e+00
1.388677720200402e-02	2.524415e+00
1.389677720200401e-02	2.524414e+00
1.390677720200402e-02	2.524415e+00
1.391677720200402e-02	2.524415e+00
1.392677720200402e-02	2.524415e+00
1.393677720200402e-02	2.524415e+00
1.394677720200402e-02	2.524415e+00
1.395677720200402e-02	2.524415e+00
1.396677720200402e-02	2.524414e+00
1.397677720200402e-02	2.524415e+00
1.398677720200402e-02	2.524415e+00
1.399677720200402e-02	2.524414e+00
1.400677720200402e-02	2.524415e+00
1.401677720200402e-02	2.524414e+00
1.402677720200402e-02	2.524415e+00
1.403677720200402e-02	2.524415e+00
1.404677720200402e-02	2.524415e+00
1.405677720200402e-02	2.524415e+00
1.406677720200402e-02	2.524415e+00
1.407677720200402e-02	2.524414e+00
1.408677720200402e-02	2.524415e+00
1.409677720200402e-02	2.524415e+00
1.410677720200402e-02	2.524415e+00
1.411677720200402e-02	2.524415e+00
1.412677720200402e-02	2.524415e+00
1.413677720200402e-02	2.524414e+00
1.414677720200402e-02	2.524415e+00
1.415677720200402e-02	2.524415e+00
1.416677720200402e-02	2.524415e+00
1.417677720200402e-02	2.524415e+00
1.418677720200402e-02	2.524415e+00
1.419677720200401e-02	2.524414e+00
1.420677720200402e-02	2.524415e+00
1.421677720200402e-02	2.524415e+00
1.422677720200402e-02	2.524415e+00
1.423677720200402e-02	2.524415e+00
1.424677720200402e-02	2.524415e+00
1.425677720200402e-02	2.524415e+00
1.426677720200402e-02	2.524415e+00
1.427677720200402e-02	2.524415e+00
1.428677720200402e-02	2.524415e+00
1.429677720200402e-02	2.524414e+00
1.430677720200402e-02	2.524415e+00
1.431677720200402e-02	2.524415e+00
1.432677720200402e-02	2.524415e+00
1.433677720200402e-02	2.524414e+00
1.434677720200402e-02	2.524415e+00
1.435677720200402e-02	2.524415e+00
1.436677720200401e-02	2.524415e+00
1.437677720200402e-02	2.524414e+00
1.438677720200402e-02	2.524415e+00
1.439677720200402e-02	2.524415e+00
1.440677720200402e-02	2.524415e+00
1.441677720200402e-02	2.524414e+00
1.442677720200402e-02	2.524415e+00
1.443677720200402e-02	2.524415e+00
1.444677720200402e-02	2.524415e+00
1.445677720200402e-02	2.524415e+00
1.446677720200402e-02	2.524415e+00
1.447677720200402e-02	2.524415e+00
1.448677720200402e-02	2.524415e+00
1.449677720200402e-02	2.524415e+00
1.450677720200402e-02	2.524414e+00
1.451677720200402e-02	2.524414e+00
1.452677720200402e-02	2.524415e+00
1.453677720200401e-02	2.524415e+00
1.454677720200402e-02	2.524415e+00
1.455677720200402e-02	2.524414e+00
1.456677720200402e-02	2.524415e+00
1.457677720200402e-02	2.524415e+00
1.458677720200402e-02	2.524415e+00
1.459677720200402e-02	2.524415e+00
1.460677720200402e-02	2.524415e+00
1.461677720200402e-02	2.524414e+00
1.462677720200402e-02	2.524415e+00
1.463677720200402e-02	2.524415e+00
1.464677720200402e-02	2.524415e+00
1.465677720200402e-02	2.524415e+00
1.466677720200402e-02	2.524414e+00
1.467677720200402e-02	2.524414e+00
1.468677720200402e-02	2.524415e+00
1.469677720200402e-02	2.524415e+00
1.470677720200401e-02	2.524415e+00
1.471677720200402e-02	2.524415e+00
1.472677720200402e-02	2.524415e+00
1.473677720200402e-02	2.524414e+00
1.474677720200402e-02	2.524415e+00
1.475677720200402e-02	2.524415e+00
1.476677720200402e-02	2.524415e+00
1.477677720200402e-02	2.524415e+00
1.478677720200402e-02	2.524415e+00
1.479677720200402e-02	2.524415e+00
1.480677720200402e-02	2.524415e+00
1.481677720200402e-02	2.524414e+00
1.482677720200402e-02	2.524415e+00
1.483677720200401e-02	2.524415e+00
1.484677720200402e-02	2.524415e+00
1.485677720200402e-02	2.524415e+00
1.486677720200402e-02	2.524415e+00
1.487677720200401e-02	2.524414e+00
1.488677720200402e-02	2.524415e+00
1.489677720200402e-02	2.524415e+00
1.490677720200402e-02	2.524415e+00
1.491677720200402e-02	2.524415e+00
1.492677720200402e-02	2.524415e+00
1.493677720200402e-02	2.524415e+00
1.494677720200402e-02	2.524415e+00
1.495677720200402e-02	2.524414e+00
1.496677720200402e-02	2.524415e+00
1.497677720200402e-02	2.524414e+00
1.498677720200402e-02	2.524415e+00
1.499677720200402e-02	2.524415e+00
1.500677720200401e-02	2.524415e+00
1.501677720200402e-02	2.524415e+00
1.502677720200402e-02	2.524415e+00
1.503677720200402e-02	2.524415e+00
1.504677720200401e-02	2.524414e+00
1.505677720200402e-02	2.524414e+00
1.506677720200402e-02	2.524415e+00
1.507677720200402e-02	2.524415e+00
1.508677720200402e-02	2.524415e+00
1.509677720200402e-02	2.524415e+00
1.510677720200402e-02	2.524415e+00
1.511677720200402e-02	2.524415e+00
1.512677720200402e-02	2.524415e+00
1.513677720200402e-02	2.524415e+00
1.514677720200402e-02	2.524415e+00
1.515677720200402e-02	2.524414e+00
1.516677720200402e-02	2.524415e+00
1.517677720200401e-02	2.524414e+00
1.518677720200402e-02	2.524415e+00
1.519677720200402e-02	2.524415e+00
1.520677720200402e-02	2.524415e+00
1.521677720200401e-02	2.524415e+00
1.522677720200402e-02	2.524415e+00
1.523677720200402e-02	2.524415e+00
1.524677720200402e-02	2.524415e+00
1.525677720200402e-02	2.524415e+00
1.526677720200402e-02	2.524415e+00
1.527677720200402e-02	2.524414e+00
1.528677720200402e-02	2.524415e+00
1.529677720200402e-02	2.524414e+00
1.530677720200402e-02	2.524415e+00
1.531677720200402e-02	2.524415e+00
1.532677720200402e-02	2.524415e+00
1.533677720200402e-02	2.524415e+00
1.534677720200401e-02	2.524415e+00
1.535677720200402e-02	2.524415e+00
1.536677720200402e-02	2.524415e+00
1.537677720200402e-02	2.524415e+00
1.538677720200401e-02	2.524415e+00
1.539677720200402e-02	2.524415e+00
1.540677720200402e-02	2.524415e+00
1.541677720200402e-02	2.524415e+00
1.542677720200402e-02	2.524415e+00
1.543677720200402e-02	2.524414e+00
1.544677720200402e-02	2.524415e+00
1.545677720200402e-02	2.524414e+00
1.546677720200402e-02	2.524415e+00
1.547677720200401e-02	2.524415e+00
1.548677720200402e-02	2.524415e+00
1.549677720200402e-02	2.524415e+00
1.550677720200402e-02	2.524415e+00
1.551677720200401e-02	2.524415e+00
1.552677720200402e-02	2.524415e+00
1.553677720200402e-02	2.524415e+00
1.554677720200402e-02	2.524415e+00
1.555677720200402e-02	2.524415e+00
1.556677720200402e-02	2.524415e+00
1.557677720200402e-02	2.524415e+00
1.558677720200402e-02	2.524415e+00
1.559677720200402e-02	2.524414e+00
1.560677720200402e-02	2.524415e+00
1.561677720200402e-02	2.524414e+00
1.562677720200402e-02	2.524415e+00
1.563677720200402e-02	2.524414e+00
1.564677720200401e-02	2.524415e+00
1.565677720200401e-02	2.524415e+00
1.566677720200401e-02	2.524415e+00
1.567677720200402e-02	2.524415e+00
1.568677720200402e-02	2.524415e+00
1.569677720200402e-02	2.524415e+00
1.570677720200402e-02	2.524415e+00
1.571677720200402e-02	2.524415e+00
1.572677720200402e-02	2.524415e+00
1.573677720200401e-02	2.524415e+00
1.574677720200401e-02	2.524415e+00
1.575677720200402e-02	2.524415e+00
1.576677720200402e-02	2.524415e+00
1.577677720200402e-02	2.524415e+00
1.578677720200402e-02	2.524415e+00
1.579677720200402e-02	2.524415e+00
1.580677720200402e-02	2.524415e+00
1.581677720200401e-02	2.524415e+00
1.582677720200401e-02	2.524414e+00
1.583677720200401e-02	2.524414e+00
1.584677720200402e-02	2.524415e+00
1.585677720200402e-02	2.524414e+00
1.586677720200402e-02	2.524415e+00
1.587677720200402e-02	2.524414e+00
1.588677720200402e-02	2.524415e+00
1.589677720200402e-02	2.524415e+00
1.590677720200401e-02	2.524415e+00
1.591677720200401e-02	2.524415e+00
1.592677720200402e-02	2.524415e+00
1.593677720200402e-02	2.524415e+00
1.594677720200402e-02	2.524415e+00
1.595677720200402e-02	2.524415e+00
1.596677720200402e-02	2.524415e+00
1.597677720200402e-02	2.524415e+00
1.598677720200401e-02	2.524415e+00
1.599677720200401e-02	2.524415e+00
1.600677720200401e-02	2.524415e+00
1.601677720200402e-02	2.524415e+00
1.602677720200402e-02	2.524415e+00
1.603677720200402e-02	2.524415e+00
1.604677720200402e-02	2.524415e+00
1.605677720200402e-02	2.524415e+00
1.606677720200402e-02	2.524415e+00
1.607677720200401e-02	2.524415e+00
1.608677720200401e-02	2.524415e+00
1.609677720200402e-02	2.524415e+00
1.610677720200402e-02	2.524415e+00
1.611677720200402e-02	2.524415e+00
1.612677720200402e-02	2.524415e+00
1.613677720200402e-02	2.524415e+00
1.614677720200402e-02	2.524415e+00
1.615677720200401e-02	2.524415e+00
1.616677720200401e-02	2.524415e+00
1.617677720200401e-02	2.524414e+00
1.618677720200402e-02	2.524415e+00
1.619677720200402e-02	2.524414e+00
1.620677720200402e-02	2.524415e+00
1.621677720200402e-02	2.524414e+00
1.622677720200402e-02	2.524415e+00
1.623677720200402e-02	2.524414e+00
1.624677720200401e-02	2.524415e+00
1.625677720200401e-02	2.524414e+00
1.626677720200402e-02	2.524415e+00
1.627677720200402e-02	2.524415e+00
1.628677720200402e-02	2.524415e+00
1.629677720200402e-02	2.524415e+00
1.630677720200402e-02	2.524415e+00
1.631677720200402e-02	2.524415e+00
1.632677720200401e-02	2.524415e+00
1.633677720200401e-02	2.524415e+00
1.634677720200401e-02	2.524415e+00
1.635677720200402e-02	2.524415e+00
1.636677720200402e-02	2.524415e+00
1.637677720200402e-02	2.524415e+00
1.638677720200402e-02	2.524415e+00
1.639677720200402e-02	2.524415e+00
1.640677720200402e-02	2.524415e+00
1.641677720200401e-02	2.524415e+00
1.642677720200401e-02	2.524415e+00
1.643677720200401e-02	2.524415e+00
1.644677720200402e-02	2.524415e+00
1.645677720200402e-02	2.524415e+00
1.646677720200402e-02	2.524415e+00
1.647677720200402e-02	2.524415e+00
1.648677720200402e-02	2.524415e+00
1.649677720200401e-02	2.524415e+00
1.650677720200401e-02	2.524415e+00
1.651677720200401e-02	2.524415e+00
1.652677720200402e-02	2.524415e+00
1.653677720200402e-02	2.524415e+00
1.654677720200402e-02	2.524415e+00
1.655677720200402e-02	2.524415e+00
1.656677720200402e-02	2.524415e+00
1.657677720200402e-02	2.524415e+00
1.658677720200401e-02	2.524415e+00
1.659677720200401e-02	2.524415e+00
1.660677720200401e-02	2.524415e+00
1.661677720200402e-02	2.524415e+00
1.662677720200402e-02	2.524415e+00
1.663677720200402e-02	2.524415e+00
1.664677720200402e-02	2.524415e+00
1.665677720200402e-02	2.524415e+00
1.666677720200401e-02	2.524415e+00
1.667677720200401e-02	2.524415e+00
1.668677720200401e-02	2.524415e+00
1.669677720200402e-02	2.524415e+00
1.670677720200402e-02	2.524415e+00
1.671677720200402e-02	2.524415e+00
1.672677720200402e-02	2.524415e+00
1.673677720200402e-02	2.524415e+00
1.674677720200402e-02	2.524414e+00
1.675677720200401e-02	2.524414e+00
1.676677720200401e-02	2.524415e+00
1.677677720200401e-02	2.524414e+00
1.678677720200402e-02	2.524415e+00
1.679677720200402e-02	2.524414e+00
1.680677720200402e-02	2.524415e+00
1.681677720200402e-02	2.524414e+00
1.682677720200402e-02	2.524415e+00
1.683677720200401e-02	2.524414e+00
1.684677720200401e-02	2.524415e+00
1.685677720200401e-02	2.524414e+00
1.686677720200402e-02	2.524415e+00
1.687677720200402e-02	2.524414e+00
1.688677720200402e-02	2.524415e+00
1.689677720200402e-02	2.524414e+00
1.690677720200402e-02	2.524415e+00
1.691677720200402e-02	2.524414e+00
1.692677720200401e-02	2.524415e+00
1.693677720200401e-02	2.524414e+00
1.694677720200401e-02	2.524415e+00
1.695677720200402e-02	2.524414e+00
1.696677720200402e-02	2.524415e+00
1.697677720200402e-02	2.524414e+00
1.698677720200402e-02	2.524415e+00
1.699677720200402e-02	2.524415e+00
1.700677720200401e-02	2.524415e+00
1.701677720200401e-02	2.524415e+00
1.702677720200401e-02	2.524415e+00
1.703677720200402e-02	2.524415e+00
1.704677720200402e-02	2.524415e+00
1.705677720200402e-02	2.524415e+00
1.706677720200402e-02	2.524415e+00
1.707677720200402e-02	2.524415e+00
1.708677720200402e-02	2.524415e+00
1.709677720200401e-02	2.524415e+00
1.710677720200401e-02	2.524415e+00
1.711677720200401e-02	2.524415e+00
1.712677720200402e-02	2.524415e+00
1.713677720200402e-02	2.524415e+00
1.714677720200402e-02	2.524415e+00
1.715677720200402e-02	2.524415e+00
1.716677720200402e-02	2.524415e+00
1.717677720200401e-02	2.524415e+00
1.718677720200401e-02	2.524415e+00
1.719677720200401e-02	2.524415e+00
1.720677720200402e-02	2.524415e+00
1.721677720200402e-02	2.524415e+00
1.722677720200402e-02	2.524415e+00
1.723677720200402e-02	2.524415e+00
1.724677720200402e-02	2.524415e+00
1.725677720200402e-02	2.524415e+00
1.726677720200401e-02	2.524415e+00
1.727677720200401e-02	2.524415e+00
1.728677720200401e-02	2.524415e+00
1.729677720200402e-02	2.524415e+00
1.730677720200402e-02	2.524415e+00
1.731677720200402e-02	2.524415e+00
1.732677720200402e-02	2.524415e+00
1.733677720200402e-02	2.524415e+00
1.734677720200401e-02	2.524415e+00
1.735677720200401e-02	2.524415e+00
1.736677720200401e-02	2.524415e+00
1.737677720200402e-02	2.524415e+00
1.738677720200402e-02	2.524415e+00
1.739677720200402e-02	2.524415e+00
1.740677720200402e-02	2.524415e+00
1.741677720200402e-02	2.524415e+00
1.742677720200402e-02	2.524415e+00
1.743677720200401e-02	2.524415e+00
1.744677720200401e-02	2.524415e+00
1.745677720200401e-02	2.524415e+00
1.746677720200402e-02	2.524415e+00
1.747677720200402e-02	2.524415e+00
1.748677720200402e-02	2.524415e+00
1.749677720200402e-02	2.524415e+00
1.750677720200402e-02	2.524415e+00
1.751677720200401e-02	2.524415e+00
1.752677720200401e-02	2.524415e+00
1.753677720200401e-02	2.524415e+00
1.754677720200402e-02	2.524415e+00
1.755677720200402e-02	2.524415e+00
1.756677720200402e-02	2.524415e+00
1.757677720200402e-02	2.524415e+00
1.758677720200402e-02	2.524415e+00
1.759677720200402e-02	2.524415e+00
1.760677720200401e-02	2.524415e+00
1.761677720200401e-02	2.524415e+00
1.762677720200401e-02	2.524415e+00
1.763677720200402e-02	2.524415e+00
1.764677720200402e-02	2.524415e+00
1.765677720200402e-02	2.524415e+00
1.766677720200402e-02	2.524415e+00
1.767677720200402e-02	2.524415e+00
1.768677720200401e-02	2.524415e+00
1.769677720200401e-02	2.524415e+00
1.770677720200401e-02	2.524415e+00
1.771677720200401e-02	2.524415e+00
1.772677720200402e-02	2.524415e+00
1.773677720200402e-02	2.524415e+00
1.774677720200402e-02	2.524415e+00
1.775677720200402e-02	2.524415e+00
1.776677720200402e-02	2.524415e+00
1.777677720200401e-02	2.524415e+00
1.778677720200401e-02	2.524415e+00
1.779677720200401e-02	2.524415e+00
1.780677720200402e-02	2.524415e+00
1.781677720200402e-02	2.524415e+00
1.782677720200402e-02	2.524415e+00
1.783677720200402e-02	2.524415e+00
1.784677720200402e-02	2.524415e+00
1.785677720200401e-02	2.524415e+00
1.786677720200401e-02	2.524415e+00
1.787677720200401e-02	2.524415e+00
1.788677720200401e-02	2.524415e+00
1.789677720200402e-02	2.524415e+00
1.790677720200402e-02	2.524415e+00
1.791677720200402e-02	2.524415e+00
1.792677720200402e-02	2.524415e+00
1.793677720200402e-02	2.524415e+00
1.794677720200401e-02	2.524415e+00
1.795677720200401e-02	2.524415e+00
1.796677720200401e-02	2.524415e+00
1.797677720200402e-02	2.524415e+00
1.798677720200402e-02	2.524415e+00
1.799677720200402e-02	2.524415e+00
1.800677720200402e-02	2.524415e+00
1.801677720200402e-02	2.524415e+00
1.802677720200401e-02	2.524415e+00
1.803677720200401e-02	2.524415e+00
1.804677720200401e-02	2.524415e+00
1.805677720200401e-02	2.524415e+00
1.806677720200402e-02	2.524415e+00
1.807677720200402e-02	2.524415e+00
1.808677720200402e-02	2.524415e+00
1.809677720200402e-02	2.524415e+00
1.810677720200402e-02	2.524415e+00
1.811677720200401e-02	2.524415e+00
1.812677720200401e-02	2.524415e+00
1.813677720200401e-02	2.524415e+00
1.814677720200402e-02	2.524415e+00
1.815677720200402e-02	2.524415e+00
1.816677720200402e-02	2.524415e+00
1.817677720200402e-02	2.524415e+00
1.818677720200402e-02	2.524415e+00
1.819677720200401e-02	2.524415e+00
1.820677720200401e-02	2.524415e+00
1.821677720200401e-02	2.524415e+00
1.822677720200401e-02	2.524415e+00
1.823677720200402e-02	2.524415e+00
1.824677720200402e-02	2.524415e+00
1.825677720200402e-02	2.524415e+00
1.826677720200402e-02	2.524415e+00
1.827677720200402e-02	2.524415e+00
1.828677720200401e-02	2.524415e+00
1.829677720200401e-02	2.524415e+00
1.830677720200401e-02	2.524415e+00
1.831677720200402e-02	2.524415e+00
1.832677720200402e-02	2.524415e+00
1.833677720200402e-02	2.524415e+00
1.834677720200402e-02	2.524415e+00
1.835677720200402e-02	2.524415e+00
1.836677720200402e-02	2.524415e+00
1.837677720200401e-02	2.524415e+00
1.838677720200401e-02	2.524415e+00
1.839677720200401e-02	2.524415e+00
1.840677720200402e-02	2.524415e+00
1.841677720200402e-02	2.524415e+00
1.842677720200402e-02	2.524415e+00
1.843677720200402e-02	2.524415e+00
1.844677720200402e-02	2.524415e+00
1.845677720200401e-02	2.524415e+00
1.846677720200401e-02	2.524415e+00
1.847677720200401e-02	2.524415e+00
1.848677720200402e-02	2.524415e+00
1.849677720200402e-02	2.524415e+00
1.850677720200402e-02	2.524415e+00
1.851677720200402e-02	2.524415e+00
1.852677720200402e-02	2.524415e+00
1.853677720200402e-02	2.524415e+00
1.854677720200401e-02	2.524415e+00
1.855677720200401e-02	2.524415e+00
1.856677720200401e-02	2.524415e+00
1.857677720200402e-02	2.524415e+00
1.858677720200402e-02	2.524415e+00
1.859677720200402e-02	2.524415e+00
1.860677720200402e-02	2.524415e+00
1.861677720200402e-02	2.524415e+00
1.862677720200401e-02	2.524415e+00
1.863677720200401e-02	2.524415e+00
1.864677720200401e-02	2.524415e+00
1.865677720200402e-02	2.524415e+00
1.866677720200402e-02	2.524415e+00
1.867677720200402e-02	2.524415e+00
1.868677720200402e-02	2.524415e+00
1.869677720200402e-02	2.524415e+00
1.870677720200402e-02	2.524415e+00
1.871677720200401e-02	2.524415e+00
1.872677720200401e-02	2.524415e+00
1.873677720200401e-02	2.524415e+00
1.874677720200402e-02	2.524415e+00
1.875677720200402e-02	2.524415e+00
1.876677720200402e-02	2.524415e+00
1.877677720200402e-02	2.524415e+00
1.878677720200402e-02	2.524415e+00
1.879677720200401e-02	2.524415e+00
1.880677720200401e-02	2.524415e+00
1.881677720200401e-02	2.524415e+00
1.882677720200402e-02	2.524415e+00
1.883677720200402e-02	2.524415e+00
1.884677720200402e-02	2.524415e+00
1.885677720200402e-02	2.524415e+00
1.886677720200402e-02	2.524415e+00
1.887677720200402e-02	2.524415e+00
1.888677720200401e-02	2.524415e+00
1.889677720200401e-02	2.524415e+00
1.890677720200401e-02	2.524415e+00
1.891677720200402e-02	2.524415e+00
1.892677720200402e-02	2.524415e+00
1.893677720200402e-02	2.524415e+00
1.894677720200402e-02	2.524415e+00
1.895677720200402e-02	2.524415e+00
1.896677720200401e-02	2.524415e+00
1.897677720200401e-02	2.524415e+00
1.898677720200401e-02	2.524415e+00
1.899677720200401e-02	2.524415e+00
1.900677720200402e-02	2.524415e+00
1.901677720200402e-02	2.524415e+00
1.902677720200402e-02	2.524415e+00
1.903677720200402e-02	2.524415e+00
1.904677720200402e-02	2.524415e+00
1.905677720200401e-02	2.524415e+00
1.906677720200401e-02	2.524415e+00
1.907677720200401e-02	2.524415e+00
1.908677720200402e-02	2.524415e+00
1.909677720200402e-02	2.524415e+00
1.910677720200402e-02	2.524415e+00
1.911677720200402e-02	2.524415e+00
1.912677720200402e-02	2.524415e+00
1.913677720200401e-02	2.524415e+00
1.914677720200401e-02	2.524415e+00
1.915677720200401e-02	2.524415e+00
1.916677720200401e-02	2.524415e+00
1.917677720200402e-02	2.524415e+00
1.918677720200402e-02	2.524415e+00
1.919677720200402e-02	2.524415e+00
1.920677720200402e-02	2.524415e+00
1.921677720200402e-02	2.524415e+00
1.922677720200401e-02	2.524415e+00
1.923677720200401e-02	2.524415e+00
1.924677720200401e-02	2.524415e+00
1.925677720200402e-02	2.524415e+00
1.926677720200402e-02	2.524415e+00
1.927677720200402e-02	2.524415e+00
1.928677720200402e-02	2.524415e+00
1.929677720200402e-02	2.524415e+00
1.930677720200401e-02	2.524415e+00
1.931677720200401e-02	2.524415e+00
1.932677720200401e-02	2.524415e+00
1.933677720200401e-02	2.524415e+00
1.934677720200402e-02	2.524415e+00
1.935677720200402e-02	2.524415e+00
1.936677720200402e-02	2.524415e+00
1.937677720200402e-02	2.524415e+00
1.938677720200402e-02	2.524415e+00
1.939677720200401e-02	2.524415e+00
1.940677720200401e-02	2.524415e+00
1.941677720200401e-02	2.524415e+00
1.942677720200402e-02	2.524415e+00
1.943677720200402e-02	2.524415e+00
1.944677720200402e-02	2.524415e+00
1.945677720200402e-02	2.524415e+00
1.946677720200402e-02	2.524415e+00
1.947677720200401e-02	2.524415e+00
1.948677720200401e-02	2.524415e+00
1.949677720200401e-02	2.524415e+00
1.950677720200401e-02	2.524415e+00
1.951677720200402e-02	2.524415e+00
1.952677720200402e-02	2.524415e+00
1.953677720200402e-02	2.524415e+00
1.954677720200402e-02	2.524415e+00
1.955677720200402e-02	2.524415e+00
1.956677720200401e-02	2.524415e+00
1.957677720200401e-02	2.524415e+00
1.958677720200401e-02	2.524415e+00
1.959677720200402e-02	2.524415e+00
1.960677720200402e-02	2.524415e+00
1.961677720200402e-02	2.524415e+00
1.962677720200402e-02	2.524415e+00
1.963677720200402e-02	2.524415e+00
1.964677720200401e-02	2.524415e+00
1.965677720200401e-02	2.524415e+00
1.966677720200401e-02	2.524415e+00
1.967677720200401e-02	2.524415e+00
1.968677720200402e-02	2.524415e+00
1.969677720200402e-02	2.524415e+00
1.970677720200402e-02	2.524415e+00
1.971677720200402e-02	2.524415e+00
1.972677720200402e-02	2.524415e+00
1.973677720200401e-02	2.524415e+00
1.974677720200401e-02	2.524415e+00
1.975677720200401e-02	2.524415e+00
1.976677720200402e-02	2.524415e+00
1.977677720200402e-02	2.524415e+00
1.978677720200402e-02	2.524415e+00
1.979677720200402e-02	2.524415e+00
1.980677720200402e-02	2.524415e+00
1.981677720200401e-02	2.524415e+00
1.982677720200401e-02	2.524415e+00
1.983677720200401e-02	2.524415e+00
1.984677720200401e-02	2.524415e+00
1.985677720200402e-02	2.524415e+00
1.986677720200402e-02	2.524415e+00
1.987677720200402e-02	2.524415e+00
1.988677720200402e-02	2.524415e+00
1.989677720200402e-02	2.524415e+00
1.990677720200401e-02	2.524415e+00
1.991677720200401e-02	2.524415e+00
1.992677720200401e-02	2.524415e+00
1.993677720200402e-02	2.524415e+00
1.994677720200402e-02	2.524415e+00
1.995677720200402e-02	2.524415e+00
1.996677720200402e-02	2.524415e+00
1.997677720200402e-02	2.524415e+00
1.998677720200401e-02	2.524415e+00
1.999677720200401e-02	2.524415e+00
2.000000000000000e-02	2.524415e+00
