time	I(Vcell15)
0.000000000000000e+00	-4.576911e-07
9.999999439624929e-11	-4.572649e-07
1.999999887924986e-10	-4.568093e-07
3.999999775849972e-10	-4.558418e-07
7.999999551699943e-10	-4.536265e-07
1.599999910339989e-09	-4.484987e-07
3.199999820679977e-09	-4.370119e-07
6.399999641359955e-09	-4.125244e-07
1.279999928271991e-08	-3.616134e-07
2.559999856543982e-08	-2.582121e-07
5.119999713087964e-08	-6.176340e-08
9.252085555450540e-08	2.048849e-07
1.510336381077248e-07	-3.745704e-07
2.057411795961891e-07	-1.825967e-06
2.712256136408146e-07	-3.354619e-06
3.308487844021954e-07	-4.324508e-06
4.500951259249572e-07	-4.948583e-06
4.715237994946577e-07	-4.956204e-06
5.143811466340588e-07	-4.964897e-06
6.000958409128609e-07	-4.982959e-06
7.715252294704652e-07	-5.034301e-06
1.114384006585674e-06	-5.141040e-06
1.680508233312252e-06	-5.219902e-06
2.394953908581658e-06	-5.170325e-06
3.411350232638382e-06	-5.001226e-06
5.126386043420963e-06	-4.698739e-06
8.556457664986125e-06	-4.213908e-06
1.541660090811645e-05	-9.296109e-06
2.541660090811645e-05	-2.610326e-05
3.541660090811645e-05	-3.667612e-05
4.541660090811645e-05	-4.119106e-05
5.541660090811645e-05	-4.094680e-05
6.541660090811645e-05	-3.815192e-05
7.541660090811645e-05	-3.524308e-05
8.541660090811645e-05	-3.270810e-05
9.541660090811645e-05	-3.030423e-05
1.000000009999994e-04	-2.928695e-05
1.000000019999994e-04	-2.928555e-05
1.000000179999994e-04	-2.928655e-05
1.000000499999994e-04	-2.928580e-05
1.000001139999994e-04	-2.928782e-05
1.000002419999994e-04	-2.928986e-05
1.000004979999994e-04	-2.929489e-05
1.000010099999994e-04	-2.929425e-05
1.000020339999994e-04	-2.928805e-05
1.000040819999994e-04	-2.928064e-05
1.000081779999994e-04	-2.928080e-05
1.000163699999994e-04	-2.927785e-05
1.000327539999994e-04	-2.927587e-05
1.000655219999995e-04	-2.926883e-05
1.001310579999995e-04	-2.925634e-05
1.002621299999997e-04	-2.922648e-05
1.005242740000000e-04	-2.916963e-05
1.010485620000006e-04	-2.905337e-05
1.020971380000018e-04	-2.882506e-05
1.041942900000042e-04	-2.837013e-05
1.083885940000089e-04	-2.748149e-05
1.167772020000184e-04	-2.577241e-05
1.267772020000184e-04	-2.386429e-05
1.367772020000184e-04	-2.209271e-05
1.467772020000184e-04	-2.986010e-05
1.567772020000184e-04	-7.215668e-05
1.648370761366138e-04	-1.973683e-06
1.732074283844796e-04	-3.882995e-05
1.774363064504269e-04	4.034911e-06
1.812906573433853e-04	-3.713115e-05
1.876738121864834e-04	5.408458e-06
1.938106783459822e-04	-3.573504e-05
2.038106783459822e-04	7.074826e-06
2.138106783459822e-04	-3.385603e-05
2.238106783459822e-04	8.815147e-06
2.338106783459822e-04	-5.576868e-05
2.438106783459822e-04	-2.153673e-05
2.538106783459821e-04	-5.830082e-05
2.638106783459822e-04	-2.327483e-05
2.738106783459821e-04	-6.077909e-05
2.838106783459822e-04	-2.494983e-05
2.938106783459821e-04	-6.312537e-05
3.038106783459821e-04	-2.669019e-05
3.138106783459821e-04	-6.535559e-05
3.238106783459821e-04	-2.835387e-05
3.338106783459821e-04	-6.755154e-05
3.438106783459821e-04	-3.000922e-05
3.538106783459821e-04	-6.971304e-05
3.638106783459821e-04	-3.127087e-05
3.738106783459821e-04	-7.116886e-05
3.838106783459821e-04	-3.259631e-05
3.938106783459821e-04	-2.414068e-02
4.038106783459821e-04	-1.003967e-01
4.105337762675420e-04	-1.377354e-01
4.169968904000507e-04	-1.516025e-01
4.247054831186082e-04	-1.679439e-01
4.320268563133381e-04	-1.828992e-01
4.420268563133381e-04	-2.029527e-01
4.520268563133381e-04	-2.126893e-01
4.620268563133381e-04	-2.189876e-01
4.720268563133381e-04	-2.244063e-01
4.820268563133381e-04	-2.301668e-01
4.920268563133382e-04	-2.353521e-01
5.020268563133381e-04	-2.409749e-01
5.120268563133381e-04	-2.460659e-01
5.220268563133381e-04	-2.516168e-01
5.320268563133382e-04	-2.566510e-01
5.420268563133381e-04	-2.621535e-01
5.520268563133381e-04	-2.671468e-01
5.620268563133381e-04	-2.726119e-01
5.720268563133382e-04	-2.775724e-01
5.820268563133381e-04	-2.830063e-01
5.920268563133381e-04	-2.879389e-01
6.020268563133381e-04	-2.933454e-01
6.120268563133382e-04	-2.982531e-01
6.220268563133381e-04	-3.036349e-01
6.320268563133381e-04	-3.085200e-01
6.420268563133381e-04	-3.138789e-01
6.520268563133382e-04	-3.161846e-01
6.620268563133381e-04	-3.172050e-01
6.720268563133381e-04	-3.173512e-01
6.820268563133381e-04	-3.178889e-01
6.920268563133382e-04	-3.178114e-01
7.020268563133381e-04	-3.182233e-01
7.120268563133381e-04	-3.180661e-01
7.220268563133381e-04	-3.184242e-01
7.320268563133382e-04	-3.182286e-01
7.420268563133381e-04	-3.185584e-01
7.520268563133381e-04	-3.183413e-01
7.620268563133381e-04	-3.186542e-01
7.720268563133381e-04	-3.184237e-01
7.820268563133381e-04	-3.187258e-01
7.920268563133381e-04	-3.184864e-01
8.020268563133381e-04	-3.187810e-01
8.120268563133381e-04	-3.185355e-01
8.220268563133381e-04	-3.188248e-01
8.320268563133381e-04	-3.185749e-01
8.420268563133381e-04	-3.188601e-01
8.520268563133381e-04	-3.186069e-01
8.620268563133381e-04	-3.188892e-01
8.720268563133381e-04	-3.186334e-01
8.820268563133381e-04	-3.189133e-01
8.920268563133381e-04	-3.186556e-01
9.020268563133381e-04	-3.189335e-01
9.120268563133381e-04	-3.186743e-01
9.220268563133381e-04	-3.189507e-01
9.320268563133381e-04	-3.186902e-01
9.420268563133381e-04	-3.189654e-01
9.520268563133381e-04	-3.187039e-01
9.620268563133381e-04	-3.189780e-01
9.720268563133381e-04	-3.187158e-01
9.820268563133382e-04	-3.189889e-01
9.920268563133382e-04	-3.187260e-01
1.000000000000000e-03	-3.189975e-01
1.000000001000000e-03	-3.190235e-01
1.000000017000000e-03	-3.190186e-01
1.000000049000000e-03	-3.190008e-01
1.000000113000000e-03	-3.189841e-01
1.000000241000000e-03	-3.189476e-01
1.000000497000000e-03	-3.189095e-01
1.000001009000000e-03	-3.188716e-01
1.000002033000000e-03	-3.188640e-01
1.000004081000000e-03	-3.188626e-01
1.000008177000000e-03	-3.188649e-01
1.000016369000001e-03	-3.188623e-01
1.000032753000001e-03	-3.188650e-01
1.000065521000002e-03	-3.188623e-01
1.000131057000004e-03	-3.188650e-01
1.000262129000007e-03	-3.188623e-01
1.000524273000015e-03	-3.188652e-01
1.001048561000029e-03	-3.188627e-01
1.002097137000058e-03	-3.188659e-01
1.004194289000116e-03	-3.188641e-01
1.008388593000232e-03	-3.188686e-01
1.016777201000463e-03	-3.188694e-01
1.026777201000463e-03	-3.188760e-01
1.036777201000463e-03	-3.188769e-01
1.046777201000463e-03	-3.188831e-01
1.056777201000463e-03	-3.188836e-01
1.066777201000463e-03	-3.188893e-01
1.076777201000463e-03	-3.188894e-01
1.086777201000463e-03	-3.188948e-01
1.096777201000463e-03	-3.188946e-01
1.106777201000463e-03	-3.188997e-01
1.116777201000463e-03	-3.188992e-01
1.126777201000463e-03	-3.189040e-01
1.136777201000463e-03	-3.189033e-01
1.146777201000463e-03	-3.189079e-01
1.156777201000463e-03	-3.189069e-01
1.166777201000463e-03	-3.189113e-01
1.176777201000463e-03	-3.189102e-01
1.186777201000463e-03	-3.189144e-01
1.196777201000463e-03	-3.189130e-01
1.206777201000463e-03	-3.189171e-01
1.216777201000463e-03	-3.189156e-01
1.226777201000463e-03	-3.189196e-01
1.236777201000463e-03	-3.189179e-01
1.246777201000463e-03	-3.189217e-01
1.256777201000463e-03	-3.189200e-01
1.266777201000463e-03	-3.189237e-01
1.276777201000463e-03	-3.189219e-01
1.286777201000463e-03	-3.189255e-01
1.296777201000463e-03	-3.189235e-01
1.306777201000463e-03	-3.189270e-01
1.316777201000463e-03	-3.189251e-01
1.326777201000463e-03	-3.189285e-01
1.336777201000463e-03	-3.189264e-01
1.346777201000463e-03	-3.189298e-01
1.356777201000463e-03	-3.189276e-01
1.366777201000463e-03	-3.189309e-01
1.376777201000463e-03	-3.189287e-01
1.386777201000463e-03	-3.189320e-01
1.396777201000463e-03	-3.189297e-01
1.406777201000463e-03	-3.189329e-01
1.416777201000463e-03	-3.189306e-01
1.426777201000463e-03	-3.189338e-01
1.436777201000463e-03	-3.189314e-01
1.446777201000463e-03	-3.189345e-01
1.456777201000463e-03	-3.189321e-01
1.466777201000463e-03	-3.189352e-01
1.476777201000463e-03	-3.189328e-01
1.486777201000463e-03	-3.189358e-01
1.496777201000463e-03	-3.189333e-01
1.506777201000463e-03	-3.189364e-01
1.516777201000463e-03	-3.189339e-01
1.526777201000463e-03	-3.189369e-01
1.536777201000463e-03	-3.189344e-01
1.546777201000463e-03	-3.189373e-01
1.556777201000463e-03	-3.189348e-01
1.566777201000463e-03	-3.189377e-01
1.576777201000463e-03	-3.189352e-01
1.586777201000463e-03	-3.189381e-01
1.596777201000463e-03	-3.189355e-01
1.606777201000463e-03	-3.189385e-01
1.616777201000463e-03	-3.189359e-01
1.626777201000463e-03	-3.189388e-01
1.636777201000463e-03	-3.189362e-01
1.646777201000463e-03	-3.189391e-01
1.656777201000463e-03	-3.189364e-01
1.666777201000463e-03	-3.189393e-01
1.676777201000463e-03	-3.189367e-01
1.686777201000463e-03	-3.189395e-01
1.696777201000463e-03	-3.189369e-01
1.706777201000463e-03	-3.189397e-01
1.716777201000463e-03	-3.189371e-01
1.726777201000463e-03	-3.189399e-01
1.736777201000463e-03	-3.189372e-01
1.746777201000463e-03	-3.189401e-01
1.756777201000463e-03	-3.189374e-01
1.766777201000463e-03	-3.189403e-01
1.776777201000463e-03	-3.189376e-01
1.786777201000463e-03	-3.189404e-01
1.796777201000463e-03	-3.189377e-01
1.806777201000463e-03	-3.189405e-01
1.816777201000463e-03	-3.189378e-01
1.826777201000463e-03	-3.189406e-01
1.836777201000463e-03	-3.189379e-01
1.846777201000463e-03	-3.189407e-01
1.856777201000463e-03	-3.189380e-01
1.866777201000463e-03	-3.189408e-01
1.876777201000463e-03	-3.189381e-01
1.886777201000463e-03	-3.189409e-01
1.896777201000463e-03	-3.189382e-01
1.906777201000463e-03	-3.189410e-01
1.916777201000463e-03	-3.189383e-01
1.926777201000463e-03	-3.189411e-01
1.936777201000463e-03	-3.189383e-01
1.946777201000463e-03	-3.189411e-01
1.956777201000463e-03	-3.189384e-01
1.966777201000463e-03	-3.189412e-01
1.976777201000463e-03	-3.189384e-01
1.986777201000463e-03	-3.189412e-01
1.996777201000463e-03	-3.189385e-01
2.006777201000463e-03	-3.189413e-01
2.016777201000463e-03	-3.189385e-01
2.026777201000463e-03	-3.189413e-01
2.036777201000463e-03	-3.189386e-01
2.046777201000463e-03	-3.189413e-01
2.056777201000463e-03	-3.189386e-01
2.066777201000463e-03	-3.189414e-01
2.076777201000463e-03	-3.189386e-01
2.086777201000463e-03	-3.189414e-01
2.096777201000463e-03	-3.189387e-01
2.106777201000463e-03	-3.189414e-01
2.116777201000463e-03	-3.189387e-01
2.126777201000463e-03	-3.189414e-01
2.136777201000463e-03	-3.189387e-01
2.146777201000463e-03	-3.189415e-01
2.156777201000463e-03	-3.189387e-01
2.166777201000463e-03	-3.189415e-01
2.176777201000463e-03	-3.189388e-01
2.186777201000463e-03	-3.189415e-01
2.196777201000463e-03	-3.189388e-01
2.206777201000463e-03	-3.189415e-01
2.216777201000463e-03	-3.189388e-01
2.226777201000463e-03	-3.189416e-01
2.236777201000463e-03	-3.189388e-01
2.246777201000463e-03	-3.189416e-01
2.256777201000463e-03	-3.189388e-01
2.266777201000463e-03	-3.189416e-01
2.276777201000463e-03	-3.189388e-01
2.286777201000463e-03	-3.189416e-01
2.296777201000463e-03	-3.189389e-01
2.306777201000463e-03	-3.189416e-01
2.316777201000463e-03	-3.189389e-01
2.326777201000463e-03	-3.189416e-01
2.336777201000463e-03	-3.189389e-01
2.346777201000463e-03	-3.189416e-01
2.356777201000463e-03	-3.189389e-01
2.366777201000463e-03	-3.189416e-01
2.376777201000463e-03	-3.189389e-01
2.386777201000463e-03	-3.189416e-01
2.396777201000463e-03	-3.189389e-01
2.406777201000463e-03	-3.189417e-01
2.416777201000463e-03	-3.189389e-01
2.426777201000463e-03	-3.189417e-01
2.436777201000463e-03	-3.189389e-01
2.446777201000463e-03	-3.189417e-01
2.456777201000463e-03	-3.189389e-01
2.466777201000463e-03	-3.189417e-01
2.476777201000463e-03	-3.189389e-01
2.486777201000463e-03	-3.189417e-01
2.496777201000463e-03	-3.189389e-01
2.506777201000463e-03	-3.189417e-01
2.516777201000463e-03	-3.189389e-01
2.526777201000463e-03	-3.189417e-01
2.536777201000463e-03	-3.189389e-01
2.546777201000463e-03	-3.189417e-01
2.556777201000463e-03	-3.189389e-01
2.566777201000463e-03	-3.189417e-01
2.576777201000463e-03	-3.189389e-01
2.586777201000463e-03	-3.189417e-01
2.596777201000463e-03	-3.189389e-01
2.606777201000463e-03	-3.189417e-01
2.616777201000463e-03	-3.189389e-01
2.626777201000463e-03	-3.189417e-01
2.636777201000463e-03	-3.189389e-01
2.646777201000463e-03	-3.189417e-01
2.656777201000463e-03	-3.189389e-01
2.666777201000463e-03	-3.189417e-01
2.676777201000463e-03	-3.189389e-01
2.686777201000463e-03	-3.189417e-01
2.696777201000463e-03	-3.189389e-01
2.706777201000463e-03	-3.189417e-01
2.716777201000463e-03	-3.189389e-01
2.726777201000463e-03	-3.189417e-01
2.736777201000463e-03	-3.189389e-01
2.746777201000463e-03	-3.189417e-01
2.756777201000463e-03	-3.189389e-01
2.766777201000463e-03	-3.189417e-01
2.776777201000463e-03	-3.189389e-01
2.786777201000463e-03	-3.189417e-01
2.796777201000463e-03	-3.189389e-01
2.806777201000463e-03	-3.189417e-01
2.816777201000463e-03	-3.189389e-01
2.826777201000463e-03	-3.189417e-01
2.836777201000463e-03	-3.189389e-01
2.846777201000463e-03	-3.189417e-01
2.856777201000463e-03	-3.189389e-01
2.866777201000463e-03	-3.189417e-01
2.876777201000463e-03	-3.189389e-01
2.886777201000463e-03	-3.189417e-01
2.896777201000463e-03	-3.189389e-01
2.906777201000463e-03	-3.189417e-01
2.916777201000463e-03	-3.189389e-01
2.926777201000463e-03	-3.189417e-01
2.936777201000463e-03	-3.189389e-01
2.946777201000463e-03	-3.189417e-01
2.956777201000463e-03	-3.189389e-01
2.966777201000463e-03	-3.189417e-01
2.976777201000463e-03	-3.189389e-01
2.986777201000463e-03	-3.189417e-01
2.996777201000463e-03	-3.189389e-01
3.006777201000463e-03	-3.189417e-01
3.016777201000463e-03	-3.189389e-01
3.026777201000463e-03	-3.189417e-01
3.036777201000463e-03	-3.189389e-01
3.046777201000463e-03	-3.189417e-01
3.056777201000463e-03	-3.189389e-01
3.066777201000463e-03	-3.189417e-01
3.076777201000463e-03	-3.189389e-01
3.086777201000463e-03	-3.189417e-01
3.096777201000463e-03	-3.189389e-01
3.106777201000463e-03	-3.189417e-01
3.116777201000463e-03	-3.189389e-01
3.126777201000463e-03	-3.189417e-01
3.136777201000463e-03	-3.189389e-01
3.146777201000463e-03	-3.189417e-01
3.156777201000463e-03	-3.189389e-01
3.166777201000463e-03	-3.189417e-01
3.176777201000463e-03	-3.189389e-01
3.186777201000463e-03	-3.189417e-01
3.196777201000463e-03	-3.189389e-01
3.206777201000463e-03	-3.189417e-01
3.216777201000463e-03	-3.189389e-01
3.226777201000463e-03	-3.189417e-01
3.236777201000463e-03	-3.189389e-01
3.246777201000463e-03	-3.189417e-01
3.256777201000463e-03	-3.189389e-01
3.266777201000463e-03	-3.189417e-01
3.276777201000463e-03	-3.189389e-01
3.286777201000463e-03	-3.189417e-01
3.296777201000463e-03	-3.189389e-01
3.306777201000463e-03	-3.189417e-01
3.316777201000463e-03	-3.189389e-01
3.326777201000463e-03	-3.189417e-01
3.336777201000463e-03	-3.189389e-01
3.346777201000463e-03	-3.189417e-01
3.356777201000463e-03	-3.189389e-01
3.366777201000463e-03	-3.189417e-01
3.376777201000463e-03	-3.189389e-01
3.386777201000463e-03	-3.189417e-01
3.396777201000463e-03	-3.189389e-01
3.406777201000463e-03	-3.189417e-01
3.416777201000463e-03	-3.189389e-01
3.426777201000463e-03	-3.189417e-01
3.436777201000463e-03	-3.189389e-01
3.446777201000463e-03	-3.189417e-01
3.456777201000463e-03	-3.189389e-01
3.466777201000463e-03	-3.189417e-01
3.476777201000463e-03	-3.189389e-01
3.486777201000463e-03	-3.189417e-01
3.496777201000463e-03	-3.189389e-01
3.506777201000463e-03	-3.189417e-01
3.516777201000463e-03	-3.189389e-01
3.526777201000463e-03	-3.189417e-01
3.536777201000463e-03	-3.189389e-01
3.546777201000463e-03	-3.189417e-01
3.556777201000463e-03	-3.189389e-01
3.566777201000463e-03	-3.189417e-01
3.576777201000463e-03	-3.189389e-01
3.586777201000463e-03	-3.189417e-01
3.596777201000463e-03	-3.189389e-01
3.606777201000463e-03	-3.189417e-01
3.616777201000463e-03	-3.189389e-01
3.626777201000463e-03	-3.189417e-01
3.636777201000463e-03	-3.189389e-01
3.646777201000463e-03	-3.189417e-01
3.656777201000463e-03	-3.189389e-01
3.666777201000463e-03	-3.189417e-01
3.676777201000463e-03	-3.189389e-01
3.686777201000463e-03	-3.189417e-01
3.696777201000463e-03	-3.189389e-01
3.706777201000463e-03	-3.189417e-01
3.716777201000463e-03	-3.189389e-01
3.726777201000463e-03	-3.189417e-01
3.736777201000463e-03	-3.189389e-01
3.746777201000463e-03	-3.189417e-01
3.756777201000463e-03	-3.189389e-01
3.766777201000463e-03	-3.189417e-01
3.776777201000463e-03	-3.189389e-01
3.786777201000463e-03	-3.189417e-01
3.796777201000463e-03	-3.189389e-01
3.806777201000463e-03	-3.189417e-01
3.816777201000463e-03	-3.189389e-01
3.826777201000463e-03	-3.189417e-01
3.836777201000463e-03	-3.189389e-01
3.846777201000463e-03	-3.189417e-01
3.856777201000463e-03	-3.189389e-01
3.866777201000463e-03	-3.189417e-01
3.876777201000463e-03	-3.189389e-01
3.886777201000463e-03	-3.189417e-01
3.896777201000463e-03	-3.189389e-01
3.906777201000463e-03	-3.189417e-01
3.916777201000463e-03	-3.189389e-01
3.926777201000463e-03	-3.189417e-01
3.936777201000463e-03	-3.189389e-01
3.946777201000463e-03	-3.189417e-01
3.956777201000463e-03	-3.189389e-01
3.966777201000463e-03	-3.189417e-01
3.976777201000463e-03	-3.189389e-01
3.986777201000463e-03	-3.189417e-01
3.996777201000463e-03	-3.189389e-01
4.006777201000463e-03	-3.189417e-01
4.016777201000463e-03	-3.189389e-01
4.026777201000463e-03	-3.189417e-01
4.036777201000463e-03	-3.189389e-01
4.046777201000462e-03	-3.189417e-01
4.056777201000463e-03	-3.189389e-01
4.066777201000463e-03	-3.189417e-01
4.076777201000463e-03	-3.189389e-01
4.086777201000463e-03	-3.189417e-01
4.096777201000463e-03	-3.189389e-01
4.106777201000463e-03	-3.189417e-01
4.116777201000463e-03	-3.189389e-01
4.126777201000463e-03	-3.189417e-01
4.136777201000463e-03	-3.189389e-01
4.146777201000463e-03	-3.189417e-01
4.156777201000463e-03	-3.189389e-01
4.166777201000463e-03	-3.189417e-01
4.176777201000463e-03	-3.189389e-01
4.186777201000463e-03	-3.189417e-01
4.196777201000462e-03	-3.189389e-01
4.206777201000463e-03	-3.189417e-01
4.216777201000462e-03	-3.189389e-01
4.226777201000463e-03	-3.189417e-01
4.236777201000463e-03	-3.189389e-01
4.246777201000463e-03	-3.189417e-01
4.256777201000463e-03	-3.189389e-01
4.266777201000463e-03	-3.189417e-01
4.276777201000463e-03	-3.189389e-01
4.286777201000463e-03	-3.189417e-01
4.296777201000463e-03	-3.189389e-01
4.306777201000463e-03	-3.189417e-01
4.316777201000463e-03	-3.189389e-01
4.326777201000463e-03	-3.189417e-01
4.336777201000463e-03	-3.189389e-01
4.346777201000463e-03	-3.189417e-01
4.356777201000463e-03	-3.189389e-01
4.366777201000462e-03	-3.189417e-01
4.376777201000463e-03	-3.189389e-01
4.386777201000462e-03	-3.189417e-01
4.396777201000463e-03	-3.189389e-01
4.406777201000463e-03	-3.189417e-01
4.416777201000463e-03	-3.189389e-01
4.426777201000463e-03	-3.189417e-01
4.436777201000463e-03	-3.189389e-01
4.446777201000463e-03	-3.189417e-01
4.456777201000463e-03	-3.189389e-01
4.466777201000463e-03	-3.189417e-01
4.476777201000463e-03	-3.189389e-01
4.486777201000463e-03	-3.189417e-01
4.496777201000463e-03	-3.189389e-01
4.506777201000463e-03	-3.189417e-01
4.516777201000462e-03	-3.189389e-01
4.526777201000463e-03	-3.189417e-01
4.536777201000462e-03	-3.189389e-01
4.546777201000463e-03	-3.189417e-01
4.556777201000463e-03	-3.189389e-01
4.566777201000463e-03	-3.189417e-01
4.576777201000463e-03	-3.189389e-01
4.586777201000463e-03	-3.189417e-01
4.596777201000463e-03	-3.189389e-01
4.606777201000463e-03	-3.189417e-01
4.616777201000463e-03	-3.189389e-01
4.626777201000463e-03	-3.189417e-01
4.636777201000463e-03	-3.189389e-01
4.646777201000463e-03	-3.189417e-01
4.656777201000463e-03	-3.189389e-01
4.666777201000463e-03	-3.189417e-01
4.676777201000463e-03	-3.189389e-01
4.686777201000462e-03	-3.189417e-01
4.696777201000463e-03	-3.189389e-01
4.706777201000462e-03	-3.189417e-01
4.716777201000463e-03	-3.189389e-01
4.726777201000463e-03	-3.189417e-01
4.736777201000463e-03	-3.189389e-01
4.746777201000463e-03	-3.189417e-01
4.756777201000463e-03	-3.189389e-01
4.766777201000463e-03	-3.189417e-01
4.776777201000463e-03	-3.189389e-01
4.786777201000463e-03	-3.189417e-01
4.796777201000463e-03	-3.189389e-01
4.806777201000463e-03	-3.189417e-01
4.816777201000463e-03	-3.189389e-01
4.826777201000463e-03	-3.189417e-01
4.836777201000462e-03	-3.189389e-01
4.846777201000463e-03	-3.189417e-01
4.856777201000462e-03	-3.189389e-01
4.866777201000463e-03	-3.189417e-01
4.876777201000462e-03	-3.189389e-01
4.886777201000463e-03	-3.189417e-01
4.896777201000463e-03	-3.189389e-01
4.906777201000463e-03	-3.189417e-01
4.916777201000463e-03	-3.189389e-01
4.926777201000463e-03	-3.189417e-01
4.936777201000463e-03	-3.189389e-01
4.946777201000463e-03	-3.189417e-01
4.956777201000463e-03	-3.189389e-01
4.966777201000463e-03	-3.189417e-01
4.976777201000463e-03	-3.189389e-01
4.986777201000463e-03	-3.189417e-01
4.996777201000463e-03	-3.189389e-01
5.006777201000462e-03	-3.189417e-01
5.016777201000463e-03	-3.189389e-01
5.026777201000462e-03	-3.189417e-01
5.036777201000463e-03	-3.189389e-01
5.046777201000462e-03	-3.189417e-01
5.056777201000463e-03	-3.189389e-01
5.066777201000463e-03	-3.189417e-01
5.076777201000463e-03	-3.189389e-01
5.086777201000463e-03	-3.189417e-01
5.096777201000463e-03	-3.189389e-01
5.106777201000463e-03	-3.189417e-01
5.116777201000463e-03	-3.189389e-01
5.126777201000463e-03	-3.189417e-01
5.136777201000463e-03	-3.189389e-01
5.146777201000463e-03	-3.189417e-01
5.156777201000462e-03	-3.189389e-01
5.166777201000463e-03	-3.189417e-01
5.176777201000462e-03	-3.189389e-01
5.186777201000463e-03	-3.189417e-01
5.196777201000462e-03	-3.189389e-01
5.206777201000463e-03	-3.189417e-01
5.216777201000463e-03	-3.189389e-01
5.226777201000463e-03	-3.189417e-01
5.236777201000463e-03	-3.189389e-01
5.246777201000463e-03	-3.189417e-01
5.256777201000463e-03	-3.189389e-01
5.266777201000463e-03	-3.189417e-01
5.276777201000463e-03	-3.189389e-01
5.286777201000463e-03	-3.189417e-01
5.296777201000463e-03	-3.189389e-01
5.306777201000463e-03	-3.189417e-01
5.316777201000463e-03	-3.189389e-01
5.326777201000462e-03	-3.189417e-01
5.336777201000463e-03	-3.189389e-01
5.346777201000462e-03	-3.189417e-01
5.356777201000463e-03	-3.189389e-01
5.366777201000462e-03	-3.189417e-01
5.376777201000463e-03	-3.189389e-01
5.386777201000463e-03	-3.189417e-01
5.396777201000463e-03	-3.189389e-01
5.406777201000463e-03	-3.189417e-01
5.416777201000463e-03	-3.189389e-01
5.426777201000463e-03	-3.189417e-01
5.436777201000463e-03	-3.189389e-01
5.446777201000463e-03	-3.189417e-01
5.456777201000463e-03	-3.189389e-01
5.466777201000463e-03	-3.189417e-01
5.476777201000462e-03	-3.189389e-01
5.486777201000463e-03	-3.189417e-01
5.496777201000462e-03	-3.189389e-01
5.506777201000463e-03	-3.189417e-01
5.516777201000462e-03	-3.189389e-01
5.526777201000463e-03	-3.189417e-01
5.536777201000462e-03	-3.189389e-01
5.546777201000463e-03	-3.189417e-01
5.556777201000463e-03	-3.189389e-01
5.566777201000463e-03	-3.189417e-01
5.576777201000463e-03	-3.189389e-01
5.586777201000463e-03	-3.189417e-01
5.596777201000463e-03	-3.189389e-01
5.606777201000463e-03	-3.189417e-01
5.616777201000463e-03	-3.189389e-01
5.626777201000463e-03	-3.189417e-01
5.636777201000463e-03	-3.189389e-01
5.646777201000462e-03	-3.189417e-01
5.656777201000463e-03	-3.189389e-01
5.666777201000462e-03	-3.189417e-01
5.676777201000463e-03	-3.189389e-01
5.686777201000462e-03	-3.189417e-01
5.696777201000463e-03	-3.189389e-01
5.706777201000462e-03	-3.189417e-01
5.716777201000463e-03	-3.189389e-01
5.726777201000463e-03	-3.189417e-01
5.736777201000463e-03	-3.189389e-01
5.746777201000463e-03	-3.189417e-01
5.756777201000463e-03	-3.189389e-01
5.766777201000463e-03	-3.189417e-01
5.776777201000463e-03	-3.189389e-01
5.786777201000463e-03	-3.189417e-01
5.796777201000462e-03	-3.189389e-01
5.806777201000463e-03	-3.189417e-01
5.816777201000462e-03	-3.189389e-01
5.826777201000463e-03	-3.189417e-01
5.836777201000462e-03	-3.189389e-01
5.846777201000463e-03	-3.189417e-01
5.856777201000462e-03	-3.189389e-01
5.866777201000463e-03	-3.189417e-01
5.876777201000462e-03	-3.189389e-01
5.886777201000463e-03	-3.189417e-01
5.896777201000463e-03	-3.189389e-01
5.906777201000463e-03	-3.189417e-01
5.916777201000463e-03	-3.189389e-01
5.926777201000463e-03	-3.189417e-01
5.936777201000463e-03	-3.189389e-01
5.946777201000463e-03	-3.189417e-01
5.956777201000463e-03	-3.189389e-01
5.966777201000462e-03	-3.189417e-01
5.976777201000463e-03	-3.189389e-01
5.986777201000462e-03	-3.189417e-01
5.996777201000463e-03	-3.189389e-01
6.006777201000462e-03	-3.189417e-01
6.016777201000463e-03	-3.189389e-01
6.026777201000462e-03	-3.189417e-01
6.036777201000463e-03	-3.189389e-01
6.046777201000463e-03	-3.189417e-01
6.056777201000463e-03	-3.189389e-01
6.066777201000463e-03	-3.189417e-01
6.076777201000463e-03	-3.189389e-01
6.086777201000463e-03	-3.189417e-01
6.096777201000463e-03	-3.189389e-01
6.106777201000463e-03	-3.189417e-01
6.116777201000462e-03	-3.189389e-01
6.126777201000463e-03	-3.189417e-01
6.136777201000462e-03	-3.189389e-01
6.146777201000463e-03	-3.189417e-01
6.156777201000462e-03	-3.189389e-01
6.166777201000463e-03	-3.189417e-01
6.176777201000462e-03	-3.189389e-01
6.186777201000463e-03	-3.189417e-01
6.196777201000462e-03	-3.189389e-01
6.206777201000463e-03	-3.189417e-01
6.216777201000463e-03	-3.189389e-01
6.226777201000463e-03	-3.189417e-01
6.236777201000463e-03	-3.189389e-01
6.246777201000463e-03	-3.189417e-01
6.256777201000463e-03	-3.189389e-01
6.266777201000463e-03	-3.189417e-01
6.276777201000463e-03	-3.189389e-01
6.286777201000462e-03	-3.189417e-01
6.296777201000463e-03	-3.189389e-01
6.306777201000462e-03	-3.189417e-01
6.316777201000463e-03	-3.189389e-01
6.326777201000462e-03	-3.189417e-01
6.336777201000463e-03	-3.189389e-01
6.346777201000462e-03	-3.189417e-01
6.356777201000463e-03	-3.189389e-01
6.366777201000462e-03	-3.189417e-01
6.376777201000463e-03	-3.189389e-01
6.386777201000463e-03	-3.189417e-01
6.396777201000463e-03	-3.189389e-01
6.406777201000463e-03	-3.189417e-01
6.416777201000463e-03	-3.189389e-01
6.426777201000463e-03	-3.189417e-01
6.436777201000462e-03	-3.189389e-01
6.446777201000463e-03	-3.189417e-01
6.456777201000462e-03	-3.189389e-01
6.466777201000463e-03	-3.189417e-01
6.476777201000462e-03	-3.189389e-01
6.486777201000463e-03	-3.189417e-01
6.496777201000462e-03	-3.189389e-01
6.506777201000463e-03	-3.189417e-01
6.516777201000462e-03	-3.189389e-01
6.526777201000463e-03	-3.189417e-01
6.536777201000462e-03	-3.189389e-01
6.546777201000463e-03	-3.189417e-01
6.556777201000463e-03	-3.189389e-01
6.566777201000463e-03	-3.189417e-01
6.576777201000463e-03	-3.189389e-01
6.586777201000463e-03	-3.189417e-01
6.596777201000463e-03	-3.189389e-01
6.606777201000462e-03	-3.189417e-01
6.616777201000463e-03	-3.189389e-01
6.626777201000462e-03	-3.189417e-01
6.636777201000463e-03	-3.189389e-01
6.646777201000462e-03	-3.189417e-01
6.656777201000463e-03	-3.189389e-01
6.666777201000462e-03	-3.189417e-01
6.676777201000463e-03	-3.189389e-01
6.686777201000462e-03	-3.189417e-01
6.696777201000463e-03	-3.189389e-01
6.706777201000463e-03	-3.189417e-01
6.716777201000463e-03	-3.189389e-01
6.726777201000463e-03	-3.189417e-01
6.736777201000463e-03	-3.189389e-01
6.746777201000463e-03	-3.189417e-01
6.756777201000462e-03	-3.189389e-01
6.766777201000463e-03	-3.189417e-01
6.776777201000462e-03	-3.189389e-01
6.786777201000463e-03	-3.189417e-01
6.796777201000462e-03	-3.189389e-01
6.806777201000463e-03	-3.189417e-01
6.816777201000462e-03	-3.189389e-01
6.826777201000463e-03	-3.189417e-01
6.836777201000462e-03	-3.189389e-01
6.846777201000463e-03	-3.189417e-01
6.856777201000462e-03	-3.189389e-01
6.866777201000463e-03	-3.189417e-01
6.876777201000463e-03	-3.189389e-01
6.886777201000463e-03	-3.189417e-01
6.896777201000463e-03	-3.189389e-01
6.906777201000463e-03	-3.189417e-01
6.916777201000463e-03	-3.189389e-01
6.926777201000462e-03	-3.189417e-01
6.936777201000463e-03	-3.189389e-01
6.946777201000462e-03	-3.189417e-01
6.956777201000463e-03	-3.189389e-01
6.966777201000462e-03	-3.189417e-01
6.976777201000463e-03	-3.189389e-01
6.986777201000462e-03	-3.189417e-01
6.996777201000463e-03	-3.189389e-01
7.006777201000462e-03	-3.189417e-01
7.016777201000463e-03	-3.189389e-01
7.026777201000462e-03	-3.189417e-01
7.036777201000463e-03	-3.189389e-01
7.046777201000463e-03	-3.189417e-01
7.056777201000463e-03	-3.189389e-01
7.066777201000463e-03	-3.189417e-01
7.076777201000462e-03	-3.189389e-01
7.086777201000463e-03	-3.189417e-01
7.096777201000462e-03	-3.189389e-01
7.106777201000463e-03	-3.189417e-01
7.116777201000462e-03	-3.189389e-01
7.126777201000463e-03	-3.189417e-01
7.136777201000462e-03	-3.189389e-01
7.146777201000463e-03	-3.189417e-01
7.156777201000462e-03	-3.189389e-01
7.166777201000463e-03	-3.189417e-01
7.176777201000462e-03	-3.189389e-01
7.186777201000463e-03	-3.189417e-01
7.196777201000462e-03	-3.189389e-01
7.206777201000463e-03	-3.189417e-01
7.216777201000463e-03	-3.189389e-01
7.226777201000463e-03	-3.189417e-01
7.236777201000463e-03	-3.189389e-01
7.246777201000462e-03	-3.189417e-01
7.256777201000463e-03	-3.189389e-01
7.266777201000462e-03	-3.189417e-01
7.276777201000463e-03	-3.189389e-01
7.286777201000462e-03	-3.189417e-01
7.296777201000463e-03	-3.189389e-01
7.306777201000462e-03	-3.189417e-01
7.316777201000463e-03	-3.189389e-01
7.326777201000462e-03	-3.189417e-01
7.336777201000463e-03	-3.189389e-01
7.346777201000462e-03	-3.189417e-01
7.356777201000463e-03	-3.189389e-01
7.366777201000463e-03	-3.189417e-01
7.376777201000463e-03	-3.189389e-01
7.386777201000463e-03	-3.189417e-01
7.396777201000462e-03	-3.189389e-01
7.406777201000463e-03	-3.189417e-01
7.416777201000462e-03	-3.189389e-01
7.426777201000463e-03	-3.189417e-01
7.436777201000462e-03	-3.189389e-01
7.446777201000463e-03	-3.189417e-01
7.456777201000462e-03	-3.189389e-01
7.466777201000463e-03	-3.189417e-01
7.476777201000462e-03	-3.189389e-01
7.486777201000463e-03	-3.189417e-01
7.496777201000462e-03	-3.189389e-01
7.506777201000463e-03	-3.189417e-01
7.516777201000462e-03	-3.189389e-01
7.526777201000463e-03	-3.189417e-01
7.536777201000463e-03	-3.189389e-01
7.546777201000463e-03	-3.189417e-01
7.556777201000463e-03	-3.189389e-01
7.566777201000462e-03	-3.189417e-01
7.576777201000463e-03	-3.189389e-01
7.586777201000462e-03	-3.189417e-01
7.596777201000463e-03	-3.189389e-01
7.606777201000462e-03	-3.189417e-01
7.616777201000463e-03	-3.189389e-01
7.626777201000462e-03	-3.189417e-01
7.636777201000463e-03	-3.189389e-01
7.646777201000462e-03	-3.189417e-01
7.656777201000463e-03	-3.189389e-01
7.666777201000462e-03	-3.189417e-01
7.676777201000463e-03	-3.189389e-01
7.686777201000462e-03	-3.189417e-01
7.696777201000463e-03	-3.189389e-01
7.706777201000463e-03	-3.189417e-01
7.716777201000462e-03	-3.189389e-01
7.726777201000463e-03	-3.189417e-01
7.736777201000462e-03	-3.189389e-01
7.746777201000463e-03	-3.189417e-01
7.756777201000462e-03	-3.189389e-01
7.766777201000463e-03	-3.189417e-01
7.776777201000462e-03	-3.189389e-01
7.786777201000463e-03	-3.189417e-01
7.796777201000462e-03	-3.189389e-01
7.806777201000463e-03	-3.189417e-01
7.816777201000463e-03	-3.189389e-01
7.826777201000463e-03	-3.189417e-01
7.836777201000462e-03	-3.189389e-01
7.846777201000462e-03	-3.189417e-01
7.856777201000463e-03	-3.189389e-01
7.866777201000463e-03	-3.189417e-01
7.876777201000463e-03	-3.189389e-01
7.886777201000462e-03	-3.189417e-01
7.896777201000462e-03	-3.189389e-01
7.906777201000463e-03	-3.189417e-01
7.916777201000463e-03	-3.189389e-01
7.926777201000462e-03	-3.189417e-01
7.936777201000462e-03	-3.189389e-01
7.946777201000463e-03	-3.189417e-01
7.956777201000463e-03	-3.189389e-01
7.966777201000462e-03	-3.189417e-01
7.976777201000462e-03	-3.189389e-01
7.986777201000463e-03	-3.189417e-01
7.996777201000463e-03	-3.189389e-01
8.006777201000462e-03	-3.189417e-01
8.016777201000462e-03	-3.189389e-01
8.026777201000463e-03	-3.189417e-01
8.036777201000463e-03	-3.189389e-01
8.046777201000463e-03	-3.189417e-01
8.056777201000462e-03	-3.189389e-01
8.066777201000462e-03	-3.189417e-01
8.076777201000463e-03	-3.189389e-01
8.086777201000463e-03	-3.189417e-01
8.096777201000462e-03	-3.189389e-01
8.106777201000462e-03	-3.189417e-01
8.116777201000463e-03	-3.189389e-01
8.126777201000463e-03	-3.189417e-01
8.136777201000462e-03	-3.189389e-01
8.146777201000462e-03	-3.189417e-01
8.156777201000463e-03	-3.189389e-01
8.166777201000463e-03	-3.189417e-01
8.176777201000462e-03	-3.189389e-01
8.186777201000462e-03	-3.189417e-01
8.196777201000462e-03	-3.189389e-01
8.206777201000463e-03	-3.189417e-01
8.216777201000463e-03	-3.189389e-01
8.226777201000462e-03	-3.189417e-01
8.236777201000462e-03	-3.189389e-01
8.246777201000463e-03	-3.189417e-01
8.256777201000463e-03	-3.189389e-01
8.266777201000462e-03	-3.189417e-01
8.276777201000462e-03	-3.189389e-01
8.286777201000463e-03	-3.189417e-01
8.296777201000463e-03	-3.189389e-01
8.306777201000462e-03	-3.189417e-01
8.316777201000462e-03	-3.189389e-01
8.326777201000463e-03	-3.189417e-01
8.336777201000463e-03	-3.189389e-01
8.346777201000462e-03	-3.189417e-01
8.356777201000462e-03	-3.189389e-01
8.366777201000462e-03	-3.189417e-01
8.376777201000463e-03	-3.189389e-01
8.386777201000463e-03	-3.189417e-01
8.396777201000462e-03	-3.189389e-01
8.406777201000462e-03	-3.189417e-01
8.416777201000463e-03	-3.189389e-01
8.426777201000463e-03	-3.189417e-01
8.436777201000462e-03	-3.189389e-01
8.446777201000462e-03	-3.189417e-01
8.456777201000463e-03	-3.189389e-01
8.466777201000463e-03	-3.189417e-01
8.476777201000462e-03	-3.189389e-01
8.486777201000462e-03	-3.189417e-01
8.496777201000463e-03	-3.189389e-01
8.506777201000463e-03	-3.189417e-01
8.516777201000462e-03	-3.189389e-01
8.526777201000462e-03	-3.189417e-01
8.536777201000462e-03	-3.189389e-01
8.546777201000463e-03	-3.189417e-01
8.556777201000463e-03	-3.189389e-01
8.566777201000462e-03	-3.189417e-01
8.576777201000462e-03	-3.189389e-01
8.586777201000463e-03	-3.189417e-01
8.596777201000463e-03	-3.189389e-01
8.606777201000462e-03	-3.189417e-01
8.616777201000462e-03	-3.189389e-01
8.626777201000463e-03	-3.189417e-01
8.636777201000463e-03	-3.189389e-01
8.646777201000462e-03	-3.189417e-01
8.656777201000462e-03	-3.189389e-01
8.666777201000463e-03	-3.189417e-01
8.676777201000463e-03	-3.189389e-01
8.686777201000462e-03	-3.189417e-01
8.696777201000462e-03	-3.189389e-01
8.706777201000462e-03	-3.189417e-01
8.716777201000463e-03	-3.189389e-01
8.726777201000463e-03	-3.189417e-01
8.736777201000462e-03	-3.189389e-01
8.746777201000462e-03	-3.189417e-01
8.756777201000463e-03	-3.189389e-01
8.766777201000463e-03	-3.189417e-01
8.776777201000462e-03	-3.189389e-01
8.786777201000462e-03	-3.189417e-01
8.796777201000463e-03	-3.189389e-01
8.806777201000463e-03	-3.189417e-01
8.816777201000462e-03	-3.189389e-01
8.826777201000462e-03	-3.189417e-01
8.836777201000462e-03	-3.189389e-01
8.846777201000463e-03	-3.189417e-01
8.856777201000463e-03	-3.189389e-01
8.866777201000462e-03	-3.189417e-01
8.876777201000462e-03	-3.189389e-01
8.886777201000463e-03	-3.189417e-01
8.896777201000463e-03	-3.189389e-01
8.906777201000462e-03	-3.189417e-01
8.916777201000462e-03	-3.189389e-01
8.926777201000463e-03	-3.189417e-01
8.936777201000463e-03	-3.189389e-01
8.946777201000462e-03	-3.189417e-01
8.956777201000462e-03	-3.189389e-01
8.966777201000463e-03	-3.189417e-01
8.976777201000463e-03	-3.189389e-01
8.986777201000462e-03	-3.189417e-01
8.996777201000462e-03	-3.189389e-01
9.006777201000462e-03	-3.189417e-01
9.016777201000463e-03	-3.189389e-01
9.026777201000463e-03	-3.189417e-01
9.036777201000462e-03	-3.189389e-01
9.046777201000462e-03	-3.189417e-01
9.056777201000463e-03	-3.189389e-01
9.066777201000463e-03	-3.189417e-01
9.076777201000462e-03	-3.189389e-01
9.086777201000462e-03	-3.189417e-01
9.096777201000463e-03	-3.189389e-01
9.106777201000463e-03	-3.189417e-01
9.116777201000462e-03	-3.189389e-01
9.126777201000462e-03	-3.189417e-01
9.136777201000463e-03	-3.189389e-01
9.146777201000463e-03	-3.189417e-01
9.156777201000462e-03	-3.189389e-01
9.166777201000462e-03	-3.189417e-01
9.176777201000462e-03	-3.189389e-01
9.186777201000463e-03	-3.189417e-01
9.196777201000463e-03	-3.189389e-01
9.206777201000462e-03	-3.189417e-01
9.216777201000462e-03	-3.189389e-01
9.226777201000463e-03	-3.189417e-01
9.236777201000463e-03	-3.189389e-01
9.246777201000462e-03	-3.189417e-01
9.256777201000462e-03	-3.189389e-01
9.266777201000463e-03	-3.189417e-01
9.276777201000463e-03	-3.189389e-01
9.286777201000462e-03	-3.189417e-01
9.296777201000462e-03	-3.189389e-01
9.306777201000463e-03	-3.189417e-01
9.316777201000463e-03	-3.189389e-01
9.326777201000462e-03	-3.189417e-01
9.336777201000462e-03	-3.189389e-01
9.346777201000462e-03	-3.189417e-01
9.356777201000463e-03	-3.189389e-01
9.366777201000463e-03	-3.189417e-01
9.376777201000462e-03	-3.189389e-01
9.386777201000462e-03	-3.189417e-01
9.396777201000463e-03	-3.189389e-01
9.406777201000463e-03	-3.189417e-01
9.416777201000462e-03	-3.189389e-01
9.426777201000462e-03	-3.189417e-01
9.436777201000463e-03	-3.189389e-01
9.446777201000463e-03	-3.189417e-01
9.456777201000462e-03	-3.189389e-01
9.466777201000462e-03	-3.189417e-01
9.476777201000462e-03	-3.189389e-01
9.486777201000463e-03	-3.189417e-01
9.496777201000462e-03	-3.189389e-01
9.506777201000462e-03	-3.189417e-01
9.516777201000462e-03	-3.189389e-01
9.526777201000463e-03	-3.189417e-01
9.536777201000463e-03	-3.189389e-01
9.546777201000462e-03	-3.189417e-01
9.556777201000462e-03	-3.189389e-01
9.566777201000463e-03	-3.189417e-01
9.576777201000463e-03	-3.189389e-01
9.586777201000462e-03	-3.189417e-01
9.596777201000462e-03	-3.189389e-01
9.606777201000463e-03	-3.189417e-01
9.616777201000463e-03	-3.189389e-01
9.626777201000462e-03	-3.189417e-01
9.636777201000462e-03	-3.189389e-01
9.646777201000462e-03	-3.189417e-01
9.656777201000463e-03	-3.189389e-01
9.666777201000462e-03	-3.189417e-01
9.676777201000462e-03	-3.189389e-01
9.686777201000462e-03	-3.189417e-01
9.696777201000463e-03	-3.189389e-01
9.706777201000463e-03	-3.189417e-01
9.716777201000462e-03	-3.189389e-01
9.726777201000462e-03	-3.189417e-01
9.736777201000463e-03	-3.189389e-01
9.746777201000463e-03	-3.189417e-01
9.756777201000462e-03	-3.189389e-01
9.766777201000462e-03	-3.189417e-01
9.776777201000463e-03	-3.189389e-01
9.786777201000463e-03	-3.189417e-01
9.796777201000462e-03	-3.189389e-01
9.806777201000462e-03	-3.189417e-01
9.816777201000462e-03	-3.189389e-01
9.826777201000463e-03	-3.189417e-01
9.836777201000462e-03	-3.189389e-01
9.846777201000462e-03	-3.189417e-01
9.856777201000462e-03	-3.189389e-01
9.866777201000463e-03	-3.189417e-01
9.876777201000463e-03	-3.189389e-01
9.886777201000462e-03	-3.189417e-01
9.896777201000462e-03	-3.189389e-01
9.906777201000463e-03	-3.189417e-01
9.916777201000463e-03	-3.189389e-01
9.926777201000462e-03	-3.189417e-01
9.936777201000462e-03	-3.189389e-01
9.946777201000463e-03	-3.189417e-01
9.956777201000463e-03	-3.189389e-01
9.966777201000462e-03	-3.189417e-01
9.976777201000462e-03	-3.189389e-01
9.986777201000462e-03	-3.189417e-01
9.996777201000463e-03	-3.189389e-01
1.000000000000000e-02	-3.189417e-01
1.000000000100000e-02	-3.189461e-01
1.000000000200000e-02	-3.189381e-01
1.000000000440036e-02	-3.189426e-01
1.000000000670974e-02	-3.189377e-01
1.000000001132851e-02	-3.189423e-01
1.000000002056606e-02	-3.189380e-01
1.000000003904114e-02	-3.189423e-01
1.000000007599130e-02	-3.189380e-01
1.000000014989163e-02	-3.189423e-01
1.000000029769228e-02	-3.189381e-01
1.000000059329359e-02	-3.189424e-01
1.000000118449621e-02	-3.189382e-01
1.000000236690145e-02	-3.189424e-01
1.000000473171193e-02	-3.189381e-01
1.000000946133289e-02	-3.189422e-01
1.000001768512010e-02	-3.189378e-01
1.000002962941878e-02	-3.189417e-01
1.000005351801612e-02	-3.189367e-01
1.000010129521082e-02	-3.189238e-01
1.000017107512809e-02	-3.189386e-01
1.000023641157216e-02	-3.189470e-01
1.000031640405013e-02	-3.189468e-01
1.000039247140321e-02	-3.189542e-01
1.000054460610937e-02	-3.189532e-01
1.000056509205748e-02	-3.189558e-01
1.000060606395368e-02	-3.189563e-01
1.000068800774609e-02	-3.189573e-01
1.000085189533090e-02	-3.189592e-01
1.000117967050053e-02	-3.189623e-01
1.000175612799541e-02	-3.189652e-01
1.000242101865658e-02	-3.189647e-01
1.000253900728738e-02	-3.189642e-01
1.000277498454898e-02	-3.189627e-01
1.000324693907220e-02	-3.189583e-01
1.000336492770300e-02	-3.189570e-01
1.000360090496460e-02	-3.189542e-01
1.000407285948781e-02	-3.189485e-01
1.000501676853423e-02	-3.189368e-01
1.000690458662707e-02	-3.189126e-01
1.001068022281275e-02	-3.188612e-01
1.001823149518411e-02	-3.187430e-01
1.002823149518411e-02	-3.185321e-01
1.003823149518411e-02	-3.181882e-01
1.004823149518411e-02	-3.174630e-01
1.005823149518411e-02	-3.140843e-01
1.006823149518411e-02	-3.040774e-01
1.007823149518411e-02	-2.939461e-01
1.008823149518411e-02	-2.835438e-01
1.009823149518411e-02	-2.733475e-01
1.010000000000000e-02	-2.714125e-01
1.010000000100000e-02	-2.714135e-01
1.010000001700000e-02	-2.714143e-01
1.010000004900000e-02	-2.714155e-01
1.010000011300000e-02	-2.714168e-01
1.010000024100000e-02	-2.714184e-01
1.010000049700000e-02	-2.714216e-01
1.010000100900000e-02	-2.714261e-01
1.010000203300000e-02	-2.714334e-01
1.010000408100000e-02	-2.714404e-01
1.010000817700000e-02	-2.714437e-01
1.010001636900000e-02	-2.714371e-01
1.010003275300001e-02	-2.714200e-01
1.010006552100002e-02	-2.713853e-01
1.010013105700003e-02	-2.713167e-01
1.010026212900006e-02	-2.711786e-01
1.010052427300013e-02	-2.709033e-01
1.010104856100025e-02	-2.703512e-01
1.010209713700050e-02	-2.692467e-01
1.010419428900100e-02	-2.670324e-01
1.010838859300201e-02	-2.625963e-01
1.011677720100402e-02	-2.537542e-01
1.012677720100402e-02	-2.434066e-01
1.013677720100402e-02	-2.334473e-01
1.014677720100401e-02	-2.244051e-01
1.015677720100402e-02	-2.156495e-01
1.016677720100402e-02	-2.059873e-01
1.017677720100402e-02	-1.843044e-01
1.018677720100401e-02	-1.634487e-01
1.019677720100402e-02	-1.559308e-01
1.020628398511358e-02	-1.534420e-01
1.021628398511358e-02	-1.510691e-01
1.022628398511358e-02	-1.538364e-01
1.023628398511358e-02	-1.615907e-01
1.024628398511358e-02	-1.728613e-01
1.025628398511358e-02	-1.868829e-01
1.026628398511358e-02	-2.034096e-01
1.027628398511358e-02	-2.217117e-01
1.028628398511358e-02	-2.415389e-01
1.029628398511358e-02	-2.620972e-01
1.030628398511358e-02	-2.829637e-01
1.031628398511358e-02	-3.029253e-01
1.032628398511358e-02	-3.204022e-01
1.033628398511358e-02	-3.287847e-01
1.034628398511358e-02	-3.180748e-01
1.035628398511358e-02	-3.059820e-01
1.036628398511358e-02	-2.931507e-01
1.037628398511358e-02	-2.770852e-01
1.038628398511358e-02	-2.335979e-01
1.039628398511358e-02	-1.712306e-01
1.040628398511358e-02	-1.170804e-01
1.041628398511358e-02	-6.511682e-02
1.042484828668301e-02	-1.834228e-02
1.043294709040270e-02	-1.500416e-04
1.044082414497654e-02	-5.751043e-06
1.045082414497654e-02	-1.530238e-05
1.046082414497653e-02	-6.948702e-06
1.047082414497653e-02	-1.333739e-05
1.048082414497654e-02	-4.612758e-06
1.049082414497654e-02	-1.159275e-05
1.050082414497653e-02	-2.542884e-06
1.051082414497653e-02	-1.015108e-05
1.052082414497653e-02	-7.345515e-07
1.053082414497654e-02	-9.223826e-06
1.054082414497653e-02	5.662919e-07
1.055082414497653e-02	-8.451681e-06
1.056082414497653e-02	1.234400e-06
1.057082414497654e-02	-7.810785e-06
1.058082414497654e-02	1.754499e-06
1.059082414497653e-02	-7.347473e-06
1.060082414497653e-02	2.103402e-06
1.061082414497654e-02	-7.018211e-06
1.062082414497654e-02	2.354950e-06
1.063082414497653e-02	-6.737781e-06
1.064082414497653e-02	2.545945e-06
1.065082414497653e-02	-6.463843e-06
1.066082414497654e-02	2.645943e-06
1.067082414497653e-02	-6.122005e-06
1.068082414497653e-02	2.591179e-06
1.069082414497653e-02	-5.670874e-06
1.070082414497654e-02	2.380384e-06
1.071082414497653e-02	-5.105946e-06
1.072082414497653e-02	1.989012e-06
1.073082414497653e-02	-4.331027e-06
1.074082414497654e-02	1.252851e-06
1.075082414497654e-02	-3.284270e-06
1.076082414497653e-02	3.181816e-07
1.077082414497653e-02	-2.307141e-06
1.078082414497654e-02	-2.616310e-07
1.079082414497654e-02	-1.864640e-06
1.080082414497653e-02	-4.597375e-07
1.081082414497653e-02	-1.621755e-06
1.082082414497653e-02	-6.412967e-07
1.083082414497654e-02	-1.404681e-06
1.084082414497653e-02	-8.151399e-07
1.085082414497653e-02	-1.212941e-06
1.086082414497653e-02	-9.806224e-07
1.087082414497654e-02	-1.042504e-06
1.088082414497653e-02	-1.135750e-06
1.089082414497653e-02	-8.880052e-07
1.090082414497653e-02	-1.272898e-06
1.091082414497654e-02	-7.312733e-07
1.092082414497654e-02	-1.380525e-06
1.093082414497653e-02	-5.794938e-07
1.094082414497653e-02	-1.481917e-06
1.095082414497654e-02	-4.479446e-07
1.096082414497654e-02	-1.582654e-06
1.097082414497653e-02	-3.344906e-07
1.098082414497653e-02	-1.681022e-06
1.099082414497653e-02	-2.360211e-07
1.100000000100000e-02	-1.779776e-06
1.100000000200000e-02	-1.454375e-06
1.100000001800000e-02	-9.864308e-07
1.100000005000000e-02	-1.456622e-06
1.100000011400000e-02	-1.106756e-06
1.100000024200000e-02	-1.443613e-06
1.100000049800000e-02	-8.077914e-07
1.100000101000000e-02	-7.003333e-07
1.100000203400000e-02	7.873609e-08
1.100000408200000e-02	-1.762953e-07
1.100000817800000e-02	1.473109e-07
1.100001637000000e-02	-2.746263e-07
1.100003275400001e-02	-3.202162e-08
1.100006552200002e-02	-5.972790e-07
1.100013105800003e-02	-4.974341e-07
1.100026213000006e-02	-1.091072e-06
1.100052427400013e-02	-8.086548e-07
1.100095746065785e-02	-1.163669e-06
1.100182383397330e-02	-8.031607e-07
1.100355658060420e-02	-1.165468e-06
1.100702207386599e-02	-8.038307e-07
1.101395306038959e-02	-1.168305e-06
1.102395306038959e-02	-8.089477e-07
1.103395306038958e-02	-1.175786e-06
1.104395306038958e-02	-8.175683e-07
1.105395306038959e-02	-1.185664e-06
1.106395306038959e-02	-8.282523e-07
1.107395306038958e-02	-1.197284e-06
1.108395306038958e-02	-8.380196e-07
1.109395306038959e-02	-1.199032e-06
1.110395306038959e-02	-8.296114e-07
1.111395306038959e-02	-1.184475e-06
1.112395306038958e-02	-8.117716e-07
1.113395306038958e-02	-1.166028e-06
1.114395306038959e-02	-7.943399e-07
1.115395306038959e-02	-1.151258e-06
1.116395306038958e-02	-7.850048e-07
1.117395306038958e-02	-1.148718e-06
1.118395306038959e-02	-7.866366e-07
1.119395306038959e-02	-1.152455e-06
1.120395306038958e-02	-7.908916e-07
1.121395306038958e-02	-1.156523e-06
1.122395306038959e-02	-7.941736e-07
1.123395306038959e-02	-1.158999e-06
1.124395306038958e-02	-7.957337e-07
1.125395306038958e-02	-1.159908e-06
1.126395306038958e-02	-7.960411e-07
1.127395306038959e-02	-1.159910e-06
1.128395306038959e-02	-7.957704e-07
1.129395306038958e-02	-1.159590e-06
1.130395306038958e-02	-7.953723e-07
1.131395306038959e-02	-1.159262e-06
1.132395306038959e-02	-7.950383e-07
1.133395306038958e-02	-1.159024e-06
1.134395306038958e-02	-7.948010e-07
1.135395306038959e-02	-1.158866e-06
1.136395306038959e-02	-7.946245e-07
1.137395306038958e-02	-1.158738e-06
1.138395306038958e-02	-7.944543e-07
1.139395306038959e-02	-1.158588e-06
1.140395306038959e-02	-7.942389e-07
1.141395306038958e-02	-1.158367e-06
1.142395306038958e-02	-7.939364e-07
1.143395306038958e-02	-1.158039e-06
1.144395306038959e-02	-7.935161e-07
1.145395306038959e-02	-1.157580e-06
1.146395306038958e-02	-7.929564e-07
1.147395306038958e-02	-1.156972e-06
1.148395306038959e-02	-7.922443e-07
1.149395306038959e-02	-1.156206e-06
1.150395306038958e-02	-7.913723e-07
1.151395306038958e-02	-1.155276e-06
1.152395306038959e-02	-7.903377e-07
1.153395306038959e-02	-1.154181e-06
1.154395306038958e-02	-7.891413e-07
1.155395306038958e-02	-1.152925e-06
1.156395306038959e-02	-7.877861e-07
1.157395306038959e-02	-1.151511e-06
1.158395306038958e-02	-7.862771e-07
1.159395306038958e-02	-1.149944e-06
1.160395306038958e-02	-7.846201e-07
1.161395306038959e-02	-1.148232e-06
1.162395306038959e-02	-7.828216e-07
1.163395306038958e-02	-1.146381e-06
1.164395306038958e-02	-7.808890e-07
1.165395306038959e-02	-1.144398e-06
1.166395306038959e-02	-7.788293e-07
1.167395306038958e-02	-1.142291e-06
1.168395306038958e-02	-7.766500e-07
1.169395306038959e-02	-1.140067e-06
1.170395306038959e-02	-7.743583e-07
1.171395306038958e-02	-1.137734e-06
1.172395306038958e-02	-7.719614e-07
1.173395306038959e-02	-1.135298e-06
1.174395306038959e-02	-7.694662e-07
1.175395306038958e-02	-1.132767e-06
1.176395306038958e-02	-7.668796e-07
1.177395306038958e-02	-1.130147e-06
1.178395306038959e-02	-7.642078e-07
1.179395306038959e-02	-1.127445e-06
1.180395306038958e-02	-7.614573e-07
1.181395306038958e-02	-1.124666e-06
1.182395306038959e-02	-7.586339e-07
1.183395306038959e-02	-1.121817e-06
1.184395306038958e-02	-7.557434e-07
1.185395306038958e-02	-1.118904e-06
1.186395306038959e-02	-7.527913e-07
1.187395306038959e-02	-1.115930e-06
1.188395306038958e-02	-7.497827e-07
1.189395306038958e-02	-1.112903e-06
1.190395306038958e-02	-7.467226e-07
1.191395306038959e-02	-1.109826e-06
1.192395306038958e-02	-7.436157e-07
1.193395306038958e-02	-1.106704e-06
1.194395306038958e-02	-7.404665e-07
1.195395306038959e-02	-1.103542e-06
1.196395306038959e-02	-7.372792e-07
1.197395306038958e-02	-1.655986e-06
1.198395306038958e-02	-1.873245e-06
1.199395306038959e-02	-1.841204e-06
1.200395306038959e-02	-1.814897e-06
1.201395306038958e-02	-1.921295e-06
1.202395306038958e-02	-1.780940e-06
1.203395306038959e-02	-1.954307e-06
1.204395306038959e-02	-1.734813e-06
1.205395306038958e-02	-1.970823e-06
1.206395306038958e-02	-1.691880e-06
1.207395306038958e-02	-1.970219e-06
1.208395306038959e-02	-1.654000e-06
1.209395306038958e-02	-1.960695e-06
1.210395306038958e-02	-1.620602e-06
1.211395306038958e-02	-1.945356e-06
1.212395306038959e-02	-1.590646e-06
1.213395306038959e-02	-1.926880e-06
1.214395306038958e-02	-1.563393e-06
1.215395306038958e-02	-1.906958e-06
1.216395306038959e-02	-1.538381e-06
1.217395306038959e-02	-1.886689e-06
1.218395306038958e-02	-1.515323e-06
1.219395306038958e-02	-1.866767e-06
1.220395306038959e-02	-1.494029e-06
1.221395306038959e-02	-1.847617e-06
1.222395306038958e-02	-1.474373e-06
1.223395306038958e-02	-4.415543e-06
1.224395306038958e-02	-5.916813e-06
1.225395306038959e-02	-4.026593e-06
1.226395306038959e-02	-4.470380e-06
1.227395306038958e-02	-3.960380e-06
1.228395306038958e-02	-3.875586e-06
1.229395306038959e-02	-3.936723e-06
1.230395306038959e-02	-3.637000e-06
1.231395306038958e-02	-3.915076e-06
1.232395306038958e-02	-3.545155e-06
1.233395306038959e-02	-3.897076e-06
1.234395306038959e-02	-3.508416e-06
1.235395306038958e-02	-3.882876e-06
1.236395306038958e-02	-3.494086e-06
1.237395306038959e-02	-3.871979e-06
1.238395306038959e-02	-3.484970e-06
1.239395306038958e-02	-3.863043e-06
1.240395306038958e-02	-3.479571e-06
1.241395306038958e-02	-3.855707e-06
1.242395306038959e-02	-3.475735e-06
1.243395306038959e-02	-3.849624e-06
1.244395306038958e-02	-3.472671e-06
1.245395306038958e-02	-3.844536e-06
1.246395306038959e-02	-3.470073e-06
1.247395306038959e-02	-3.840250e-06
1.248395306038958e-02	-3.467813e-06
1.249395306038958e-02	-3.836626e-06
1.250395306038959e-02	-3.465831e-06
1.251395306038959e-02	-3.833550e-06
1.252395306038958e-02	-3.464089e-06
1.253395306038958e-02	-3.830936e-06
1.254395306038958e-02	-3.462563e-06
1.255395306038959e-02	-3.828710e-06
1.256395306038958e-02	-3.461229e-06
1.257395306038958e-02	-3.826814e-06
1.258395306038958e-02	-3.460068e-06
1.259395306038959e-02	-3.825198e-06
1.260395306038959e-02	-3.459061e-06
1.261395306038958e-02	-3.823820e-06
1.262395306038958e-02	-3.458191e-06
1.263395306038959e-02	-3.822646e-06
1.264395306038959e-02	-3.457444e-06
1.265395306038958e-02	-3.821646e-06
1.266395306038958e-02	-3.456805e-06
1.267395306038959e-02	-3.820795e-06
1.268395306038959e-02	-3.456262e-06
1.269395306038958e-02	-3.820071e-06
1.270395306038958e-02	-3.455802e-06
1.271395306038958e-02	-3.819458e-06
1.272395306038959e-02	-3.455415e-06
1.273395306038958e-02	-3.818939e-06
1.274395306038958e-02	-3.455093e-06
1.275395306038958e-02	-3.818500e-06
1.276395306038959e-02	-3.454827e-06
1.277395306038959e-02	-3.818132e-06
1.278395306038958e-02	-3.454609e-06
1.279395306038958e-02	-3.817825e-06
1.280395306038959e-02	-3.454433e-06
1.281395306038959e-02	-3.817569e-06
1.282395306038958e-02	-3.454295e-06
1.283395306038958e-02	-3.817357e-06
1.284395306038959e-02	-3.454187e-06
1.285395306038959e-02	-3.817185e-06
1.286395306038958e-02	-3.454107e-06
1.287395306038958e-02	-3.817045e-06
1.288395306038958e-02	-3.454051e-06
1.289395306038959e-02	-3.816934e-06
1.290395306038958e-02	-3.454014e-06
1.291395306038958e-02	-3.816848e-06
1.292395306038958e-02	-3.453994e-06
1.293395306038959e-02	-3.816783e-06
1.294395306038959e-02	-3.453989e-06
1.295395306038958e-02	-3.816737e-06
1.296395306038958e-02	-3.453996e-06
1.297395306038959e-02	-3.816706e-06
1.298395306038959e-02	-3.454013e-06
1.299395306038958e-02	-3.816688e-06
1.300395306038958e-02	-3.454040e-06
1.301395306038959e-02	-3.816682e-06
1.302395306038959e-02	-3.454073e-06
1.303395306038958e-02	-3.816686e-06
1.304395306038958e-02	-3.454112e-06
1.305395306038958e-02	-3.816698e-06
1.306395306038959e-02	-3.454157e-06
1.307395306038958e-02	-3.816717e-06
1.308395306038958e-02	-3.454205e-06
1.309395306038958e-02	-3.816742e-06
1.310395306038959e-02	-3.454256e-06
1.311395306038959e-02	-3.816772e-06
1.312395306038958e-02	-3.454310e-06
1.313395306038958e-02	-3.816806e-06
1.314395306038959e-02	-3.454366e-06
1.315395306038959e-02	-3.816844e-06
1.316395306038958e-02	-3.454423e-06
1.317395306038958e-02	-3.816884e-06
1.318395306038958e-02	-3.454481e-06
1.319395306038959e-02	-3.816927e-06
1.320395306038958e-02	-3.454540e-06
1.321395306038958e-02	-3.816971e-06
1.322395306038958e-02	-3.454599e-06
1.323395306038959e-02	-3.817018e-06
1.324395306038958e-02	-3.454658e-06
1.325395306038958e-02	-3.817065e-06
1.326395306038958e-02	-3.454717e-06
1.327395306038959e-02	-3.817112e-06
1.328395306038959e-02	-3.454776e-06
1.329395306038958e-02	-3.817161e-06
1.330395306038958e-02	-3.454834e-06
1.331395306038959e-02	-3.817210e-06
1.332395306038959e-02	-3.454891e-06
1.333395306038958e-02	-3.817258e-06
1.334395306038958e-02	-3.454948e-06
1.335395306038958e-02	-3.817307e-06
1.336395306038959e-02	-3.455003e-06
1.337395306038958e-02	-3.817356e-06
1.338395306038958e-02	-3.455058e-06
1.339395306038958e-02	-3.817404e-06
1.340395306038959e-02	-3.455112e-06
1.341395306038958e-02	-3.817452e-06
1.342395306038958e-02	-3.455164e-06
1.343395306038958e-02	-3.817499e-06
1.344395306038959e-02	-3.455216e-06
1.345395306038959e-02	-3.817546e-06
1.346395306038958e-02	-3.455267e-06
1.347395306038958e-02	-3.817592e-06
1.348395306038959e-02	-3.455316e-06
1.349395306038959e-02	-3.817637e-06
1.350395306038958e-02	-3.455364e-06
1.351395306038958e-02	-3.817682e-06
1.352395306038958e-02	-3.455412e-06
1.353395306038959e-02	-3.817726e-06
1.354395306038958e-02	-3.455458e-06
1.355395306038958e-02	-3.817769e-06
1.356395306038958e-02	-3.455503e-06
1.357395306038959e-02	-3.817811e-06
1.358395306038958e-02	-3.455547e-06
1.359395306038958e-02	-3.817853e-06
1.360395306038958e-02	-3.455590e-06
1.361395306038959e-02	-3.817894e-06
1.362395306038959e-02	-3.455631e-06
1.363395306038958e-02	-3.817934e-06
1.364395306038958e-02	-3.455672e-06
1.365395306038959e-02	-3.817973e-06
1.366395306038959e-02	-3.455712e-06
1.367395306038958e-02	-3.818011e-06
1.368395306038958e-02	-3.455751e-06
1.369395306038958e-02	-3.818049e-06
1.370395306038959e-02	-3.455788e-06
1.371395306038958e-02	-3.818086e-06
1.372395306038958e-02	-3.455825e-06
1.373395306038958e-02	-3.818121e-06
1.374395306038959e-02	-3.455861e-06
1.375395306038959e-02	-3.818157e-06
1.376395306038958e-02	-3.455896e-06
1.377395306038958e-02	-3.818191e-06
1.378395306038959e-02	-3.455930e-06
1.379395306038959e-02	-3.818224e-06
1.380395306038958e-02	-3.455963e-06
1.381395306038958e-02	-3.818257e-06
1.382395306038958e-02	-3.455995e-06
1.383395306038959e-02	-3.818289e-06
1.384395306038958e-02	-3.456026e-06
1.385395306038958e-02	-3.818320e-06
1.386395306038958e-02	-3.456057e-06
1.387395306038959e-02	-3.818351e-06
1.388395306038958e-02	-3.456086e-06
1.389395306038958e-02	-3.818381e-06
1.390395306038958e-02	-3.456116e-06
1.391395306038959e-02	-3.818410e-06
1.392395306038959e-02	-3.456144e-06
1.393395306038958e-02	-3.818438e-06
1.394395306038958e-02	-3.456171e-06
1.395395306038959e-02	-3.818466e-06
1.396395306038959e-02	-3.456198e-06
1.397395306038958e-02	-3.818493e-06
1.398395306038958e-02	-3.456224e-06
1.399395306038958e-02	-3.818519e-06
1.400395306038959e-02	-3.456249e-06
1.401395306038958e-02	-3.818545e-06
1.402395306038958e-02	-3.456273e-06
1.403395306038958e-02	-3.818570e-06
1.404395306038959e-02	-3.456297e-06
1.405395306038958e-02	-3.818595e-06
1.406395306038958e-02	-3.456321e-06
1.407395306038958e-02	-3.818619e-06
1.408395306038959e-02	-3.456343e-06
1.409395306038959e-02	-3.818643e-06
1.410395306038958e-02	-3.456365e-06
1.411395306038958e-02	-3.818665e-06
1.412395306038959e-02	-3.456387e-06
1.413395306038959e-02	-3.818688e-06
1.414395306038958e-02	-3.456408e-06
1.415395306038958e-02	-3.818710e-06
1.416395306038958e-02	-3.456428e-06
1.417395306038959e-02	-3.818731e-06
1.418395306038958e-02	-3.456448e-06
1.419395306038958e-02	-3.818752e-06
1.420395306038958e-02	-3.456467e-06
1.421395306038959e-02	-3.818772e-06
1.422395306038958e-02	-3.456486e-06
1.423395306038958e-02	-3.818792e-06
1.424395306038958e-02	-3.456504e-06
1.425395306038959e-02	-3.818811e-06
1.426395306038959e-02	-3.456521e-06
1.427395306038958e-02	-3.818830e-06
1.428395306038958e-02	-3.456538e-06
1.429395306038959e-02	-3.818848e-06
1.430395306038959e-02	-3.456555e-06
1.431395306038958e-02	-3.818866e-06
1.432395306038958e-02	-3.456571e-06
1.433395306038958e-02	-3.818884e-06
1.434395306038959e-02	-3.456587e-06
1.435395306038958e-02	-3.818901e-06
1.436395306038958e-02	-3.456603e-06
1.437395306038958e-02	-3.818917e-06
1.438395306038959e-02	-3.456618e-06
1.439395306038958e-02	-3.818934e-06
1.440395306038958e-02	-3.456632e-06
1.441395306038958e-02	-3.818950e-06
1.442395306038959e-02	-3.456646e-06
1.443395306038959e-02	-3.818965e-06
1.444395306038958e-02	-3.456660e-06
1.445395306038958e-02	-3.818981e-06
1.446395306038958e-02	-3.456674e-06
1.447395306038959e-02	-3.818995e-06
1.448395306038958e-02	-3.456687e-06
1.449395306038958e-02	-3.819010e-06
1.450395306038958e-02	-3.456699e-06
1.451395306038959e-02	-3.819024e-06
1.452395306038958e-02	-3.456712e-06
1.453395306038958e-02	-3.819037e-06
1.454395306038958e-02	-3.456724e-06
1.455395306038959e-02	-3.819051e-06
1.456395306038958e-02	-3.456735e-06
1.457395306038958e-02	-3.819064e-06
1.458395306038958e-02	-3.456747e-06
1.459395306038959e-02	-3.819077e-06
1.460395306038959e-02	-3.456758e-06
1.461395306038958e-02	-3.819089e-06
1.462395306038958e-02	-3.456768e-06
1.463395306038958e-02	-3.819101e-06
1.464395306038959e-02	-3.456779e-06
1.465395306038958e-02	-3.819113e-06
1.466395306038958e-02	-3.456789e-06
1.467395306038958e-02	-3.819125e-06
1.468395306038959e-02	-3.456799e-06
1.469395306038958e-02	-3.819137e-06
1.470395306038958e-02	-3.456808e-06
1.471395306038958e-02	-3.819148e-06
1.472395306038959e-02	-3.456817e-06
1.473395306038958e-02	-3.819158e-06
1.474395306038958e-02	-3.456827e-06
1.475395306038958e-02	-3.819169e-06
1.476395306038959e-02	-3.456835e-06
1.477395306038959e-02	-3.819180e-06
1.478395306038958e-02	-3.456844e-06
1.479395306038958e-02	-3.819190e-06
1.480395306038958e-02	-3.456852e-06
1.481395306038959e-02	-3.819200e-06
1.482395306038958e-02	-3.456860e-06
1.483395306038958e-02	-3.819209e-06
1.484395306038958e-02	-3.456868e-06
1.485395306038959e-02	-3.819219e-06
1.486395306038958e-02	-3.456875e-06
1.487395306038958e-02	-3.819228e-06
1.488395306038958e-02	-3.456883e-06
1.489395306038959e-02	-3.819237e-06
1.490395306038958e-02	-3.456890e-06
1.491395306038958e-02	-3.819246e-06
1.492395306038958e-02	-3.456897e-06
1.493395306038959e-02	-3.819254e-06
1.494395306038959e-02	-3.456903e-06
1.495395306038958e-02	-3.819263e-06
1.496395306038958e-02	-3.456910e-06
1.497395306038958e-02	-3.819271e-06
1.498395306038959e-02	-3.456916e-06
1.499395306038958e-02	-3.819279e-06
1.500395306038958e-02	-3.456922e-06
1.501395306038958e-02	-3.819287e-06
1.502395306038959e-02	-3.456928e-06
1.503395306038958e-02	-3.819295e-06
1.504395306038958e-02	-3.456934e-06
1.505395306038958e-02	-3.819302e-06
1.506395306038959e-02	-3.456940e-06
1.507395306038959e-02	-3.819310e-06
1.508395306038958e-02	-3.456945e-06
1.509395306038958e-02	-3.819317e-06
1.510395306038958e-02	-3.456950e-06
1.511395306038959e-02	-3.819324e-06
1.512395306038958e-02	-3.456955e-06
1.513395306038958e-02	-3.819331e-06
1.514395306038958e-02	-3.456960e-06
1.515395306038959e-02	-3.819338e-06
1.516395306038958e-02	-3.456965e-06
1.517395306038958e-02	-3.819344e-06
1.518395306038958e-02	-3.456970e-06
1.519395306038959e-02	-3.819351e-06
1.520395306038958e-02	-3.456974e-06
1.521395306038958e-02	-3.819357e-06
1.522395306038958e-02	-3.456979e-06
1.523395306038959e-02	-3.819363e-06
1.524395306038959e-02	-3.456983e-06
1.525395306038958e-02	-3.819369e-06
1.526395306038958e-02	-3.456987e-06
1.527395306038958e-02	-3.819375e-06
1.528395306038959e-02	-3.456991e-06
1.529395306038958e-02	-3.819381e-06
1.530395306038958e-02	-3.456995e-06
1.531395306038958e-02	-3.819387e-06
1.532395306038959e-02	-3.456998e-06
1.533395306038958e-02	-3.819392e-06
1.534395306038958e-02	-3.457002e-06
1.535395306038958e-02	-3.819398e-06
1.536395306038959e-02	-3.457006e-06
1.537395306038958e-02	-3.819403e-06
1.538395306038958e-02	-3.457009e-06
1.539395306038958e-02	-3.819408e-06
1.540395306038959e-02	-3.457012e-06
1.541395306038959e-02	-3.819413e-06
1.542395306038958e-02	-3.457015e-06
1.543395306038958e-02	-3.819418e-06
1.544395306038958e-02	-3.457018e-06
1.545395306038959e-02	-3.819423e-06
1.546395306038958e-02	-3.457021e-06
1.547395306038958e-02	-3.819428e-06
1.548395306038958e-02	-3.457024e-06
1.549395306038959e-02	-3.819433e-06
1.550395306038958e-02	-3.457027e-06
1.551395306038958e-02	-3.819438e-06
1.552395306038958e-02	-3.457029e-06
1.553395306038959e-02	-3.819442e-06
1.554395306038958e-02	-3.457032e-06
1.555395306038958e-02	-3.819446e-06
1.556395306038958e-02	-3.457034e-06
1.557395306038959e-02	-3.819451e-06
1.558395306038959e-02	-3.457036e-06
1.559395306038958e-02	-3.819455e-06
1.560395306038958e-02	-3.457039e-06
1.561395306038958e-02	-3.819459e-06
1.562395306038959e-02	-3.457041e-06
1.563395306038958e-02	-3.819463e-06
1.564395306038958e-02	-3.457043e-06
1.565395306038958e-02	-3.819468e-06
1.566395306038958e-02	-3.457045e-06
1.567395306038958e-02	-3.819471e-06
1.568395306038959e-02	-3.457047e-06
1.569395306038959e-02	-3.819475e-06
1.570395306038959e-02	-3.457049e-06
1.571395306038958e-02	-3.819479e-06
1.572395306038958e-02	-3.457051e-06
1.573395306038958e-02	-3.819483e-06
1.574395306038958e-02	-3.457052e-06
1.575395306038958e-02	-3.819487e-06
1.576395306038958e-02	-3.457054e-06
1.577395306038959e-02	-3.819490e-06
1.578395306038959e-02	-3.457055e-06
1.579395306038959e-02	-3.819494e-06
1.580395306038958e-02	-3.457057e-06
1.581395306038958e-02	-3.819497e-06
1.582395306038958e-02	-3.457058e-06
1.583395306038958e-02	-3.819501e-06
1.584395306038958e-02	-3.457060e-06
1.585395306038959e-02	-3.819504e-06
1.586395306038959e-02	-3.457061e-06
1.587395306038959e-02	-3.819508e-06
1.588395306038958e-02	-3.457062e-06
1.589395306038958e-02	-3.819511e-06
1.590395306038958e-02	-3.457063e-06
1.591395306038958e-02	-3.819514e-06
1.592395306038958e-02	-3.457064e-06
1.593395306038958e-02	-3.819517e-06
1.594395306038959e-02	-3.457065e-06
1.595395306038959e-02	-3.819520e-06
1.596395306038959e-02	-3.457066e-06
1.597395306038958e-02	-3.819523e-06
1.598395306038958e-02	-3.457067e-06
1.599395306038958e-02	-3.819526e-06
1.600395306038958e-02	-3.457068e-06
1.601395306038958e-02	-3.819529e-06
1.602395306038959e-02	-3.457069e-06
1.603395306038959e-02	-3.819532e-06
1.604395306038959e-02	-3.457070e-06
1.605395306038958e-02	-3.819535e-06
1.606395306038958e-02	-3.457071e-06
1.607395306038958e-02	-3.819538e-06
1.608395306038958e-02	-3.457071e-06
1.609395306038958e-02	-3.819540e-06
1.610395306038958e-02	-3.457072e-06
1.611395306038959e-02	-3.819543e-06
1.612395306038959e-02	-3.457073e-06
1.613395306038959e-02	-3.819546e-06
1.614395306038958e-02	-3.457073e-06
1.615395306038958e-02	-3.819549e-06
1.616395306038958e-02	-3.457074e-06
1.617395306038958e-02	-3.819551e-06
1.618395306038958e-02	-3.457074e-06
1.619395306038959e-02	-3.819554e-06
1.620395306038959e-02	-3.457075e-06
1.621395306038959e-02	-3.819556e-06
1.622395306038958e-02	-3.457075e-06
1.623395306038958e-02	-3.819559e-06
1.624395306038958e-02	-3.457075e-06
1.625395306038958e-02	-3.819561e-06
1.626395306038958e-02	-3.457076e-06
1.627395306038958e-02	-3.819564e-06
1.628395306038959e-02	-3.457076e-06
1.629395306038959e-02	-3.819566e-06
1.630395306038959e-02	-3.457076e-06
1.631395306038958e-02	-3.819569e-06
1.632395306038958e-02	-3.457076e-06
1.633395306038958e-02	-3.819571e-06
1.634395306038958e-02	-3.457076e-06
1.635395306038958e-02	-3.819573e-06
1.636395306038959e-02	-3.457077e-06
1.637395306038959e-02	-3.819575e-06
1.638395306038959e-02	-3.457077e-06
1.639395306038958e-02	-3.819578e-06
1.640395306038958e-02	-3.457077e-06
1.641395306038958e-02	-3.819580e-06
1.642395306038958e-02	-3.457077e-06
1.643395306038958e-02	-3.819582e-06
1.644395306038958e-02	-3.457077e-06
1.645395306038959e-02	-3.819584e-06
1.646395306038959e-02	-3.457077e-06
1.647395306038959e-02	-3.819586e-06
1.648395306038958e-02	-3.457077e-06
1.649395306038958e-02	-3.819589e-06
1.650395306038958e-02	-3.457077e-06
1.651395306038958e-02	-3.819590e-06
1.652395306038958e-02	-3.457077e-06
1.653395306038959e-02	-3.819593e-06
1.654395306038959e-02	-3.457077e-06
1.655395306038959e-02	-3.819594e-06
1.656395306038959e-02	-3.457076e-06
1.657395306038958e-02	-3.819597e-06
1.658395306038958e-02	-3.457076e-06
1.659395306038958e-02	-3.819599e-06
1.660395306038958e-02	-3.457076e-06
1.661395306038958e-02	-3.819600e-06
1.662395306038959e-02	-3.457076e-06
1.663395306038959e-02	-3.819602e-06
1.664395306038959e-02	-3.457076e-06
1.665395306038958e-02	-3.819604e-06
1.666395306038958e-02	-3.457075e-06
1.667395306038958e-02	-3.819606e-06
1.668395306038958e-02	-3.457075e-06
1.669395306038958e-02	-3.819608e-06
1.670395306038958e-02	-3.457075e-06
1.671395306038959e-02	-3.819610e-06
1.672395306038959e-02	-3.457074e-06
1.673395306038959e-02	-3.819612e-06
1.674395306038958e-02	-3.457074e-06
1.675395306038958e-02	-3.819614e-06
1.676395306038958e-02	-3.457074e-06
1.677395306038958e-02	-3.819615e-06
1.678395306038958e-02	-3.457073e-06
1.679395306038959e-02	-3.819617e-06
1.680395306038959e-02	-3.457073e-06
1.681395306038959e-02	-3.819619e-06
1.682395306038958e-02	-3.457073e-06
1.683395306038958e-02	-3.819621e-06
1.684395306038958e-02	-3.457072e-06
1.685395306038958e-02	-3.819623e-06
1.686395306038958e-02	-3.457072e-06
1.687395306038958e-02	-3.819624e-06
1.688395306038959e-02	-3.457071e-06
1.689395306038959e-02	-3.819626e-06
1.690395306038959e-02	-3.457071e-06
1.691395306038958e-02	-3.819628e-06
1.692395306038958e-02	-3.457070e-06
1.693395306038958e-02	-3.819629e-06
1.694395306038958e-02	-3.457070e-06
1.695395306038958e-02	-3.819631e-06
1.696395306038959e-02	-3.457069e-06
1.697395306038959e-02	-3.819633e-06
1.698395306038959e-02	-3.457068e-06
1.699395306038958e-02	-3.819634e-06
1.700395306038958e-02	-3.457068e-06
1.701395306038958e-02	-3.819636e-06
1.702395306038958e-02	-3.457067e-06
1.703395306038958e-02	-3.819638e-06
1.704395306038958e-02	-3.457067e-06
1.705395306038959e-02	-3.819639e-06
1.706395306038959e-02	-3.457066e-06
1.707395306038959e-02	-3.819641e-06
1.708395306038958e-02	-3.457066e-06
1.709395306038958e-02	-3.819642e-06
1.710395306038958e-02	-3.457065e-06
1.711395306038958e-02	-3.819644e-06
1.712395306038958e-02	-3.457064e-06
1.713395306038959e-02	-3.819645e-06
1.714395306038959e-02	-3.457063e-06
1.715395306038959e-02	-3.819647e-06
1.716395306038958e-02	-3.457063e-06
1.717395306038958e-02	-3.819649e-06
1.718395306038958e-02	-3.457062e-06
1.719395306038958e-02	-3.819650e-06
1.720395306038958e-02	-3.457061e-06
1.721395306038958e-02	-3.819652e-06
1.722395306038959e-02	-3.457061e-06
1.723395306038959e-02	-3.819653e-06
1.724395306038959e-02	-3.457060e-06
1.725395306038958e-02	-3.819654e-06
1.726395306038958e-02	-3.457059e-06
1.727395306038958e-02	-3.819656e-06
1.728395306038958e-02	-3.457058e-06
1.729395306038958e-02	-3.819658e-06
1.730395306038959e-02	-3.457058e-06
1.731395306038959e-02	-3.819659e-06
1.732395306038959e-02	-3.457057e-06
1.733395306038958e-02	-3.819660e-06
1.734395306038958e-02	-3.457056e-06
1.735395306038958e-02	-3.819662e-06
1.736395306038958e-02	-3.457055e-06
1.737395306038958e-02	-3.819664e-06
1.738395306038958e-02	-3.457055e-06
1.739395306038959e-02	-3.819665e-06
1.740395306038959e-02	-3.457054e-06
1.741395306038959e-02	-3.819666e-06
1.742395306038958e-02	-3.457053e-06
1.743395306038958e-02	-3.819668e-06
1.744395306038958e-02	-3.457052e-06
1.745395306038958e-02	-3.819669e-06
1.746395306038958e-02	-3.457051e-06
1.747395306038959e-02	-3.819671e-06
1.748395306038959e-02	-3.457051e-06
1.749395306038959e-02	-3.819672e-06
1.750395306038958e-02	-3.457050e-06
1.751395306038958e-02	-3.819674e-06
1.752395306038958e-02	-3.457049e-06
1.753395306038958e-02	-3.819675e-06
1.754395306038958e-02	-3.457048e-06
1.755395306038958e-02	-3.819676e-06
1.756395306038959e-02	-3.457047e-06
1.757395306038959e-02	-3.819678e-06
1.758395306038959e-02	-3.457046e-06
1.759395306038958e-02	-3.819679e-06
1.760395306038958e-02	-3.457045e-06
1.761395306038958e-02	-3.819680e-06
1.762395306038958e-02	-3.457044e-06
1.763395306038958e-02	-3.819682e-06
1.764395306038959e-02	-3.457043e-06
1.765395306038959e-02	-3.819683e-06
1.766395306038959e-02	-3.457043e-06
1.767395306038958e-02	-3.819684e-06
1.768395306038958e-02	-3.457042e-06
1.769395306038958e-02	-3.819686e-06
1.770395306038958e-02	-3.457041e-06
1.771395306038958e-02	-3.819687e-06
1.772395306038958e-02	-3.457040e-06
1.773395306038959e-02	-3.819689e-06
1.774395306038959e-02	-3.457039e-06
1.775395306038959e-02	-3.819690e-06
1.776395306038958e-02	-3.457038e-06
1.777395306038958e-02	-3.819691e-06
1.778395306038958e-02	-3.457037e-06
1.779395306038958e-02	-3.819692e-06
1.780395306038958e-02	-3.457036e-06
1.781395306038959e-02	-3.819694e-06
1.782395306038959e-02	-3.457035e-06
1.783395306038959e-02	-3.819695e-06
1.784395306038958e-02	-3.457034e-06
1.785395306038958e-02	-3.819696e-06
1.786395306038958e-02	-3.457033e-06
1.787395306038958e-02	-3.819698e-06
1.788395306038958e-02	-3.457032e-06
1.789395306038958e-02	-3.819699e-06
1.790395306038959e-02	-3.457031e-06
1.791395306038959e-02	-3.819700e-06
1.792395306038959e-02	-3.457030e-06
1.793395306038958e-02	-3.819702e-06
1.794395306038958e-02	-3.457029e-06
1.795395306038958e-02	-3.819703e-06
1.796395306038958e-02	-3.457028e-06
1.797395306038958e-02	-3.819704e-06
1.798395306038958e-02	-3.457027e-06
1.799395306038959e-02	-3.819705e-06
1.800395306038959e-02	-3.457026e-06
1.801395306038958e-02	-3.819707e-06
1.802395306038958e-02	-3.457025e-06
1.803395306038958e-02	-3.819708e-06
1.804395306038958e-02	-3.457024e-06
1.805395306038958e-02	-3.819709e-06
1.806395306038958e-02	-3.457023e-06
1.807395306038959e-02	-3.819710e-06
1.808395306038959e-02	-3.457022e-06
1.809395306038959e-02	-3.819712e-06
1.810395306038958e-02	-3.457021e-06
1.811395306038958e-02	-3.819713e-06
1.812395306038958e-02	-3.457020e-06
1.813395306038958e-02	-3.819714e-06
1.814395306038958e-02	-3.457019e-06
1.815395306038958e-02	-3.819715e-06
1.816395306038959e-02	-3.457018e-06
1.817395306038959e-02	-3.819717e-06
1.818395306038958e-02	-3.457017e-06
1.819395306038958e-02	-3.819718e-06
1.820395306038958e-02	-3.457016e-06
1.821395306038958e-02	-3.819719e-06
1.822395306038958e-02	-3.457015e-06
1.823395306038958e-02	-3.819720e-06
1.824395306038959e-02	-3.457014e-06
1.825395306038959e-02	-3.819722e-06
1.826395306038959e-02	-3.457013e-06
1.827395306038958e-02	-3.819723e-06
1.828395306038958e-02	-3.457012e-06
1.829395306038958e-02	-3.819724e-06
1.830395306038958e-02	-3.457011e-06
1.831395306038958e-02	-3.819725e-06
1.832395306038958e-02	-3.457010e-06
1.833395306038959e-02	-3.819727e-06
1.834395306038959e-02	-3.457009e-06
1.835395306038958e-02	-3.819728e-06
1.836395306038958e-02	-3.457008e-06
1.837395306038958e-02	-3.819729e-06
1.838395306038958e-02	-3.457007e-06
1.839395306038958e-02	-3.819730e-06
1.840395306038958e-02	-3.457006e-06
1.841395306038959e-02	-3.819732e-06
1.842395306038959e-02	-3.457005e-06
1.843395306038959e-02	-3.819733e-06
1.844395306038958e-02	-3.457004e-06
1.845395306038958e-02	-3.819734e-06
1.846395306038958e-02	-3.457003e-06
1.847395306038958e-02	-3.819735e-06
1.848395306038958e-02	-3.457002e-06
1.849395306038958e-02	-3.819737e-06
1.850395306038959e-02	-3.457001e-06
1.851395306038959e-02	-3.819738e-06
1.852395306038958e-02	-3.456999e-06
1.853395306038958e-02	-3.819739e-06
1.854395306038958e-02	-3.456998e-06
1.855395306038958e-02	-3.819740e-06
1.856395306038958e-02	-3.456997e-06
1.857395306038958e-02	-3.819741e-06
1.858395306038959e-02	-3.456996e-06
1.859395306038959e-02	-3.819743e-06
1.860395306038959e-02	-3.456995e-06
1.861395306038958e-02	-3.819744e-06
1.862395306038958e-02	-3.456994e-06
1.863395306038958e-02	-3.819745e-06
1.864395306038958e-02	-3.456993e-06
1.865395306038958e-02	-3.819746e-06
1.866395306038958e-02	-3.456992e-06
1.867395306038959e-02	-3.819748e-06
1.868395306038959e-02	-3.456991e-06
1.869395306038958e-02	-3.819749e-06
1.870395306038958e-02	-3.456990e-06
1.871395306038958e-02	-3.819750e-06
1.872395306038958e-02	-3.456989e-06
1.873395306038958e-02	-3.819751e-06
1.874395306038958e-02	-3.456988e-06
1.875395306038959e-02	-3.819752e-06
1.876395306038959e-02	-3.456987e-06
1.877395306038959e-02	-3.819754e-06
1.878395306038958e-02	-3.456985e-06
1.879395306038958e-02	-3.819755e-06
1.880395306038958e-02	-3.456984e-06
1.881395306038958e-02	-3.819756e-06
1.882395306038958e-02	-3.456983e-06
1.883395306038958e-02	-3.819757e-06
1.884395306038959e-02	-3.456982e-06
1.885395306038959e-02	-3.819758e-06
1.886395306038958e-02	-3.456981e-06
1.887395306038958e-02	-3.819760e-06
1.888395306038958e-02	-3.456980e-06
1.889395306038958e-02	-3.819760e-06
1.890395306038958e-02	-3.456979e-06
1.891395306038958e-02	-3.819762e-06
1.892395306038959e-02	-3.456978e-06
1.893395306038959e-02	-3.819763e-06
1.894395306038959e-02	-3.456977e-06
1.895395306038958e-02	-3.819764e-06
1.896395306038958e-02	-3.456975e-06
1.897395306038958e-02	-3.819765e-06
1.898395306038958e-02	-3.456975e-06
1.899395306038958e-02	-3.819767e-06
1.900395306038958e-02	-3.456973e-06
1.901395306038959e-02	-3.819768e-06
1.902395306038959e-02	-3.456972e-06
1.903395306038958e-02	-3.819769e-06
1.904395306038958e-02	-3.456971e-06
1.905395306038958e-02	-3.819770e-06
1.906395306038958e-02	-3.456970e-06
1.907395306038958e-02	-3.819771e-06
1.908395306038958e-02	-3.456969e-06
1.909395306038959e-02	-3.819772e-06
1.910395306038959e-02	-3.456968e-06
1.911395306038959e-02	-3.819774e-06
1.912395306038958e-02	-3.456967e-06
1.913395306038958e-02	-3.819775e-06
1.914395306038958e-02	-3.456966e-06
1.915395306038958e-02	-3.819776e-06
1.916395306038958e-02	-3.456965e-06
1.917395306038958e-02	-3.819777e-06
1.918395306038959e-02	-3.456963e-06
1.919395306038959e-02	-3.819778e-06
1.920395306038958e-02	-3.456962e-06
1.921395306038958e-02	-3.819780e-06
1.922395306038958e-02	-3.456961e-06
1.923395306038958e-02	-3.819781e-06
1.924395306038958e-02	-3.456960e-06
1.925395306038958e-02	-3.819782e-06
1.926395306038958e-02	-3.456959e-06
1.927395306038959e-02	-3.819783e-06
1.928395306038959e-02	-3.456958e-06
1.929395306038958e-02	-3.819784e-06
1.930395306038958e-02	-3.456957e-06
1.931395306038958e-02	-3.819785e-06
1.932395306038958e-02	-3.456956e-06
1.933395306038958e-02	-3.819786e-06
1.934395306038958e-02	-3.456955e-06
1.935395306038959e-02	-3.819788e-06
1.936395306038959e-02	-3.456953e-06
1.937395306038959e-02	-3.819789e-06
1.938395306038958e-02	-3.456952e-06
1.939395306038958e-02	-3.819790e-06
1.940395306038958e-02	-3.456951e-06
1.941395306038958e-02	-3.819791e-06
1.942395306038958e-02	-3.456950e-06
1.943395306038958e-02	-3.819792e-06
1.944395306038959e-02	-3.456949e-06
1.945395306038959e-02	-3.819794e-06
1.946395306038958e-02	-3.456948e-06
1.947395306038958e-02	-3.819795e-06
1.948395306038958e-02	-3.456947e-06
1.949395306038958e-02	-3.819796e-06
1.950395306038958e-02	-3.456945e-06
1.951395306038958e-02	-3.819797e-06
1.952395306038959e-02	-3.456945e-06
1.953395306038959e-02	-3.819798e-06
1.954395306038959e-02	-3.456943e-06
1.955395306038958e-02	-3.819800e-06
1.956395306038958e-02	-3.456942e-06
1.957395306038958e-02	-3.819800e-06
1.958395306038958e-02	-3.456941e-06
1.959395306038958e-02	-3.819802e-06
1.960395306038958e-02	-3.456940e-06
1.961395306038959e-02	-3.819803e-06
1.962395306038959e-02	-3.456939e-06
1.963395306038958e-02	-3.819804e-06
1.964395306038958e-02	-3.456938e-06
1.965395306038958e-02	-3.819805e-06
1.966395306038958e-02	-3.456937e-06
1.967395306038958e-02	-3.819806e-06
1.968395306038958e-02	-3.456935e-06
1.969395306038959e-02	-3.819807e-06
1.970395306038959e-02	-3.456934e-06
1.971395306038959e-02	-3.819809e-06
1.972395306038958e-02	-3.456933e-06
1.973395306038958e-02	-3.819810e-06
1.974395306038958e-02	-3.456932e-06
1.975395306038958e-02	-3.819811e-06
1.976395306038958e-02	-3.456931e-06
1.977395306038958e-02	-3.819812e-06
1.978395306038959e-02	-3.456930e-06
1.979395306038959e-02	-3.819813e-06
1.980395306038958e-02	-3.456929e-06
1.981395306038958e-02	-3.819814e-06
1.982395306038958e-02	-3.456928e-06
1.983395306038958e-02	-3.819815e-06
1.984395306038958e-02	-3.456927e-06
1.985395306038958e-02	-3.819817e-06
1.986395306038959e-02	-3.456925e-06
1.987395306038959e-02	-3.819818e-06
1.988395306038959e-02	-3.456924e-06
1.989395306038958e-02	-3.819819e-06
1.990395306038958e-02	-3.456923e-06
1.991395306038958e-02	-3.819820e-06
1.992395306038958e-02	-3.456922e-06
1.993395306038958e-02	-3.819821e-06
1.994395306038958e-02	-3.456921e-06
1.995395306038959e-02	-3.819822e-06
1.996395306038959e-02	-3.456920e-06
1.997395306038958e-02	-3.819824e-06
1.998395306038958e-02	-3.456919e-06
1.999395306038958e-02	-3.819825e-06
2.000000000000000e-02	-3.456917e-06
