time	V(out_pos,out_neg)
0.000000000000000e+00	5.245209e-06
9.999999439624929e-11	5.245209e-06
1.999999887924986e-10	5.245209e-06
3.999999775849972e-10	5.245209e-06
7.999999551699943e-10	5.245209e-06
1.599999910339989e-09	5.245209e-06
3.199999820679977e-09	5.006790e-06
6.399999641359955e-09	5.245209e-06
1.279999928271991e-08	4.768372e-06
2.559999856543982e-08	4.291534e-06
5.119999713087964e-08	3.099442e-06
9.248630664979748e-08	9.775162e-06
1.509759026644180e-07	2.765656e-05
2.056786036796262e-07	3.576279e-05
2.711470554082648e-07	2.598763e-05
3.307589917392930e-07	1.645088e-05
4.499828644013495e-07	-1.406670e-05
4.722951375678552e-07	-2.098083e-05
5.169196839008667e-07	-2.145767e-05
6.061687765668897e-07	-1.978874e-05
7.846669618989356e-07	-8.583069e-06
1.141663332563027e-06	2.622604e-06
1.717850044023306e-06	-3.337860e-05
2.438243087911455e-06	-1.161098e-04
3.466266525716984e-06	-2.892017e-04
5.224207515102728e-06	-8.251667e-04
8.740089493874218e-06	-6.394386e-04
1.577185345141720e-05	1.186609e-03
2.577185345141720e-05	-3.908157e-03
3.577185345141720e-05	-5.099773e-03
4.577185345141720e-05	-1.113176e-03
5.577185345141720e-05	-2.573490e-03
6.577185345141719e-05	-1.135111e-03
7.577185345141719e-05	-6.473064e-04
8.577185345141719e-05	-2.133846e-04
9.577185345141719e-05	-7.033348e-05
1.000000009999994e-04	-2.765656e-05
1.000000019999994e-04	-2.765656e-05
1.000000179999994e-04	-2.765656e-05
1.000000499999994e-04	-2.765656e-05
1.000001139999994e-04	-2.765656e-05
1.000002419999994e-04	-2.765656e-05
1.000004979999994e-04	-2.765656e-05
1.000010099999994e-04	-2.765656e-05
1.000020339999994e-04	-2.765656e-05
1.000040819999994e-04	-2.765656e-05
1.000081779999994e-04	-2.789497e-05
1.000163699999994e-04	-2.813339e-05
1.000327539999994e-04	-2.813339e-05
1.000655219999995e-04	-2.837181e-05
1.001310579999995e-04	-2.861023e-05
1.002621299999997e-04	-2.884865e-05
1.005242740000000e-04	-2.884865e-05
1.010485620000006e-04	-2.884865e-05
1.020971380000018e-04	-2.813339e-05
1.041942900000042e-04	-2.574921e-05
1.083885940000089e-04	-1.406670e-05
1.167772020000184e-04	1.358986e-05
1.267772020000184e-04	3.004074e-05
1.367772020000184e-04	-4.350424e-02
1.467772020000184e-04	-9.065676e-02
1.567772020000184e-04	6.022811e-02
1.637399388752004e-04	1.481915e-01
1.704888489359943e-04	3.514233e-01
1.739243607918198e-04	4.279959e-01
1.773201076481437e-04	4.793386e-01
1.818188852255194e-04	5.393500e-01
1.859811516968270e-04	5.910795e-01
1.943056846394420e-04	6.914396e-01
2.043056846394420e-04	8.086267e-01
2.143056846394420e-04	9.246285e-01
2.243056846394420e-04	1.039444e+00
2.343056846394420e-04	1.153914e+00
2.443056846394420e-04	1.267808e+00
2.543056846394420e-04	1.381533e+00
2.643056846394420e-04	1.494802e+00
2.743056846394420e-04	1.607956e+00
2.843056846394420e-04	1.700160e+00
2.943056846394420e-04	1.835578e+00
3.043056846394420e-04	1.969899e+00
3.143056846394420e-04	2.122471e+00
3.241275325582053e-04	2.424384e+00
3.331953639616870e-04	2.833504e+00
3.425530178579571e-04	3.303395e+00
3.515208552939228e-04	3.734037e+00
3.615208552939228e-04	4.089462e+00
3.715208552939228e-04	4.284779e+00
3.815208552939228e-04	4.411079e+00
3.915208552939228e-04	4.526631e+00
4.015208552939228e-04	4.638320e+00
4.115208552939228e-04	4.747861e+00
4.215208552939228e-04	4.855993e+00
4.315208552939228e-04	4.963189e+00
4.415208552939228e-04	5.069627e+00
4.515208552939228e-04	5.175481e+00
4.615208552939228e-04	5.280815e+00
4.715208552939228e-04	5.385730e+00
4.815208552939228e-04	5.490244e+00
4.915208552939228e-04	5.594428e+00
5.015208552939228e-04	5.698280e+00
5.115208552939228e-04	5.801853e+00
5.215208552939227e-04	5.905136e+00
5.315208552939228e-04	6.008174e+00
5.415208552939228e-04	6.110952e+00
5.515208552939228e-04	6.211189e+00
5.615208552939227e-04	6.289913e+00
5.715208552939228e-04	6.329230e+00
5.815208552939228e-04	6.343257e+00
5.915208552939228e-04	6.350778e+00
6.015208552939227e-04	6.355716e+00
6.115208552939228e-04	6.359268e+00
6.215208552939228e-04	6.361942e+00
6.315208552939228e-04	6.364061e+00
6.415208552939227e-04	6.365760e+00
6.515208552939228e-04	6.367176e+00
6.615208552939228e-04	6.368350e+00
6.715208552939228e-04	6.369364e+00
6.815208552939227e-04	6.370221e+00
6.915208552939228e-04	6.370981e+00
7.015208552939228e-04	6.371631e+00
7.115208552939228e-04	6.372219e+00
7.215208552939227e-04	6.372727e+00
7.315208552939228e-04	6.373195e+00
7.415208552939228e-04	6.373600e+00
7.515208552939228e-04	6.373979e+00
7.615208552939227e-04	6.374308e+00
7.715208552939227e-04	6.374621e+00
7.815208552939228e-04	6.374891e+00
7.915208552939228e-04	6.375152e+00
8.015208552939227e-04	6.375377e+00
8.115208552939227e-04	6.375598e+00
8.215208552939228e-04	6.375786e+00
8.315208552939228e-04	6.375975e+00
8.415208552939227e-04	6.376133e+00
8.515208552939227e-04	6.376296e+00
8.615208552939228e-04	6.376431e+00
8.715208552939228e-04	6.376572e+00
8.815208552939227e-04	6.376687e+00
8.915208552939227e-04	6.376810e+00
9.015208552939228e-04	6.376909e+00
9.115208552939228e-04	6.377016e+00
9.215208552939227e-04	6.377102e+00
9.315208552939227e-04	6.377196e+00
9.415208552939228e-04	6.377270e+00
9.515208552939228e-04	6.377354e+00
9.615208552939227e-04	6.377418e+00
9.715208552939227e-04	6.377492e+00
9.815208552939228e-04	6.377547e+00
9.915208552939228e-04	6.377614e+00
1.000000000000000e-03	6.377652e+00
1.000000001000000e-03	6.377652e+00
1.000000017000000e-03	6.377653e+00
1.000000049000000e-03	6.377653e+00
1.000000113000000e-03	6.377654e+00
1.000000241000000e-03	6.377655e+00
1.000000497000000e-03	6.377657e+00
1.000001009000000e-03	6.377658e+00
1.000002033000000e-03	6.377658e+00
1.000004081000000e-03	6.377658e+00
1.000008177000000e-03	6.377658e+00
1.000016369000001e-03	6.377659e+00
1.000032753000001e-03	6.377659e+00
1.000065521000002e-03	6.377659e+00
1.000131057000004e-03	6.377659e+00
1.000262129000007e-03	6.377660e+00
1.000524273000015e-03	6.377661e+00
1.001048561000029e-03	6.377664e+00
1.002097137000058e-03	6.377670e+00
1.004194289000116e-03	6.377681e+00
1.008388593000232e-03	6.377703e+00
1.016777201000463e-03	6.377745e+00
1.026777201000463e-03	6.377792e+00
1.036777201000463e-03	6.377837e+00
1.046777201000463e-03	6.377879e+00
1.056777201000463e-03	6.377919e+00
1.066777201000463e-03	6.377956e+00
1.076777201000463e-03	6.377992e+00
1.086777201000463e-03	6.378025e+00
1.096777201000463e-03	6.378057e+00
1.106777201000463e-03	6.378087e+00
1.116777201000463e-03	6.378115e+00
1.126777201000463e-03	6.378142e+00
1.136777201000463e-03	6.378167e+00
1.146777201000463e-03	6.378191e+00
1.156777201000463e-03	6.378214e+00
1.166777201000463e-03	6.378235e+00
1.176777201000463e-03	6.378255e+00
1.186777201000463e-03	6.378275e+00
1.196777201000463e-03	6.378293e+00
1.206777201000463e-03	6.378310e+00
1.216777201000463e-03	6.378326e+00
1.226777201000463e-03	6.378342e+00
1.236777201000463e-03	6.378356e+00
1.246777201000463e-03	6.378370e+00
1.256777201000463e-03	6.378384e+00
1.266777201000463e-03	6.378396e+00
1.276777201000463e-03	6.378408e+00
1.286777201000463e-03	6.378419e+00
1.296777201000463e-03	6.378430e+00
1.306777201000463e-03	6.378440e+00
1.316777201000463e-03	6.378450e+00
1.326777201000463e-03	6.378459e+00
1.336777201000463e-03	6.378467e+00
1.346777201000463e-03	6.378476e+00
1.356777201000463e-03	6.378484e+00
1.366777201000463e-03	6.378491e+00
1.376777201000463e-03	6.378498e+00
1.386777201000463e-03	6.378505e+00
1.396777201000463e-03	6.378511e+00
1.406777201000463e-03	6.378517e+00
1.416777201000463e-03	6.378523e+00
1.426777201000463e-03	6.378529e+00
1.436777201000463e-03	6.378534e+00
1.446777201000463e-03	6.378539e+00
1.456777201000463e-03	6.378543e+00
1.466777201000463e-03	6.378548e+00
1.476777201000463e-03	6.378552e+00
1.486777201000463e-03	6.378556e+00
1.496777201000463e-03	6.378560e+00
1.506777201000463e-03	6.378564e+00
1.516777201000463e-03	6.378567e+00
1.526777201000463e-03	6.378570e+00
1.536777201000463e-03	6.378573e+00
1.546777201000463e-03	6.378576e+00
1.556777201000463e-03	6.378579e+00
1.566777201000463e-03	6.378582e+00
1.576777201000463e-03	6.378585e+00
1.586777201000463e-03	6.378587e+00
1.596777201000463e-03	6.378589e+00
1.606777201000463e-03	6.378592e+00
1.616777201000463e-03	6.378594e+00
1.626777201000463e-03	6.378596e+00
1.636777201000463e-03	6.378598e+00
1.646777201000463e-03	6.378599e+00
1.656777201000463e-03	6.378601e+00
1.666777201000463e-03	6.378603e+00
1.676777201000463e-03	6.378604e+00
1.686777201000463e-03	6.378606e+00
1.696777201000463e-03	6.378607e+00
1.706777201000463e-03	6.378609e+00
1.716777201000463e-03	6.378610e+00
1.726777201000463e-03	6.378611e+00
1.736777201000463e-03	6.378612e+00
1.746777201000463e-03	6.378613e+00
1.756777201000463e-03	6.378614e+00
1.766777201000463e-03	6.378615e+00
1.776777201000463e-03	6.378616e+00
1.786777201000463e-03	6.378617e+00
1.796777201000463e-03	6.378618e+00
1.806777201000463e-03	6.378619e+00
1.816777201000463e-03	6.378620e+00
1.826777201000463e-03	6.378620e+00
1.836777201000463e-03	6.378621e+00
1.846777201000463e-03	6.378622e+00
1.856777201000463e-03	6.378622e+00
1.866777201000463e-03	6.378623e+00
1.876777201000463e-03	6.378624e+00
1.886777201000463e-03	6.378624e+00
1.896777201000463e-03	6.378625e+00
1.906777201000463e-03	6.378625e+00
1.916777201000463e-03	6.378626e+00
1.926777201000463e-03	6.378626e+00
1.936777201000463e-03	6.378626e+00
1.946777201000463e-03	6.378627e+00
1.956777201000463e-03	6.378627e+00
1.966777201000463e-03	6.378628e+00
1.976777201000463e-03	6.378628e+00
1.986777201000463e-03	6.378628e+00
1.996777201000463e-03	6.378629e+00
2.006777201000463e-03	6.378629e+00
2.016777201000463e-03	6.378629e+00
2.026777201000463e-03	6.378630e+00
2.036777201000463e-03	6.378630e+00
2.046777201000463e-03	6.378630e+00
2.056777201000463e-03	6.378630e+00
2.066777201000463e-03	6.378631e+00
2.076777201000463e-03	6.378631e+00
2.086777201000463e-03	6.378631e+00
2.096777201000463e-03	6.378631e+00
2.106777201000463e-03	6.378631e+00
2.116777201000463e-03	6.378631e+00
2.126777201000463e-03	6.378632e+00
2.136777201000463e-03	6.378632e+00
2.146777201000463e-03	6.378632e+00
2.156777201000463e-03	6.378632e+00
2.166777201000463e-03	6.378632e+00
2.176777201000463e-03	6.378632e+00
2.186777201000463e-03	6.378633e+00
2.196777201000463e-03	6.378633e+00
2.206777201000463e-03	6.378633e+00
2.216777201000463e-03	6.378633e+00
2.226777201000463e-03	6.378633e+00
2.236777201000463e-03	6.378633e+00
2.246777201000463e-03	6.378633e+00
2.256777201000463e-03	6.378633e+00
2.266777201000463e-03	6.378633e+00
2.276777201000463e-03	6.378633e+00
2.286777201000463e-03	6.378633e+00
2.296777201000463e-03	6.378634e+00
2.306777201000463e-03	6.378634e+00
2.316777201000463e-03	6.378634e+00
2.326777201000463e-03	6.378634e+00
2.336777201000463e-03	6.378634e+00
2.346777201000463e-03	6.378634e+00
2.356777201000463e-03	6.378634e+00
2.366777201000463e-03	6.378634e+00
2.376777201000463e-03	6.378634e+00
2.386777201000463e-03	6.378634e+00
2.396777201000463e-03	6.378634e+00
2.406777201000463e-03	6.378634e+00
2.416777201000463e-03	6.378634e+00
2.426777201000463e-03	6.378634e+00
2.436777201000463e-03	6.378634e+00
2.446777201000463e-03	6.378634e+00
2.456777201000463e-03	6.378634e+00
2.466777201000463e-03	6.378634e+00
2.476777201000463e-03	6.378634e+00
2.486777201000463e-03	6.378634e+00
2.496777201000463e-03	6.378634e+00
2.506777201000463e-03	6.378634e+00
2.516777201000463e-03	6.378634e+00
2.526777201000463e-03	6.378635e+00
2.536777201000463e-03	6.378635e+00
2.546777201000463e-03	6.378635e+00
2.556777201000463e-03	6.378635e+00
2.566777201000463e-03	6.378635e+00
2.576777201000463e-03	6.378635e+00
2.586777201000463e-03	6.378635e+00
2.596777201000463e-03	6.378635e+00
2.606777201000463e-03	6.378635e+00
2.616777201000463e-03	6.378635e+00
2.626777201000463e-03	6.378635e+00
2.636777201000463e-03	6.378635e+00
2.646777201000463e-03	6.378635e+00
2.656777201000463e-03	6.378635e+00
2.666777201000463e-03	6.378635e+00
2.676777201000463e-03	6.378635e+00
2.686777201000463e-03	6.378635e+00
2.696777201000463e-03	6.378635e+00
2.706777201000463e-03	6.378635e+00
2.716777201000463e-03	6.378635e+00
2.726777201000463e-03	6.378635e+00
2.736777201000463e-03	6.378635e+00
2.746777201000463e-03	6.378635e+00
2.756777201000463e-03	6.378635e+00
2.766777201000463e-03	6.378635e+00
2.776777201000463e-03	6.378635e+00
2.786777201000463e-03	6.378635e+00
2.796777201000463e-03	6.378635e+00
2.806777201000463e-03	6.378635e+00
2.816777201000463e-03	6.378635e+00
2.826777201000463e-03	6.378635e+00
2.836777201000463e-03	6.378635e+00
2.846777201000463e-03	6.378635e+00
2.856777201000463e-03	6.378635e+00
2.866777201000463e-03	6.378635e+00
2.876777201000463e-03	6.378635e+00
2.886777201000463e-03	6.378635e+00
2.896777201000463e-03	6.378635e+00
2.906777201000463e-03	6.378635e+00
2.916777201000463e-03	6.378635e+00
2.926777201000463e-03	6.378635e+00
2.936777201000463e-03	6.378635e+00
2.946777201000463e-03	6.378635e+00
2.956777201000463e-03	6.378635e+00
2.966777201000463e-03	6.378635e+00
2.976777201000463e-03	6.378635e+00
2.986777201000463e-03	6.378635e+00
2.996777201000463e-03	6.378635e+00
3.006777201000463e-03	6.378635e+00
3.016777201000463e-03	6.378635e+00
3.026777201000463e-03	6.378635e+00
3.036777201000463e-03	6.378635e+00
3.046777201000463e-03	6.378635e+00
3.056777201000463e-03	6.378635e+00
3.066777201000463e-03	6.378635e+00
3.076777201000463e-03	6.378635e+00
3.086777201000463e-03	6.378635e+00
3.096777201000463e-03	6.378635e+00
3.106777201000463e-03	6.378635e+00
3.116777201000463e-03	6.378635e+00
3.126777201000463e-03	6.378635e+00
3.136777201000463e-03	6.378635e+00
3.146777201000463e-03	6.378635e+00
3.156777201000463e-03	6.378635e+00
3.166777201000463e-03	6.378635e+00
3.176777201000463e-03	6.378635e+00
3.186777201000463e-03	6.378635e+00
3.196777201000463e-03	6.378635e+00
3.206777201000463e-03	6.378635e+00
3.216777201000463e-03	6.378635e+00
3.226777201000463e-03	6.378635e+00
3.236777201000463e-03	6.378635e+00
3.246777201000463e-03	6.378635e+00
3.256777201000463e-03	6.378635e+00
3.266777201000463e-03	6.378635e+00
3.276777201000463e-03	6.378635e+00
3.286777201000463e-03	6.378635e+00
3.296777201000463e-03	6.378635e+00
3.306777201000463e-03	6.378635e+00
3.316777201000463e-03	6.378635e+00
3.326777201000463e-03	6.378635e+00
3.336777201000463e-03	6.378635e+00
3.346777201000463e-03	6.378635e+00
3.356777201000463e-03	6.378635e+00
3.366777201000463e-03	6.378635e+00
3.376777201000463e-03	6.378635e+00
3.386777201000463e-03	6.378635e+00
3.396777201000463e-03	6.378635e+00
3.406777201000463e-03	6.378635e+00
3.416777201000463e-03	6.378635e+00
3.426777201000463e-03	6.378635e+00
3.436777201000463e-03	6.378635e+00
3.446777201000463e-03	6.378635e+00
3.456777201000463e-03	6.378635e+00
3.466777201000463e-03	6.378635e+00
3.476777201000463e-03	6.378635e+00
3.486777201000463e-03	6.378635e+00
3.496777201000463e-03	6.378635e+00
3.506777201000463e-03	6.378635e+00
3.516777201000463e-03	6.378635e+00
3.526777201000463e-03	6.378635e+00
3.536777201000463e-03	6.378635e+00
3.546777201000463e-03	6.378635e+00
3.556777201000463e-03	6.378635e+00
3.566777201000463e-03	6.378635e+00
3.576777201000463e-03	6.378635e+00
3.586777201000463e-03	6.378635e+00
3.596777201000463e-03	6.378635e+00
3.606777201000463e-03	6.378635e+00
3.616777201000463e-03	6.378635e+00
3.626777201000463e-03	6.378635e+00
3.636777201000463e-03	6.378635e+00
3.646777201000463e-03	6.378635e+00
3.656777201000463e-03	6.378635e+00
3.666777201000463e-03	6.378635e+00
3.676777201000463e-03	6.378635e+00
3.686777201000463e-03	6.378635e+00
3.696777201000463e-03	6.378635e+00
3.706777201000463e-03	6.378635e+00
3.716777201000463e-03	6.378635e+00
3.726777201000463e-03	6.378635e+00
3.736777201000463e-03	6.378635e+00
3.746777201000463e-03	6.378635e+00
3.756777201000463e-03	6.378635e+00
3.766777201000463e-03	6.378635e+00
3.776777201000463e-03	6.378635e+00
3.786777201000463e-03	6.378635e+00
3.796777201000463e-03	6.378635e+00
3.806777201000463e-03	6.378635e+00
3.816777201000463e-03	6.378635e+00
3.826777201000463e-03	6.378635e+00
3.836777201000463e-03	6.378635e+00
3.846777201000463e-03	6.378635e+00
3.856777201000463e-03	6.378635e+00
3.866777201000463e-03	6.378635e+00
3.876777201000463e-03	6.378635e+00
3.886777201000463e-03	6.378635e+00
3.896777201000463e-03	6.378635e+00
3.906777201000463e-03	6.378635e+00
3.916777201000463e-03	6.378635e+00
3.926777201000463e-03	6.378635e+00
3.936777201000463e-03	6.378635e+00
3.946777201000463e-03	6.378635e+00
3.956777201000463e-03	6.378635e+00
3.966777201000463e-03	6.378635e+00
3.976777201000463e-03	6.378635e+00
3.986777201000463e-03	6.378635e+00
3.996777201000463e-03	6.378635e+00
4.006777201000463e-03	6.378635e+00
4.016777201000463e-03	6.378635e+00
4.026777201000463e-03	6.378635e+00
4.036777201000463e-03	6.378635e+00
4.046777201000462e-03	6.378635e+00
4.056777201000463e-03	6.378635e+00
4.066777201000463e-03	6.378635e+00
4.076777201000463e-03	6.378635e+00
4.086777201000463e-03	6.378635e+00
4.096777201000463e-03	6.378635e+00
4.106777201000463e-03	6.378635e+00
4.116777201000463e-03	6.378635e+00
4.126777201000463e-03	6.378635e+00
4.136777201000463e-03	6.378635e+00
4.146777201000463e-03	6.378635e+00
4.156777201000463e-03	6.378635e+00
4.166777201000463e-03	6.378635e+00
4.176777201000463e-03	6.378635e+00
4.186777201000463e-03	6.378635e+00
4.196777201000462e-03	6.378635e+00
4.206777201000463e-03	6.378635e+00
4.216777201000462e-03	6.378635e+00
4.226777201000463e-03	6.378635e+00
4.236777201000463e-03	6.378635e+00
4.246777201000463e-03	6.378635e+00
4.256777201000463e-03	6.378635e+00
4.266777201000463e-03	6.378635e+00
4.276777201000463e-03	6.378635e+00
4.286777201000463e-03	6.378635e+00
4.296777201000463e-03	6.378635e+00
4.306777201000463e-03	6.378635e+00
4.316777201000463e-03	6.378635e+00
4.326777201000463e-03	6.378635e+00
4.336777201000463e-03	6.378635e+00
4.346777201000463e-03	6.378635e+00
4.356777201000463e-03	6.378635e+00
4.366777201000462e-03	6.378635e+00
4.376777201000463e-03	6.378635e+00
4.386777201000462e-03	6.378635e+00
4.396777201000463e-03	6.378635e+00
4.406777201000463e-03	6.378635e+00
4.416777201000463e-03	6.378635e+00
4.426777201000463e-03	6.378635e+00
4.436777201000463e-03	6.378635e+00
4.446777201000463e-03	6.378635e+00
4.456777201000463e-03	6.378635e+00
4.466777201000463e-03	6.378635e+00
4.476777201000463e-03	6.378635e+00
4.486777201000463e-03	6.378635e+00
4.496777201000463e-03	6.378635e+00
4.506777201000463e-03	6.378635e+00
4.516777201000462e-03	6.378635e+00
4.526777201000463e-03	6.378635e+00
4.536777201000462e-03	6.378635e+00
4.546777201000463e-03	6.378635e+00
4.556777201000463e-03	6.378635e+00
4.566777201000463e-03	6.378635e+00
4.576777201000463e-03	6.378635e+00
4.586777201000463e-03	6.378635e+00
4.596777201000463e-03	6.378635e+00
4.606777201000463e-03	6.378635e+00
4.616777201000463e-03	6.378635e+00
4.626777201000463e-03	6.378635e+00
4.636777201000463e-03	6.378635e+00
4.646777201000463e-03	6.378635e+00
4.656777201000463e-03	6.378635e+00
4.666777201000463e-03	6.378635e+00
4.676777201000463e-03	6.378635e+00
4.686777201000462e-03	6.378635e+00
4.696777201000463e-03	6.378635e+00
4.706777201000462e-03	6.378635e+00
4.716777201000463e-03	6.378635e+00
4.726777201000463e-03	6.378635e+00
4.736777201000463e-03	6.378635e+00
4.746777201000463e-03	6.378635e+00
4.756777201000463e-03	6.378635e+00
4.766777201000463e-03	6.378635e+00
4.776777201000463e-03	6.378635e+00
4.786777201000463e-03	6.378635e+00
4.796777201000463e-03	6.378635e+00
4.806777201000463e-03	6.378635e+00
4.816777201000463e-03	6.378635e+00
4.826777201000463e-03	6.378635e+00
4.836777201000462e-03	6.378635e+00
4.846777201000463e-03	6.378635e+00
4.856777201000462e-03	6.378635e+00
4.866777201000463e-03	6.378635e+00
4.876777201000462e-03	6.378635e+00
4.886777201000463e-03	6.378635e+00
4.896777201000463e-03	6.378635e+00
4.906777201000463e-03	6.378635e+00
4.916777201000463e-03	6.378635e+00
4.926777201000463e-03	6.378635e+00
4.936777201000463e-03	6.378635e+00
4.946777201000463e-03	6.378635e+00
4.956777201000463e-03	6.378635e+00
4.966777201000463e-03	6.378635e+00
4.976777201000463e-03	6.378635e+00
4.986777201000463e-03	6.378635e+00
4.996777201000463e-03	6.378635e+00
5.006777201000462e-03	6.378635e+00
5.016777201000463e-03	6.378635e+00
5.026777201000462e-03	6.378635e+00
5.036777201000463e-03	6.378635e+00
5.046777201000462e-03	6.378635e+00
5.056777201000463e-03	6.378635e+00
5.066777201000463e-03	6.378635e+00
5.076777201000463e-03	6.378635e+00
5.086777201000463e-03	6.378635e+00
5.096777201000463e-03	6.378635e+00
5.106777201000463e-03	6.378635e+00
5.116777201000463e-03	6.378635e+00
5.126777201000463e-03	6.378635e+00
5.136777201000463e-03	6.378635e+00
5.146777201000463e-03	6.378635e+00
5.156777201000462e-03	6.378635e+00
5.166777201000463e-03	6.378635e+00
5.176777201000462e-03	6.378635e+00
5.186777201000463e-03	6.378635e+00
5.196777201000462e-03	6.378635e+00
5.206777201000463e-03	6.378635e+00
5.216777201000463e-03	6.378635e+00
5.226777201000463e-03	6.378635e+00
5.236777201000463e-03	6.378635e+00
5.246777201000463e-03	6.378635e+00
5.256777201000463e-03	6.378635e+00
5.266777201000463e-03	6.378635e+00
5.276777201000463e-03	6.378635e+00
5.286777201000463e-03	6.378635e+00
5.296777201000463e-03	6.378635e+00
5.306777201000463e-03	6.378635e+00
5.316777201000463e-03	6.378635e+00
5.326777201000462e-03	6.378635e+00
5.336777201000463e-03	6.378635e+00
5.346777201000462e-03	6.378635e+00
5.356777201000463e-03	6.378635e+00
5.366777201000462e-03	6.378635e+00
5.376777201000463e-03	6.378635e+00
5.386777201000463e-03	6.378635e+00
5.396777201000463e-03	6.378635e+00
5.406777201000463e-03	6.378635e+00
5.416777201000463e-03	6.378635e+00
5.426777201000463e-03	6.378635e+00
5.436777201000463e-03	6.378635e+00
5.446777201000463e-03	6.378635e+00
5.456777201000463e-03	6.378635e+00
5.466777201000463e-03	6.378635e+00
5.476777201000462e-03	6.378635e+00
5.486777201000463e-03	6.378635e+00
5.496777201000462e-03	6.378635e+00
5.506777201000463e-03	6.378635e+00
5.516777201000462e-03	6.378635e+00
5.526777201000463e-03	6.378635e+00
5.536777201000462e-03	6.378635e+00
5.546777201000463e-03	6.378635e+00
5.556777201000463e-03	6.378635e+00
5.566777201000463e-03	6.378635e+00
5.576777201000463e-03	6.378635e+00
5.586777201000463e-03	6.378635e+00
5.596777201000463e-03	6.378635e+00
5.606777201000463e-03	6.378635e+00
5.616777201000463e-03	6.378635e+00
5.626777201000463e-03	6.378635e+00
5.636777201000463e-03	6.378635e+00
5.646777201000462e-03	6.378635e+00
5.656777201000463e-03	6.378635e+00
5.666777201000462e-03	6.378635e+00
5.676777201000463e-03	6.378635e+00
5.686777201000462e-03	6.378635e+00
5.696777201000463e-03	6.378635e+00
5.706777201000462e-03	6.378635e+00
5.716777201000463e-03	6.378635e+00
5.726777201000463e-03	6.378635e+00
5.736777201000463e-03	6.378635e+00
5.746777201000463e-03	6.378635e+00
5.756777201000463e-03	6.378635e+00
5.766777201000463e-03	6.378635e+00
5.776777201000463e-03	6.378635e+00
5.786777201000463e-03	6.378635e+00
5.796777201000462e-03	6.378635e+00
5.806777201000463e-03	6.378635e+00
5.816777201000462e-03	6.378635e+00
5.826777201000463e-03	6.378635e+00
5.836777201000462e-03	6.378635e+00
5.846777201000463e-03	6.378635e+00
5.856777201000462e-03	6.378635e+00
5.866777201000463e-03	6.378635e+00
5.876777201000462e-03	6.378635e+00
5.886777201000463e-03	6.378635e+00
5.896777201000463e-03	6.378635e+00
5.906777201000463e-03	6.378635e+00
5.916777201000463e-03	6.378635e+00
5.926777201000463e-03	6.378635e+00
5.936777201000463e-03	6.378635e+00
5.946777201000463e-03	6.378635e+00
5.956777201000463e-03	6.378635e+00
5.966777201000462e-03	6.378635e+00
5.976777201000463e-03	6.378635e+00
5.986777201000462e-03	6.378635e+00
5.996777201000463e-03	6.378635e+00
6.006777201000462e-03	6.378635e+00
6.016777201000463e-03	6.378635e+00
6.026777201000462e-03	6.378635e+00
6.036777201000463e-03	6.378635e+00
6.046777201000463e-03	6.378635e+00
6.056777201000463e-03	6.378635e+00
6.066777201000463e-03	6.378635e+00
6.076777201000463e-03	6.378635e+00
6.086777201000463e-03	6.378635e+00
6.096777201000463e-03	6.378635e+00
6.106777201000463e-03	6.378635e+00
6.116777201000462e-03	6.378635e+00
6.126777201000463e-03	6.378635e+00
6.136777201000462e-03	6.378635e+00
6.146777201000463e-03	6.378635e+00
6.156777201000462e-03	6.378635e+00
6.166777201000463e-03	6.378635e+00
6.176777201000462e-03	6.378635e+00
6.186777201000463e-03	6.378635e+00
6.196777201000462e-03	6.378635e+00
6.206777201000463e-03	6.378635e+00
6.216777201000463e-03	6.378635e+00
6.226777201000463e-03	6.378635e+00
6.236777201000463e-03	6.378635e+00
6.246777201000463e-03	6.378635e+00
6.256777201000463e-03	6.378635e+00
6.266777201000463e-03	6.378635e+00
6.276777201000463e-03	6.378635e+00
6.286777201000462e-03	6.378635e+00
6.296777201000463e-03	6.378635e+00
6.306777201000462e-03	6.378635e+00
6.316777201000463e-03	6.378635e+00
6.326777201000462e-03	6.378635e+00
6.336777201000463e-03	6.378635e+00
6.346777201000462e-03	6.378635e+00
6.356777201000463e-03	6.378635e+00
6.366777201000462e-03	6.378635e+00
6.376777201000463e-03	6.378635e+00
6.386777201000463e-03	6.378635e+00
6.396777201000463e-03	6.378635e+00
6.406777201000463e-03	6.378635e+00
6.416777201000463e-03	6.378635e+00
6.426777201000463e-03	6.378635e+00
6.436777201000462e-03	6.378635e+00
6.446777201000463e-03	6.378635e+00
6.456777201000462e-03	6.378635e+00
6.466777201000463e-03	6.378635e+00
6.476777201000462e-03	6.378635e+00
6.486777201000463e-03	6.378635e+00
6.496777201000462e-03	6.378635e+00
6.506777201000463e-03	6.378635e+00
6.516777201000462e-03	6.378635e+00
6.526777201000463e-03	6.378635e+00
6.536777201000462e-03	6.378635e+00
6.546777201000463e-03	6.378635e+00
6.556777201000463e-03	6.378635e+00
6.566777201000463e-03	6.378635e+00
6.576777201000463e-03	6.378635e+00
6.586777201000463e-03	6.378635e+00
6.596777201000463e-03	6.378635e+00
6.606777201000462e-03	6.378635e+00
6.616777201000463e-03	6.378635e+00
6.626777201000462e-03	6.378635e+00
6.636777201000463e-03	6.378635e+00
6.646777201000462e-03	6.378635e+00
6.656777201000463e-03	6.378635e+00
6.666777201000462e-03	6.378635e+00
6.676777201000463e-03	6.378635e+00
6.686777201000462e-03	6.378635e+00
6.696777201000463e-03	6.378635e+00
6.706777201000463e-03	6.378635e+00
6.716777201000463e-03	6.378635e+00
6.726777201000463e-03	6.378635e+00
6.736777201000463e-03	6.378635e+00
6.746777201000463e-03	6.378635e+00
6.756777201000462e-03	6.378635e+00
6.766777201000463e-03	6.378635e+00
6.776777201000462e-03	6.378635e+00
6.786777201000463e-03	6.378635e+00
6.796777201000462e-03	6.378635e+00
6.806777201000463e-03	6.378635e+00
6.816777201000462e-03	6.378635e+00
6.826777201000463e-03	6.378635e+00
6.836777201000462e-03	6.378635e+00
6.846777201000463e-03	6.378635e+00
6.856777201000462e-03	6.378635e+00
6.866777201000463e-03	6.378635e+00
6.876777201000463e-03	6.378635e+00
6.886777201000463e-03	6.378635e+00
6.896777201000463e-03	6.378635e+00
6.906777201000463e-03	6.378635e+00
6.916777201000463e-03	6.378635e+00
6.926777201000462e-03	6.378635e+00
6.936777201000463e-03	6.378635e+00
6.946777201000462e-03	6.378635e+00
6.956777201000463e-03	6.378635e+00
6.966777201000462e-03	6.378635e+00
6.976777201000463e-03	6.378635e+00
6.986777201000462e-03	6.378635e+00
6.996777201000463e-03	6.378635e+00
7.006777201000462e-03	6.378635e+00
7.016777201000463e-03	6.378635e+00
7.026777201000462e-03	6.378635e+00
7.036777201000463e-03	6.378635e+00
7.046777201000463e-03	6.378635e+00
7.056777201000463e-03	6.378635e+00
7.066777201000463e-03	6.378635e+00
7.076777201000462e-03	6.378635e+00
7.086777201000463e-03	6.378635e+00
7.096777201000462e-03	6.378635e+00
7.106777201000463e-03	6.378635e+00
7.116777201000462e-03	6.378635e+00
7.126777201000463e-03	6.378635e+00
7.136777201000462e-03	6.378635e+00
7.146777201000463e-03	6.378635e+00
7.156777201000462e-03	6.378635e+00
7.166777201000463e-03	6.378635e+00
7.176777201000462e-03	6.378635e+00
7.186777201000463e-03	6.378635e+00
7.196777201000462e-03	6.378635e+00
7.206777201000463e-03	6.378635e+00
7.216777201000463e-03	6.378635e+00
7.226777201000463e-03	6.378635e+00
7.236777201000463e-03	6.378635e+00
7.246777201000462e-03	6.378635e+00
7.256777201000463e-03	6.378635e+00
7.266777201000462e-03	6.378635e+00
7.276777201000463e-03	6.378635e+00
7.286777201000462e-03	6.378635e+00
7.296777201000463e-03	6.378635e+00
7.306777201000462e-03	6.378635e+00
7.316777201000463e-03	6.378635e+00
7.326777201000462e-03	6.378635e+00
7.336777201000463e-03	6.378635e+00
7.346777201000462e-03	6.378635e+00
7.356777201000463e-03	6.378635e+00
7.366777201000463e-03	6.378635e+00
7.376777201000463e-03	6.378635e+00
7.386777201000463e-03	6.378635e+00
7.396777201000462e-03	6.378635e+00
7.406777201000463e-03	6.378635e+00
7.416777201000462e-03	6.378635e+00
7.426777201000463e-03	6.378635e+00
7.436777201000462e-03	6.378635e+00
7.446777201000463e-03	6.378635e+00
7.456777201000462e-03	6.378635e+00
7.466777201000463e-03	6.378635e+00
7.476777201000462e-03	6.378635e+00
7.486777201000463e-03	6.378635e+00
7.496777201000462e-03	6.378635e+00
7.506777201000463e-03	6.378635e+00
7.516777201000462e-03	6.378635e+00
7.526777201000463e-03	6.378635e+00
7.536777201000463e-03	6.378635e+00
7.546777201000463e-03	6.378635e+00
7.556777201000463e-03	6.378635e+00
7.566777201000462e-03	6.378635e+00
7.576777201000463e-03	6.378635e+00
7.586777201000462e-03	6.378635e+00
7.596777201000463e-03	6.378635e+00
7.606777201000462e-03	6.378635e+00
7.616777201000463e-03	6.378635e+00
7.626777201000462e-03	6.378635e+00
7.636777201000463e-03	6.378635e+00
7.646777201000462e-03	6.378635e+00
7.656777201000463e-03	6.378635e+00
7.666777201000462e-03	6.378635e+00
7.676777201000463e-03	6.378635e+00
7.686777201000462e-03	6.378635e+00
7.696777201000463e-03	6.378635e+00
7.706777201000463e-03	6.378635e+00
7.716777201000462e-03	6.378635e+00
7.726777201000463e-03	6.378635e+00
7.736777201000462e-03	6.378635e+00
7.746777201000463e-03	6.378635e+00
7.756777201000462e-03	6.378635e+00
7.766777201000463e-03	6.378635e+00
7.776777201000462e-03	6.378635e+00
7.786777201000463e-03	6.378635e+00
7.796777201000462e-03	6.378635e+00
7.806777201000463e-03	6.378635e+00
7.816777201000463e-03	6.378635e+00
7.826777201000463e-03	6.378635e+00
7.836777201000462e-03	6.378635e+00
7.846777201000462e-03	6.378635e+00
7.856777201000463e-03	6.378635e+00
7.866777201000463e-03	6.378635e+00
7.876777201000463e-03	6.378635e+00
7.886777201000462e-03	6.378635e+00
7.896777201000462e-03	6.378635e+00
7.906777201000463e-03	6.378635e+00
7.916777201000463e-03	6.378635e+00
7.926777201000462e-03	6.378635e+00
7.936777201000462e-03	6.378635e+00
7.946777201000463e-03	6.378635e+00
7.956777201000463e-03	6.378635e+00
7.966777201000462e-03	6.378635e+00
7.976777201000462e-03	6.378635e+00
7.986777201000463e-03	6.378635e+00
7.996777201000463e-03	6.378635e+00
8.006777201000462e-03	6.378635e+00
8.016777201000462e-03	6.378635e+00
8.026777201000463e-03	6.378635e+00
8.036777201000463e-03	6.378635e+00
8.046777201000463e-03	6.378635e+00
8.056777201000462e-03	6.378635e+00
8.066777201000462e-03	6.378635e+00
8.076777201000463e-03	6.378635e+00
8.086777201000463e-03	6.378635e+00
8.096777201000462e-03	6.378635e+00
8.106777201000462e-03	6.378635e+00
8.116777201000463e-03	6.378635e+00
8.126777201000463e-03	6.378635e+00
8.136777201000462e-03	6.378635e+00
8.146777201000462e-03	6.378635e+00
8.156777201000463e-03	6.378635e+00
8.166777201000463e-03	6.378635e+00
8.176777201000462e-03	6.378635e+00
8.186777201000462e-03	6.378635e+00
8.196777201000462e-03	6.378635e+00
8.206777201000463e-03	6.378635e+00
8.216777201000463e-03	6.378635e+00
8.226777201000462e-03	6.378635e+00
8.236777201000462e-03	6.378635e+00
8.246777201000463e-03	6.378635e+00
8.256777201000463e-03	6.378635e+00
8.266777201000462e-03	6.378635e+00
8.276777201000462e-03	6.378635e+00
8.286777201000463e-03	6.378635e+00
8.296777201000463e-03	6.378635e+00
8.306777201000462e-03	6.378635e+00
8.316777201000462e-03	6.378635e+00
8.326777201000463e-03	6.378635e+00
8.336777201000463e-03	6.378635e+00
8.346777201000462e-03	6.378635e+00
8.356777201000462e-03	6.378635e+00
8.366777201000462e-03	6.378635e+00
8.376777201000463e-03	6.378635e+00
8.386777201000463e-03	6.378635e+00
8.396777201000462e-03	6.378635e+00
8.406777201000462e-03	6.378635e+00
8.416777201000463e-03	6.378635e+00
8.426777201000463e-03	6.378635e+00
8.436777201000462e-03	6.378635e+00
8.446777201000462e-03	6.378635e+00
8.456777201000463e-03	6.378635e+00
8.466777201000463e-03	6.378635e+00
8.476777201000462e-03	6.378635e+00
8.486777201000462e-03	6.378635e+00
8.496777201000463e-03	6.378635e+00
8.506777201000463e-03	6.378635e+00
8.516777201000462e-03	6.378635e+00
8.526777201000462e-03	6.378635e+00
8.536777201000462e-03	6.378635e+00
8.546777201000463e-03	6.378635e+00
8.556777201000463e-03	6.378635e+00
8.566777201000462e-03	6.378635e+00
8.576777201000462e-03	6.378635e+00
8.586777201000463e-03	6.378635e+00
8.596777201000463e-03	6.378635e+00
8.606777201000462e-03	6.378635e+00
8.616777201000462e-03	6.378635e+00
8.626777201000463e-03	6.378635e+00
8.636777201000463e-03	6.378635e+00
8.646777201000462e-03	6.378635e+00
8.656777201000462e-03	6.378635e+00
8.666777201000463e-03	6.378635e+00
8.676777201000463e-03	6.378635e+00
8.686777201000462e-03	6.378635e+00
8.696777201000462e-03	6.378635e+00
8.706777201000462e-03	6.378635e+00
8.716777201000463e-03	6.378635e+00
8.726777201000463e-03	6.378635e+00
8.736777201000462e-03	6.378635e+00
8.746777201000462e-03	6.378635e+00
8.756777201000463e-03	6.378635e+00
8.766777201000463e-03	6.378635e+00
8.776777201000462e-03	6.378635e+00
8.786777201000462e-03	6.378635e+00
8.796777201000463e-03	6.378635e+00
8.806777201000463e-03	6.378635e+00
8.816777201000462e-03	6.378635e+00
8.826777201000462e-03	6.378635e+00
8.836777201000462e-03	6.378635e+00
8.846777201000463e-03	6.378635e+00
8.856777201000463e-03	6.378635e+00
8.866777201000462e-03	6.378635e+00
8.876777201000462e-03	6.378635e+00
8.886777201000463e-03	6.378635e+00
8.896777201000463e-03	6.378635e+00
8.906777201000462e-03	6.378635e+00
8.916777201000462e-03	6.378635e+00
8.926777201000463e-03	6.378635e+00
8.936777201000463e-03	6.378635e+00
8.946777201000462e-03	6.378635e+00
8.956777201000462e-03	6.378635e+00
8.966777201000463e-03	6.378635e+00
8.976777201000463e-03	6.378635e+00
8.986777201000462e-03	6.378635e+00
8.996777201000462e-03	6.378635e+00
9.006777201000462e-03	6.378635e+00
9.016777201000463e-03	6.378635e+00
9.026777201000463e-03	6.378635e+00
9.036777201000462e-03	6.378635e+00
9.046777201000462e-03	6.378635e+00
9.056777201000463e-03	6.378635e+00
9.066777201000463e-03	6.378635e+00
9.076777201000462e-03	6.378635e+00
9.086777201000462e-03	6.378635e+00
9.096777201000463e-03	6.378635e+00
9.106777201000463e-03	6.378635e+00
9.116777201000462e-03	6.378635e+00
9.126777201000462e-03	6.378635e+00
9.136777201000463e-03	6.378635e+00
9.146777201000463e-03	6.378635e+00
9.156777201000462e-03	6.378635e+00
9.166777201000462e-03	6.378635e+00
9.176777201000462e-03	6.378635e+00
9.186777201000463e-03	6.378635e+00
9.196777201000463e-03	6.378635e+00
9.206777201000462e-03	6.378635e+00
9.216777201000462e-03	6.378635e+00
9.226777201000463e-03	6.378635e+00
9.236777201000463e-03	6.378635e+00
9.246777201000462e-03	6.378635e+00
9.256777201000462e-03	6.378635e+00
9.266777201000463e-03	6.378635e+00
9.276777201000463e-03	6.378635e+00
9.286777201000462e-03	6.378635e+00
9.296777201000462e-03	6.378635e+00
9.306777201000463e-03	6.378635e+00
9.316777201000463e-03	6.378635e+00
9.326777201000462e-03	6.378635e+00
9.336777201000462e-03	6.378635e+00
9.346777201000462e-03	6.378635e+00
9.356777201000463e-03	6.378635e+00
9.366777201000463e-03	6.378635e+00
9.376777201000462e-03	6.378635e+00
9.386777201000462e-03	6.378635e+00
9.396777201000463e-03	6.378635e+00
9.406777201000463e-03	6.378635e+00
9.416777201000462e-03	6.378635e+00
9.426777201000462e-03	6.378635e+00
9.436777201000463e-03	6.378635e+00
9.446777201000463e-03	6.378635e+00
9.456777201000462e-03	6.378635e+00
9.466777201000462e-03	6.378635e+00
9.476777201000462e-03	6.378635e+00
9.486777201000463e-03	6.378635e+00
9.496777201000462e-03	6.378635e+00
9.506777201000462e-03	6.378635e+00
9.516777201000462e-03	6.378635e+00
9.526777201000463e-03	6.378635e+00
9.536777201000463e-03	6.378635e+00
9.546777201000462e-03	6.378635e+00
9.556777201000462e-03	6.378635e+00
9.566777201000463e-03	6.378635e+00
9.576777201000463e-03	6.378635e+00
9.586777201000462e-03	6.378635e+00
9.596777201000462e-03	6.378635e+00
9.606777201000463e-03	6.378635e+00
9.616777201000463e-03	6.378635e+00
9.626777201000462e-03	6.378635e+00
9.636777201000462e-03	6.378635e+00
9.646777201000462e-03	6.378635e+00
9.656777201000463e-03	6.378635e+00
9.666777201000462e-03	6.378635e+00
9.676777201000462e-03	6.378635e+00
9.686777201000462e-03	6.378635e+00
9.696777201000463e-03	6.378635e+00
9.706777201000463e-03	6.378635e+00
9.716777201000462e-03	6.378635e+00
9.726777201000462e-03	6.378635e+00
9.736777201000463e-03	6.378635e+00
9.746777201000463e-03	6.378635e+00
9.756777201000462e-03	6.378635e+00
9.766777201000462e-03	6.378635e+00
9.776777201000463e-03	6.378635e+00
9.786777201000463e-03	6.378635e+00
9.796777201000462e-03	6.378635e+00
9.806777201000462e-03	6.378635e+00
9.816777201000462e-03	6.378635e+00
9.826777201000463e-03	6.378635e+00
9.836777201000462e-03	6.378635e+00
9.846777201000462e-03	6.378635e+00
9.856777201000462e-03	6.378635e+00
9.866777201000463e-03	6.378635e+00
9.876777201000463e-03	6.378635e+00
9.886777201000462e-03	6.378635e+00
9.896777201000462e-03	6.378635e+00
9.906777201000463e-03	6.378635e+00
9.916777201000463e-03	6.378635e+00
9.926777201000462e-03	6.378635e+00
9.936777201000462e-03	6.378635e+00
9.946777201000463e-03	6.378635e+00
9.956777201000463e-03	6.378635e+00
9.966777201000462e-03	6.378635e+00
9.976777201000462e-03	6.378635e+00
9.986777201000462e-03	6.378635e+00
9.996777201000463e-03	6.378635e+00
1.000000000000000e-02	6.378635e+00
1.000000000100000e-02	6.378635e+00
1.000000000200000e-02	6.378635e+00
1.000000000440036e-02	6.378635e+00
1.000000000670974e-02	6.378635e+00
1.000000001132851e-02	6.378635e+00
1.000000002056606e-02	6.378635e+00
1.000000003904114e-02	6.378635e+00
1.000000007599130e-02	6.378635e+00
1.000000014989163e-02	6.378635e+00
1.000000029769228e-02	6.378635e+00
1.000000059329359e-02	6.378635e+00
1.000000118449621e-02	6.378635e+00
1.000000236690145e-02	6.378635e+00
1.000000473171193e-02	6.378635e+00
1.000000946133289e-02	6.378635e+00
1.000001768512010e-02	6.378635e+00
1.000002962941878e-02	6.378635e+00
1.000005351801612e-02	6.378635e+00
1.000010129521082e-02	6.378636e+00
1.000017107512869e-02	6.378636e+00
1.000023641157347e-02	6.378637e+00
1.000031640405217e-02	6.378638e+00
1.000039247140620e-02	6.378639e+00
1.000054460611425e-02	6.378640e+00
1.000056509206225e-02	6.378641e+00
1.000060606395824e-02	6.378641e+00
1.000068800775022e-02	6.378641e+00
1.000085189533419e-02	6.378637e+00
1.000117967050211e-02	6.378618e+00
1.000175612799625e-02	6.378555e+00
1.000242101866322e-02	6.378444e+00
1.000253900729438e-02	6.378420e+00
1.000277498455669e-02	6.378371e+00
1.000324693908132e-02	6.378268e+00
1.000336492771248e-02	6.378241e+00
1.000360090497479e-02	6.378187e+00
1.000407285949942e-02	6.378079e+00
1.000501676854867e-02	6.377859e+00
1.000690458664719e-02	6.377403e+00
1.001068022284421e-02	6.376423e+00
1.001823149523826e-02	6.374116e+00
1.002823149523826e-02	6.369934e+00
1.003823149523826e-02	6.363106e+00
1.004823149523826e-02	6.348752e+00
1.005823149523826e-02	6.282118e+00
1.006823149523826e-02	6.083580e+00
1.007823149523826e-02	5.879446e+00
1.008823149523826e-02	5.673115e+00
1.009823149523826e-02	5.467689e+00
1.010000000000000e-02	5.430610e+00
1.010000000100000e-02	5.430610e+00
1.010000001700000e-02	5.430609e+00
1.010000004900000e-02	5.430608e+00
1.010000011300000e-02	5.430606e+00
1.010000024100000e-02	5.430603e+00
1.010000049700000e-02	5.430596e+00
1.010000100900000e-02	5.430582e+00
1.010000203300000e-02	5.430555e+00
1.010000408100000e-02	5.430507e+00
1.010000817700000e-02	5.430415e+00
1.010001636900000e-02	5.430242e+00
1.010003275300001e-02	5.429897e+00
1.010006552100002e-02	5.429209e+00
1.010013105700003e-02	5.427832e+00
1.010026212900006e-02	5.425076e+00
1.010052427300013e-02	5.419564e+00
1.010104856100025e-02	5.408532e+00
1.010209713700050e-02	5.386440e+00
1.010419428900100e-02	5.342165e+00
1.010838859300201e-02	5.253433e+00
1.011677720100402e-02	5.076547e+00
1.012677720100402e-02	4.869498e+00
1.013677720100402e-02	4.670037e+00
1.014677720100401e-02	4.488389e+00
1.015677720100402e-02	4.312457e+00
1.016677720100402e-02	4.117714e+00
1.017677720100402e-02	3.683824e+00
1.018677720100401e-02	3.251703e+00
1.019677720100402e-02	3.072228e+00
1.020628398381632e-02	2.995783e+00
1.021628398381632e-02	2.903795e+00
1.022628398381632e-02	2.796989e+00
1.023628398381632e-02	2.684408e+00
1.024628398381632e-02	2.567277e+00
1.025628398381632e-02	2.446857e+00
1.026628398381632e-02	2.323810e+00
1.027628398381632e-02	2.198902e+00
1.028628398381632e-02	2.072614e+00
1.029628398381632e-02	1.945561e+00
1.030628398381632e-02	1.818185e+00
1.031628398381632e-02	1.691296e+00
1.032628398381632e-02	1.566556e+00
1.033628398381632e-02	1.448361e+00
1.034628398381632e-02	1.337959e+00
1.035628398381632e-02	1.229847e+00
1.036628398381632e-02	1.117777e+00
1.037628398381632e-02	9.816637e-01
1.038628398381632e-02	7.893748e-01
1.039628398381632e-02	5.451915e-01
1.040628398381632e-02	2.947133e-01
1.041628398381632e-02	1.020973e-01
1.042484825472342e-02	2.266240e-02
1.043294702288162e-02	1.566005e-02
1.044082408526116e-02	7.145166e-03
1.045082408526116e-02	-1.631641e-02
1.046082408526116e-02	-7.642508e-03
1.047082408526116e-02	5.295277e-04
1.048082408526116e-02	-1.525879e-04
1.049082408526116e-02	4.029274e-05
1.050082408526116e-02	-1.907349e-05
1.051082408526116e-02	2.312660e-05
1.052082408526116e-02	-2.193451e-05
1.053082408526116e-02	2.264977e-05
1.054082408526116e-02	-2.145767e-05
1.055082408526116e-02	2.217293e-05
1.056082408526116e-02	-2.098083e-05
1.057082408526116e-02	2.193451e-05
1.058082408526116e-02	-2.026558e-05
1.059082408526116e-02	2.145767e-05
1.060082408526116e-02	-2.002716e-05
1.061082408526116e-02	2.121925e-05
1.062082408526116e-02	-1.955032e-05
1.063082408526116e-02	1.955032e-05
1.064082408526116e-02	-2.193451e-05
1.065082408526116e-02	1.835823e-05
1.066082408526116e-02	-2.050400e-05
1.067082408526116e-02	1.931190e-05
1.068082408526116e-02	-1.955032e-05
1.069082408526116e-02	1.955032e-05
1.070082408526116e-02	-1.883507e-05
1.071082408526116e-02	1.955032e-05
1.072082408526116e-02	-1.811981e-05
1.073082408526116e-02	1.955032e-05
1.074082408526116e-02	-1.788139e-05
1.075082408526116e-02	1.955032e-05
1.076082408526116e-02	-1.764297e-05
1.077082408526116e-02	1.955032e-05
1.078082408526116e-02	-1.764297e-05
1.079082408526116e-02	1.931190e-05
1.080082408526116e-02	-1.716614e-05
1.081082408526116e-02	1.931190e-05
1.082082408526116e-02	-1.716614e-05
1.083082408526116e-02	1.907349e-05
1.084082408526116e-02	-1.716614e-05
1.085082408526116e-02	1.883507e-05
1.086082408526116e-02	-1.668930e-05
1.087082408526116e-02	1.883507e-05
1.088082408526116e-02	-1.692772e-05
1.089082408526116e-02	1.859665e-05
1.090082408526116e-02	-1.668930e-05
1.091082408526116e-02	1.835823e-05
1.092082408526116e-02	-1.668930e-05
1.093082408526116e-02	1.835823e-05
1.094082408526116e-02	-1.645088e-05
1.095082408526116e-02	1.835823e-05
1.096082408526116e-02	-1.645088e-05
1.097082408526116e-02	1.811981e-05
1.098082408526116e-02	-1.621246e-05
1.099082408526116e-02	1.811981e-05
1.100000000100000e-02	-2.884865e-05
1.100000000200000e-02	-2.884865e-05
1.100000001800000e-02	-2.861023e-05
1.100000005000000e-02	-2.813339e-05
1.100000011400000e-02	-2.717972e-05
1.100000024200000e-02	-2.551079e-05
1.100000049800000e-02	-2.241135e-05
1.100000101000000e-02	-1.716614e-05
1.100000203400000e-02	-1.049042e-05
1.100000370787554e-02	-4.768372e-06
1.100000583297908e-02	-1.668930e-06
1.100000876274640e-02	-4.768372e-07
1.100001325727741e-02	-2.384186e-07
1.100002206904093e-02	-2.384186e-07
1.100003969256798e-02	-4.768372e-07
1.100007493962206e-02	-2.384186e-07
1.100014543373024e-02	-4.768372e-07
1.100028642194659e-02	-2.384186e-07
1.100056839837930e-02	-4.768372e-07
1.100113235124470e-02	-2.384186e-07
1.100226025697551e-02	-2.384186e-07
1.100451606843714e-02	-2.384186e-07
1.100902769136039e-02	0.000000e+00
1.101805093720690e-02	4.768372e-07
1.102805093720690e-02	7.152557e-07
1.103805093720690e-02	9.536743e-07
1.104805093720690e-02	9.536743e-07
1.105805093720690e-02	7.152557e-07
1.106805093720690e-02	7.152557e-07
1.107805093720690e-02	7.152557e-07
1.108805093720690e-02	7.152557e-07
1.109805093720690e-02	7.152557e-07
1.110805093720690e-02	9.536743e-07
1.111805093720690e-02	7.152557e-07
1.112805093720690e-02	7.152557e-07
1.113805093720690e-02	7.152557e-07
1.114805093720690e-02	7.152557e-07
1.115805093720690e-02	7.152557e-07
1.116805093720690e-02	7.152557e-07
1.117805093720690e-02	7.152557e-07
1.118805093720690e-02	7.152557e-07
1.119805093720690e-02	4.768372e-07
1.120805093720690e-02	7.152557e-07
1.121805093720690e-02	7.152557e-07
1.122805093720690e-02	4.768372e-07
1.123805093720690e-02	4.768372e-07
1.124805093720690e-02	7.152557e-07
1.125805093720690e-02	7.152557e-07
1.126805093720690e-02	7.152557e-07
1.127805093720690e-02	7.152557e-07
1.128805093720690e-02	7.152557e-07
1.129805093720690e-02	7.152557e-07
1.130805093720690e-02	4.768372e-07
1.131805093720690e-02	4.768372e-07
1.132805093720690e-02	4.768372e-07
1.133805093720690e-02	4.768372e-07
1.134805093720690e-02	4.768372e-07
1.135805093720690e-02	4.768372e-07
1.136805093720690e-02	4.768372e-07
1.137805093720690e-02	4.768372e-07
1.138805093720690e-02	4.768372e-07
1.139805093720690e-02	4.768372e-07
1.140805093720690e-02	4.768372e-07
1.141805093720690e-02	4.768372e-07
1.142805093720690e-02	4.768372e-07
1.143805093720690e-02	4.768372e-07
1.144805093720690e-02	4.768372e-07
1.145805093720690e-02	2.384186e-07
1.146805093720690e-02	4.768372e-07
1.147805093720690e-02	2.384186e-07
1.148805093720690e-02	4.768372e-07
1.149805093720690e-02	4.768372e-07
1.150805093720690e-02	2.384186e-07
1.151805093720690e-02	4.768372e-07
1.152805093720690e-02	2.384186e-07
1.153805093720690e-02	2.384186e-07
1.154805093720690e-02	2.384186e-07
1.155805093720690e-02	2.384186e-07
1.156805093720690e-02	2.384186e-07
1.157805093720690e-02	2.384186e-07
1.158805093720690e-02	2.384186e-07
1.159805093720690e-02	2.384186e-07
1.160805093720690e-02	0.000000e+00
1.161805093720690e-02	2.384186e-07
1.162805093720690e-02	2.384186e-07
1.163805093720690e-02	0.000000e+00
1.164805093720690e-02	2.384186e-07
1.165805093720690e-02	2.384186e-07
1.166805093720690e-02	0.000000e+00
1.167805093720690e-02	2.384186e-07
1.168805093720690e-02	0.000000e+00
1.169805093720690e-02	0.000000e+00
1.170805093720690e-02	0.000000e+00
1.171805093720690e-02	0.000000e+00
1.172805093720690e-02	0.000000e+00
1.173805093720690e-02	0.000000e+00
1.174805093720690e-02	0.000000e+00
1.175805093720690e-02	0.000000e+00
1.176805093720690e-02	0.000000e+00
1.177805093720690e-02	0.000000e+00
1.178805093720690e-02	0.000000e+00
1.179805093720690e-02	0.000000e+00
1.180805093720690e-02	0.000000e+00
1.181805093720690e-02	0.000000e+00
1.182805093720690e-02	0.000000e+00
1.183805093720690e-02	0.000000e+00
1.184805093720690e-02	0.000000e+00
1.185805093720690e-02	0.000000e+00
1.186805093720690e-02	0.000000e+00
1.187805093720690e-02	0.000000e+00
1.188805093720690e-02	0.000000e+00
1.189805093720690e-02	0.000000e+00
1.190805093720690e-02	0.000000e+00
1.191805093720690e-02	0.000000e+00
1.192805093720690e-02	0.000000e+00
1.193805093720690e-02	0.000000e+00
1.194805093720690e-02	0.000000e+00
1.195805093720690e-02	0.000000e+00
1.196805093720690e-02	-2.384186e-07
1.197805093720690e-02	0.000000e+00
1.198805093720690e-02	0.000000e+00
1.199805093720690e-02	-2.384186e-07
1.200805093720690e-02	0.000000e+00
1.201805093720690e-02	-2.384186e-07
1.202805093720690e-02	-2.384186e-07
1.203805093720690e-02	-2.384186e-07
1.204805093720690e-02	-2.384186e-07
1.205805093720690e-02	-2.384186e-07
1.206805093720690e-02	-2.384186e-07
1.207805093720690e-02	-2.384186e-07
1.208805093720690e-02	-2.384186e-07
1.209805093720690e-02	-2.384186e-07
1.210805093720690e-02	-2.384186e-07
1.211805093720690e-02	-2.384186e-07
1.212805093720690e-02	-4.768372e-07
1.213805093720690e-02	-2.384186e-07
1.214805093720690e-02	-2.384186e-07
1.215805093720690e-02	-2.384186e-07
1.216805093720690e-02	-2.384186e-07
1.217805093720690e-02	-2.384186e-07
1.218805093720690e-02	-2.384186e-07
1.219805093720690e-02	-2.384186e-07
1.220805093720690e-02	-2.384186e-07
1.221805093720690e-02	0.000000e+00
1.222805093720690e-02	0.000000e+00
1.223805093720690e-02	0.000000e+00
1.224805093720690e-02	-2.384186e-07
1.225805093720690e-02	0.000000e+00
1.226805093720690e-02	0.000000e+00
1.227805093720690e-02	0.000000e+00
1.228805093720690e-02	0.000000e+00
1.229805093720690e-02	2.384186e-07
1.230805093720690e-02	2.384186e-07
1.231805093720690e-02	2.384186e-07
1.232805093720690e-02	2.384186e-07
1.233805093720690e-02	2.384186e-07
1.234805093720690e-02	2.384186e-07
1.235805093720690e-02	2.384186e-07
1.236805093720690e-02	2.384186e-07
1.237805093720690e-02	2.384186e-07
1.238805093720690e-02	2.384186e-07
1.239805093720690e-02	2.384186e-07
1.240805093720690e-02	2.384186e-07
1.241805093720690e-02	0.000000e+00
1.242805093720690e-02	2.384186e-07
1.243805093720690e-02	2.384186e-07
1.244805093720690e-02	0.000000e+00
1.245805093720690e-02	0.000000e+00
1.246805093720690e-02	0.000000e+00
1.247805093720690e-02	0.000000e+00
1.248805093720690e-02	0.000000e+00
1.249805093720690e-02	0.000000e+00
1.250805093720690e-02	0.000000e+00
1.251805093720690e-02	0.000000e+00
1.252805093720690e-02	0.000000e+00
1.253805093720690e-02	2.384186e-07
1.254805093720690e-02	0.000000e+00
1.255805093720690e-02	0.000000e+00
1.256805093720690e-02	0.000000e+00
1.257805093720690e-02	-2.384186e-07
1.258805093720690e-02	0.000000e+00
1.259805093720690e-02	0.000000e+00
1.260805093720690e-02	0.000000e+00
1.261805093720690e-02	0.000000e+00
1.262805093720690e-02	0.000000e+00
1.263805093720690e-02	0.000000e+00
1.264805093720690e-02	0.000000e+00
1.265805093720690e-02	0.000000e+00
1.266805093720690e-02	0.000000e+00
1.267805093720690e-02	0.000000e+00
1.268805093720690e-02	-2.384186e-07
1.269805093720690e-02	0.000000e+00
1.270805093720690e-02	0.000000e+00
1.271805093720690e-02	0.000000e+00
1.272805093720690e-02	0.000000e+00
1.273805093720690e-02	0.000000e+00
1.274805093720690e-02	-2.384186e-07
1.275805093720690e-02	-2.384186e-07
1.276805093720690e-02	0.000000e+00
1.277805093720690e-02	0.000000e+00
1.278805093720690e-02	-2.384186e-07
1.279805093720690e-02	0.000000e+00
1.280805093720690e-02	-2.384186e-07
1.281805093720690e-02	0.000000e+00
1.282805093720690e-02	0.000000e+00
1.283805093720690e-02	-2.384186e-07
1.284805093720690e-02	0.000000e+00
1.285805093720690e-02	0.000000e+00
1.286805093720690e-02	0.000000e+00
1.287805093720690e-02	-2.384186e-07
1.288805093720690e-02	-2.384186e-07
1.289805093720690e-02	-2.384186e-07
1.290805093720690e-02	-2.384186e-07
1.291805093720690e-02	-2.384186e-07
1.292805093720690e-02	-2.384186e-07
1.293805093720690e-02	-2.384186e-07
1.294805093720690e-02	-2.384186e-07
1.295805093720690e-02	-2.384186e-07
1.296805093720690e-02	0.000000e+00
1.297805093720690e-02	-2.384186e-07
1.298805093720690e-02	-2.384186e-07
1.299805093720690e-02	0.000000e+00
1.300805093720690e-02	-2.384186e-07
1.301805093720690e-02	-2.384186e-07
1.302805093720690e-02	0.000000e+00
1.303805093720690e-02	-2.384186e-07
1.304805093720690e-02	0.000000e+00
1.305805093720690e-02	-2.384186e-07
1.306805093720690e-02	-2.384186e-07
1.307805093720690e-02	-2.384186e-07
1.308805093720690e-02	0.000000e+00
1.309805093720690e-02	-2.384186e-07
1.310805093720690e-02	-2.384186e-07
1.311805093720690e-02	-4.768372e-07
1.312805093720690e-02	-2.384186e-07
1.313805093720690e-02	-2.384186e-07
1.314805093720690e-02	-2.384186e-07
1.315805093720690e-02	-2.384186e-07
1.316805093720690e-02	-2.384186e-07
1.317805093720690e-02	-2.384186e-07
1.318805093720690e-02	-2.384186e-07
1.319805093720690e-02	-2.384186e-07
1.320805093720690e-02	-2.384186e-07
1.321805093720690e-02	-2.384186e-07
1.322805093720690e-02	-2.384186e-07
1.323805093720690e-02	-2.384186e-07
1.324805093720690e-02	-4.768372e-07
1.325805093720690e-02	-2.384186e-07
1.326805093720690e-02	-2.384186e-07
1.327805093720690e-02	-4.768372e-07
1.328805093720690e-02	-2.384186e-07
1.329805093720690e-02	-2.384186e-07
1.330805093720690e-02	-2.384186e-07
1.331805093720690e-02	-2.384186e-07
1.332805093720690e-02	-4.768372e-07
1.333805093720690e-02	-2.384186e-07
1.334805093720690e-02	-2.384186e-07
1.335805093720690e-02	-2.384186e-07
1.336805093720690e-02	-2.384186e-07
1.337805093720690e-02	-2.384186e-07
1.338805093720690e-02	-2.384186e-07
1.339805093720690e-02	-4.768372e-07
1.340805093720690e-02	-2.384186e-07
1.341805093720690e-02	-4.768372e-07
1.342805093720690e-02	-2.384186e-07
1.343805093720690e-02	-2.384186e-07
1.344805093720690e-02	-2.384186e-07
1.345805093720690e-02	-4.768372e-07
1.346805093720690e-02	-4.768372e-07
1.347805093720690e-02	-4.768372e-07
1.348805093720690e-02	-4.768372e-07
1.349805093720690e-02	-4.768372e-07
1.350805093720690e-02	-4.768372e-07
1.351805093720690e-02	-2.384186e-07
1.352805093720690e-02	-2.384186e-07
1.353805093720690e-02	-2.384186e-07
1.354805093720690e-02	-2.384186e-07
1.355805093720690e-02	-2.384186e-07
1.356805093720690e-02	-4.768372e-07
1.357805093720690e-02	-2.384186e-07
1.358805093720690e-02	-2.384186e-07
1.359805093720690e-02	-2.384186e-07
1.360805093720690e-02	-4.768372e-07
1.361805093720690e-02	-2.384186e-07
1.362805093720690e-02	-2.384186e-07
1.363805093720690e-02	-4.768372e-07
1.364805093720690e-02	-2.384186e-07
1.365805093720690e-02	-2.384186e-07
1.366805093720690e-02	-2.384186e-07
1.367805093720690e-02	-4.768372e-07
1.368805093720690e-02	-2.384186e-07
1.369805093720690e-02	-2.384186e-07
1.370805093720690e-02	-4.768372e-07
1.371805093720690e-02	-2.384186e-07
1.372805093720690e-02	-2.384186e-07
1.373805093720690e-02	-2.384186e-07
1.374805093720690e-02	-4.768372e-07
1.375805093720690e-02	-2.384186e-07
1.376805093720690e-02	-2.384186e-07
1.377805093720690e-02	-2.384186e-07
1.378805093720690e-02	-4.768372e-07
1.379805093720690e-02	-2.384186e-07
1.380805093720690e-02	-2.384186e-07
1.381805093720690e-02	-2.384186e-07
1.382805093720690e-02	-2.384186e-07
1.383805093720690e-02	-4.768372e-07
1.384805093720690e-02	-2.384186e-07
1.385805093720690e-02	-2.384186e-07
1.386805093720690e-02	-2.384186e-07
1.387805093720690e-02	-2.384186e-07
1.388805093720690e-02	-4.768372e-07
1.389805093720690e-02	-2.384186e-07
1.390805093720690e-02	-2.384186e-07
1.391805093720690e-02	-2.384186e-07
1.392805093720690e-02	-2.384186e-07
1.393805093720690e-02	-2.384186e-07
1.394805093720690e-02	-2.384186e-07
1.395805093720690e-02	-4.768372e-07
1.396805093720690e-02	-2.384186e-07
1.397805093720690e-02	-2.384186e-07
1.398805093720690e-02	-2.384186e-07
1.399805093720690e-02	-2.384186e-07
1.400805093720690e-02	-2.384186e-07
1.401805093720690e-02	-2.384186e-07
1.402805093720690e-02	-2.384186e-07
1.403805093720690e-02	-2.384186e-07
1.404805093720690e-02	-4.768372e-07
1.405805093720690e-02	-4.768372e-07
1.406805093720690e-02	-4.768372e-07
1.407805093720690e-02	-2.384186e-07
1.408805093720690e-02	-2.384186e-07
1.409805093720690e-02	-2.384186e-07
1.410805093720690e-02	-2.384186e-07
1.411805093720690e-02	-2.384186e-07
1.412805093720690e-02	-2.384186e-07
1.413805093720690e-02	-2.384186e-07
1.414805093720690e-02	-2.384186e-07
1.415805093720690e-02	-2.384186e-07
1.416805093720690e-02	-2.384186e-07
1.417805093720690e-02	-2.384186e-07
1.418805093720690e-02	-2.384186e-07
1.419805093720690e-02	-2.384186e-07
1.420805093720690e-02	-2.384186e-07
1.421805093720690e-02	-2.384186e-07
1.422805093720690e-02	-2.384186e-07
1.423805093720690e-02	-2.384186e-07
1.424805093720690e-02	-2.384186e-07
1.425805093720690e-02	-2.384186e-07
1.426805093720690e-02	-2.384186e-07
1.427805093720690e-02	-2.384186e-07
1.428805093720690e-02	-2.384186e-07
1.429805093720690e-02	-2.384186e-07
1.430805093720690e-02	-2.384186e-07
1.431805093720690e-02	-2.384186e-07
1.432805093720690e-02	-2.384186e-07
1.433805093720690e-02	-2.384186e-07
1.434805093720690e-02	-2.384186e-07
1.435805093720690e-02	-2.384186e-07
1.436805093720690e-02	-2.384186e-07
1.437805093720690e-02	-2.384186e-07
1.438805093720690e-02	-2.384186e-07
1.439805093720690e-02	-2.384186e-07
1.440805093720690e-02	-2.384186e-07
1.441805093720690e-02	-2.384186e-07
1.442805093720690e-02	-2.384186e-07
1.443805093720690e-02	-2.384186e-07
1.444805093720690e-02	-2.384186e-07
1.445805093720690e-02	-2.384186e-07
1.446805093720690e-02	-2.384186e-07
1.447805093720690e-02	-2.384186e-07
1.448805093720690e-02	-2.384186e-07
1.449805093720690e-02	-2.384186e-07
1.450805093720690e-02	-2.384186e-07
1.451805093720690e-02	-2.384186e-07
1.452805093720690e-02	-2.384186e-07
1.453805093720690e-02	-2.384186e-07
1.454805093720690e-02	-2.384186e-07
1.455805093720690e-02	-2.384186e-07
1.456805093720690e-02	-4.768372e-07
1.457805093720690e-02	-4.768372e-07
1.458805093720690e-02	-4.768372e-07
1.459805093720690e-02	-4.768372e-07
1.460805093720690e-02	-4.768372e-07
1.461805093720690e-02	-4.768372e-07
1.462805093720690e-02	-4.768372e-07
1.463805093720690e-02	-2.384186e-07
1.464805093720690e-02	-2.384186e-07
1.465805093720690e-02	-2.384186e-07
1.466805093720690e-02	-2.384186e-07
1.467805093720690e-02	-2.384186e-07
1.468805093720690e-02	-2.384186e-07
1.469805093720690e-02	-2.384186e-07
1.470805093720690e-02	-2.384186e-07
1.471805093720690e-02	-2.384186e-07
1.472805093720690e-02	-2.384186e-07
1.473805093720690e-02	-2.384186e-07
1.474805093720690e-02	-2.384186e-07
1.475805093720690e-02	-2.384186e-07
1.476805093720690e-02	-2.384186e-07
1.477805093720690e-02	-2.384186e-07
1.478805093720690e-02	-2.384186e-07
1.479805093720690e-02	-2.384186e-07
1.480805093720690e-02	-2.384186e-07
1.481805093720690e-02	-2.384186e-07
1.482805093720690e-02	-2.384186e-07
1.483805093720690e-02	-2.384186e-07
1.484805093720690e-02	-2.384186e-07
1.485805093720690e-02	-2.384186e-07
1.486805093720690e-02	-2.384186e-07
1.487805093720690e-02	-4.768372e-07
1.488805093720690e-02	-4.768372e-07
1.489805093720690e-02	-4.768372e-07
1.490805093720690e-02	-4.768372e-07
1.491805093720690e-02	-4.768372e-07
1.492805093720690e-02	-4.768372e-07
1.493805093720690e-02	-4.768372e-07
1.494805093720690e-02	-2.384186e-07
1.495805093720690e-02	-2.384186e-07
1.496805093720690e-02	-2.384186e-07
1.497805093720690e-02	-2.384186e-07
1.498805093720690e-02	-2.384186e-07
1.499805093720690e-02	-2.384186e-07
1.500805093720690e-02	-2.384186e-07
1.501805093720690e-02	-2.384186e-07
1.502805093720690e-02	-2.384186e-07
1.503805093720690e-02	-2.384186e-07
1.504805093720690e-02	-2.384186e-07
1.505805093720690e-02	-2.384186e-07
1.506805093720690e-02	-2.384186e-07
1.507805093720690e-02	-2.384186e-07
1.508805093720690e-02	-2.384186e-07
1.509805093720690e-02	-2.384186e-07
1.510805093720690e-02	-2.384186e-07
1.511805093720690e-02	-2.384186e-07
1.512805093720690e-02	-2.384186e-07
1.513805093720690e-02	-2.384186e-07
1.514805093720690e-02	-2.384186e-07
1.515805093720690e-02	-2.384186e-07
1.516805093720690e-02	-2.384186e-07
1.517805093720690e-02	-2.384186e-07
1.518805093720690e-02	-2.384186e-07
1.519805093720690e-02	-2.384186e-07
1.520805093720690e-02	-2.384186e-07
1.521805093720690e-02	-2.384186e-07
1.522805093720690e-02	-2.384186e-07
1.523805093720690e-02	-2.384186e-07
1.524805093720690e-02	-4.768372e-07
1.525805093720690e-02	-4.768372e-07
1.526805093720690e-02	-4.768372e-07
1.527805093720690e-02	-4.768372e-07
1.528805093720690e-02	-4.768372e-07
1.529805093720690e-02	-4.768372e-07
1.530805093720690e-02	-4.768372e-07
1.531805093720690e-02	-4.768372e-07
1.532805093720690e-02	-4.768372e-07
1.533805093720690e-02	-4.768372e-07
1.534805093720690e-02	-2.384186e-07
1.535805093720690e-02	-2.384186e-07
1.536805093720690e-02	-2.384186e-07
1.537805093720690e-02	-2.384186e-07
1.538805093720690e-02	-2.384186e-07
1.539805093720690e-02	-2.384186e-07
1.540805093720690e-02	-2.384186e-07
1.541805093720690e-02	-2.384186e-07
1.542805093720690e-02	-2.384186e-07
1.543805093720690e-02	-2.384186e-07
1.544805093720690e-02	-2.384186e-07
1.545805093720690e-02	-2.384186e-07
1.546805093720690e-02	-2.384186e-07
1.547805093720690e-02	-2.384186e-07
1.548805093720690e-02	-2.384186e-07
1.549805093720690e-02	-2.384186e-07
1.550805093720690e-02	-2.384186e-07
1.551805093720690e-02	-2.384186e-07
1.552805093720690e-02	-2.384186e-07
1.553805093720690e-02	-2.384186e-07
1.554805093720690e-02	-2.384186e-07
1.555805093720690e-02	-2.384186e-07
1.556805093720690e-02	-2.384186e-07
1.557805093720690e-02	-2.384186e-07
1.558805093720690e-02	-2.384186e-07
1.559805093720690e-02	-2.384186e-07
1.560805093720690e-02	-2.384186e-07
1.561805093720690e-02	-2.384186e-07
1.562805093720690e-02	-2.384186e-07
1.563805093720690e-02	-2.384186e-07
1.564805093720690e-02	-2.384186e-07
1.565805093720690e-02	-2.384186e-07
1.566805093720689e-02	-2.384186e-07
1.567805093720689e-02	-2.384186e-07
1.568805093720690e-02	-2.384186e-07
1.569805093720690e-02	-2.384186e-07
1.570805093720690e-02	-2.384186e-07
1.571805093720690e-02	-2.384186e-07
1.572805093720690e-02	-2.384186e-07
1.573805093720690e-02	-2.384186e-07
1.574805093720689e-02	-2.384186e-07
1.575805093720689e-02	-2.384186e-07
1.576805093720690e-02	-2.384186e-07
1.577805093720690e-02	-2.384186e-07
1.578805093720690e-02	-2.384186e-07
1.579805093720690e-02	-2.384186e-07
1.580805093720690e-02	-2.384186e-07
1.581805093720690e-02	-2.384186e-07
1.582805093720690e-02	-2.384186e-07
1.583805093720689e-02	-2.384186e-07
1.584805093720689e-02	-2.384186e-07
1.585805093720690e-02	-2.384186e-07
1.586805093720690e-02	-2.384186e-07
1.587805093720690e-02	-2.384186e-07
1.588805093720690e-02	-2.384186e-07
1.589805093720690e-02	-4.768372e-07
1.590805093720690e-02	-4.768372e-07
1.591805093720689e-02	-4.768372e-07
1.592805093720689e-02	-4.768372e-07
1.593805093720690e-02	-4.768372e-07
1.594805093720690e-02	-4.768372e-07
1.595805093720690e-02	-4.768372e-07
1.596805093720690e-02	-4.768372e-07
1.597805093720690e-02	-4.768372e-07
1.598805093720690e-02	-4.768372e-07
1.599805093720690e-02	-4.768372e-07
1.600805093720689e-02	-4.768372e-07
1.601805093720689e-02	-4.768372e-07
1.602805093720690e-02	-4.768372e-07
1.603805093720690e-02	-4.768372e-07
1.604805093720690e-02	-4.768372e-07
1.605805093720690e-02	-4.768372e-07
1.606805093720690e-02	-4.768372e-07
1.607805093720690e-02	-4.768372e-07
1.608805093720689e-02	-4.768372e-07
1.609805093720689e-02	-4.768372e-07
1.610805093720690e-02	-4.768372e-07
1.611805093720690e-02	-4.768372e-07
1.612805093720690e-02	-4.768372e-07
1.613805093720690e-02	-4.768372e-07
1.614805093720690e-02	-4.768372e-07
1.615805093720690e-02	-2.384186e-07
1.616805093720690e-02	-2.384186e-07
1.617805093720689e-02	-2.384186e-07
1.618805093720689e-02	-2.384186e-07
1.619805093720690e-02	-2.384186e-07
1.620805093720690e-02	-2.384186e-07
1.621805093720690e-02	-2.384186e-07
1.622805093720690e-02	-2.384186e-07
1.623805093720690e-02	-2.384186e-07
1.624805093720690e-02	-2.384186e-07
1.625805093720690e-02	-2.384186e-07
1.626805093720689e-02	-2.384186e-07
1.627805093720690e-02	-2.384186e-07
1.628805093720690e-02	-2.384186e-07
1.629805093720690e-02	-2.384186e-07
1.630805093720690e-02	-2.384186e-07
1.631805093720690e-02	-2.384186e-07
1.632805093720690e-02	-2.384186e-07
1.633805093720690e-02	-2.384186e-07
1.634805093720689e-02	-2.384186e-07
1.635805093720689e-02	-2.384186e-07
1.636805093720690e-02	-2.384186e-07
1.637805093720690e-02	-2.384186e-07
1.638805093720690e-02	-2.384186e-07
1.639805093720690e-02	-2.384186e-07
1.640805093720690e-02	-2.384186e-07
1.641805093720690e-02	-2.384186e-07
1.642805093720690e-02	-2.384186e-07
1.643805093720689e-02	-2.384186e-07
1.644805093720690e-02	-2.384186e-07
1.645805093720690e-02	-2.384186e-07
1.646805093720690e-02	-2.384186e-07
1.647805093720690e-02	-2.384186e-07
1.648805093720690e-02	-2.384186e-07
1.649805093720690e-02	-2.384186e-07
1.650805093720690e-02	-2.384186e-07
1.651805093720689e-02	-2.384186e-07
1.652805093720689e-02	-2.384186e-07
1.653805093720690e-02	-2.384186e-07
1.654805093720690e-02	-2.384186e-07
1.655805093720690e-02	-2.384186e-07
1.656805093720690e-02	-2.384186e-07
1.657805093720690e-02	-2.384186e-07
1.658805093720690e-02	-2.384186e-07
1.659805093720690e-02	-2.384186e-07
1.660805093720689e-02	-2.384186e-07
1.661805093720690e-02	-2.384186e-07
1.662805093720690e-02	-2.384186e-07
1.663805093720690e-02	-2.384186e-07
1.664805093720690e-02	-2.384186e-07
1.665805093720690e-02	-2.384186e-07
1.666805093720690e-02	-2.384186e-07
1.667805093720690e-02	-2.384186e-07
1.668805093720689e-02	-2.384186e-07
1.669805093720689e-02	-2.384186e-07
1.670805093720690e-02	-2.384186e-07
1.671805093720690e-02	-2.384186e-07
1.672805093720690e-02	-2.384186e-07
1.673805093720690e-02	-2.384186e-07
1.674805093720690e-02	-2.384186e-07
1.675805093720690e-02	-2.384186e-07
1.676805093720690e-02	-2.384186e-07
1.677805093720689e-02	-2.384186e-07
1.678805093720690e-02	-2.384186e-07
1.679805093720690e-02	-2.384186e-07
1.680805093720690e-02	-2.384186e-07
1.681805093720690e-02	-2.384186e-07
1.682805093720690e-02	-2.384186e-07
1.683805093720690e-02	-2.384186e-07
1.684805093720690e-02	-2.384186e-07
1.685805093720689e-02	-2.384186e-07
1.686805093720689e-02	-2.384186e-07
1.687805093720690e-02	-2.384186e-07
1.688805093720690e-02	-2.384186e-07
1.689805093720690e-02	-2.384186e-07
1.690805093720690e-02	-2.384186e-07
1.691805093720690e-02	-2.384186e-07
1.692805093720690e-02	-2.384186e-07
1.693805093720690e-02	-2.384186e-07
1.694805093720689e-02	-2.384186e-07
1.695805093720689e-02	-2.384186e-07
1.696805093720690e-02	-2.384186e-07
1.697805093720690e-02	-2.384186e-07
1.698805093720690e-02	-2.384186e-07
1.699805093720690e-02	-2.384186e-07
1.700805093720690e-02	-2.384186e-07
1.701805093720690e-02	-2.384186e-07
1.702805093720689e-02	-2.384186e-07
1.703805093720689e-02	-2.384186e-07
1.704805093720690e-02	-2.384186e-07
1.705805093720690e-02	-2.384186e-07
1.706805093720690e-02	-2.384186e-07
1.707805093720690e-02	-2.384186e-07
1.708805093720690e-02	-2.384186e-07
1.709805093720690e-02	-2.384186e-07
1.710805093720690e-02	-2.384186e-07
1.711805093720689e-02	-2.384186e-07
1.712805093720689e-02	-2.384186e-07
1.713805093720690e-02	-2.384186e-07
1.714805093720690e-02	-2.384186e-07
1.715805093720690e-02	-2.384186e-07
1.716805093720690e-02	-2.384186e-07
1.717805093720690e-02	-2.384186e-07
1.718805093720690e-02	-2.384186e-07
1.719805093720689e-02	-2.384186e-07
1.720805093720689e-02	-2.384186e-07
1.721805093720690e-02	-2.384186e-07
1.722805093720690e-02	-2.384186e-07
1.723805093720690e-02	-2.384186e-07
1.724805093720690e-02	-2.384186e-07
1.725805093720690e-02	-2.384186e-07
1.726805093720690e-02	-2.384186e-07
1.727805093720690e-02	-2.384186e-07
1.728805093720689e-02	-2.384186e-07
1.729805093720689e-02	-2.384186e-07
1.730805093720690e-02	-2.384186e-07
1.731805093720690e-02	-2.384186e-07
1.732805093720690e-02	-2.384186e-07
1.733805093720690e-02	-2.384186e-07
1.734805093720690e-02	-2.384186e-07
1.735805093720690e-02	-2.384186e-07
1.736805093720689e-02	-2.384186e-07
1.737805093720689e-02	-2.384186e-07
1.738805093720690e-02	-2.384186e-07
1.739805093720690e-02	-2.384186e-07
1.740805093720690e-02	-2.384186e-07
1.741805093720690e-02	-2.384186e-07
1.742805093720690e-02	-2.384186e-07
1.743805093720690e-02	-2.384186e-07
1.744805093720690e-02	-2.384186e-07
1.745805093720689e-02	-2.384186e-07
1.746805093720689e-02	-2.384186e-07
1.747805093720690e-02	-2.384186e-07
1.748805093720690e-02	-2.384186e-07
1.749805093720690e-02	-2.384186e-07
1.750805093720690e-02	-2.384186e-07
1.751805093720690e-02	-2.384186e-07
1.752805093720690e-02	-2.384186e-07
1.753805093720689e-02	-2.384186e-07
1.754805093720689e-02	-2.384186e-07
1.755805093720690e-02	-2.384186e-07
1.756805093720690e-02	-2.384186e-07
1.757805093720690e-02	-2.384186e-07
1.758805093720690e-02	-2.384186e-07
1.759805093720690e-02	-2.384186e-07
1.760805093720690e-02	-2.384186e-07
1.761805093720690e-02	-2.384186e-07
1.762805093720689e-02	-2.384186e-07
1.763805093720689e-02	-2.384186e-07
1.764805093720690e-02	-2.384186e-07
1.765805093720690e-02	-2.384186e-07
1.766805093720690e-02	-2.384186e-07
1.767805093720690e-02	-2.384186e-07
1.768805093720690e-02	-2.384186e-07
1.769805093720690e-02	-2.384186e-07
1.770805093720689e-02	-2.384186e-07
1.771805093720689e-02	-2.384186e-07
1.772805093720690e-02	-2.384186e-07
1.773805093720690e-02	-2.384186e-07
1.774805093720690e-02	-2.384186e-07
1.775805093720690e-02	-2.384186e-07
1.776805093720690e-02	-2.384186e-07
1.777805093720690e-02	-2.384186e-07
1.778805093720690e-02	-2.384186e-07
1.779805093720689e-02	-2.384186e-07
1.780805093720689e-02	-2.384186e-07
1.781805093720690e-02	-2.384186e-07
1.782805093720690e-02	-2.384186e-07
1.783805093720690e-02	-2.384186e-07
1.784805093720690e-02	-2.384186e-07
1.785805093720690e-02	-2.384186e-07
1.786805093720690e-02	-2.384186e-07
1.787805093720689e-02	-2.384186e-07
1.788805093720689e-02	-2.384186e-07
1.789805093720690e-02	-2.384186e-07
1.790805093720690e-02	-2.384186e-07
1.791805093720690e-02	-2.384186e-07
1.792805093720690e-02	-2.384186e-07
1.793805093720690e-02	-2.384186e-07
1.794805093720690e-02	-2.384186e-07
1.795805093720690e-02	-2.384186e-07
1.796805093720689e-02	-2.384186e-07
1.797805093720689e-02	-2.384186e-07
1.798805093720690e-02	-2.384186e-07
1.799805093720690e-02	-2.384186e-07
1.800805093720690e-02	-2.384186e-07
1.801805093720690e-02	-2.384186e-07
1.802805093720690e-02	-2.384186e-07
1.803805093720690e-02	-2.384186e-07
1.804805093720689e-02	-2.384186e-07
1.805805093720689e-02	-2.384186e-07
1.806805093720690e-02	-2.384186e-07
1.807805093720690e-02	-2.384186e-07
1.808805093720690e-02	-2.384186e-07
1.809805093720690e-02	-2.384186e-07
1.810805093720690e-02	-2.384186e-07
1.811805093720690e-02	-2.384186e-07
1.812805093720690e-02	-2.384186e-07
1.813805093720689e-02	-2.384186e-07
1.814805093720689e-02	-2.384186e-07
1.815805093720690e-02	-2.384186e-07
1.816805093720690e-02	-2.384186e-07
1.817805093720690e-02	-2.384186e-07
1.818805093720690e-02	-2.384186e-07
1.819805093720690e-02	-2.384186e-07
1.820805093720690e-02	-2.384186e-07
1.821805093720689e-02	-2.384186e-07
1.822805093720689e-02	-2.384186e-07
1.823805093720689e-02	-2.384186e-07
1.824805093720690e-02	-2.384186e-07
1.825805093720690e-02	-2.384186e-07
1.826805093720690e-02	-2.384186e-07
1.827805093720690e-02	-2.384186e-07
1.828805093720690e-02	-2.384186e-07
1.829805093720690e-02	-2.384186e-07
1.830805093720689e-02	-2.384186e-07
1.831805093720689e-02	-2.384186e-07
1.832805093720690e-02	-2.384186e-07
1.833805093720690e-02	-2.384186e-07
1.834805093720690e-02	-2.384186e-07
1.835805093720690e-02	-2.384186e-07
1.836805093720690e-02	-2.384186e-07
1.837805093720690e-02	-2.384186e-07
1.838805093720689e-02	-2.384186e-07
1.839805093720689e-02	-2.384186e-07
1.840805093720689e-02	-2.384186e-07
1.841805093720690e-02	-2.384186e-07
1.842805093720690e-02	-2.384186e-07
1.843805093720690e-02	-2.384186e-07
1.844805093720690e-02	-2.384186e-07
1.845805093720690e-02	-2.384186e-07
1.846805093720690e-02	-2.384186e-07
1.847805093720689e-02	-2.384186e-07
1.848805093720689e-02	-2.384186e-07
1.849805093720690e-02	-2.384186e-07
1.850805093720690e-02	-2.384186e-07
1.851805093720690e-02	-2.384186e-07
1.852805093720690e-02	-2.384186e-07
1.853805093720690e-02	-2.384186e-07
1.854805093720690e-02	-2.384186e-07
1.855805093720689e-02	-2.384186e-07
1.856805093720689e-02	-2.384186e-07
1.857805093720689e-02	-2.384186e-07
1.858805093720690e-02	-2.384186e-07
1.859805093720690e-02	-2.384186e-07
1.860805093720690e-02	-2.384186e-07
1.861805093720690e-02	-2.384186e-07
1.862805093720690e-02	-2.384186e-07
1.863805093720690e-02	-2.384186e-07
1.864805093720689e-02	-2.384186e-07
1.865805093720689e-02	-2.384186e-07
1.866805093720690e-02	-2.384186e-07
1.867805093720690e-02	-2.384186e-07
1.868805093720690e-02	-2.384186e-07
1.869805093720690e-02	-2.384186e-07
1.870805093720690e-02	-2.384186e-07
1.871805093720690e-02	-2.384186e-07
1.872805093720689e-02	-2.384186e-07
1.873805093720689e-02	-2.384186e-07
1.874805093720689e-02	-2.384186e-07
1.875805093720690e-02	-2.384186e-07
1.876805093720690e-02	-2.384186e-07
1.877805093720690e-02	-2.384186e-07
1.878805093720690e-02	-2.384186e-07
1.879805093720690e-02	-2.384186e-07
1.880805093720690e-02	-2.384186e-07
1.881805093720689e-02	-2.384186e-07
1.882805093720689e-02	-2.384186e-07
1.883805093720690e-02	-2.384186e-07
1.884805093720690e-02	-2.384186e-07
1.885805093720690e-02	-2.384186e-07
1.886805093720690e-02	-2.384186e-07
1.887805093720690e-02	-2.384186e-07
1.888805093720690e-02	-2.384186e-07
1.889805093720689e-02	-2.384186e-07
1.890805093720689e-02	-2.384186e-07
1.891805093720689e-02	-2.384186e-07
1.892805093720690e-02	-2.384186e-07
1.893805093720690e-02	-2.384186e-07
1.894805093720690e-02	-2.384186e-07
1.895805093720690e-02	-2.384186e-07
1.896805093720690e-02	-2.384186e-07
1.897805093720690e-02	-2.384186e-07
1.898805093720689e-02	-2.384186e-07
1.899805093720689e-02	-2.384186e-07
1.900805093720690e-02	-2.384186e-07
1.901805093720690e-02	-2.384186e-07
1.902805093720690e-02	-2.384186e-07
1.903805093720690e-02	-2.384186e-07
1.904805093720690e-02	-2.384186e-07
1.905805093720690e-02	-2.384186e-07
1.906805093720690e-02	-2.384186e-07
1.907805093720689e-02	-2.384186e-07
1.908805093720689e-02	-2.384186e-07
1.909805093720690e-02	-2.384186e-07
1.910805093720690e-02	-2.384186e-07
1.911805093720690e-02	-2.384186e-07
1.912805093720690e-02	-2.384186e-07
1.913805093720690e-02	-2.384186e-07
1.914805093720690e-02	-2.384186e-07
1.915805093720689e-02	-2.384186e-07
1.916805093720689e-02	-2.384186e-07
1.917805093720690e-02	-2.384186e-07
1.918805093720690e-02	-2.384186e-07
1.919805093720690e-02	-2.384186e-07
1.920805093720690e-02	-2.384186e-07
1.921805093720690e-02	-2.384186e-07
1.922805093720690e-02	-2.384186e-07
1.923805093720690e-02	-2.384186e-07
1.924805093720689e-02	-2.384186e-07
1.925805093720689e-02	-2.384186e-07
1.926805093720690e-02	-2.384186e-07
1.927805093720690e-02	-2.384186e-07
1.928805093720690e-02	-2.384186e-07
1.929805093720690e-02	-2.384186e-07
1.930805093720690e-02	-2.384186e-07
1.931805093720690e-02	-2.384186e-07
1.932805093720689e-02	-2.384186e-07
1.933805093720689e-02	-2.384186e-07
1.934805093720690e-02	-2.384186e-07
1.935805093720690e-02	-2.384186e-07
1.936805093720690e-02	-2.384186e-07
1.937805093720690e-02	-2.384186e-07
1.938805093720690e-02	-2.384186e-07
1.939805093720690e-02	-2.384186e-07
1.940805093720690e-02	-2.384186e-07
1.941805093720689e-02	-2.384186e-07
1.942805093720689e-02	-2.384186e-07
1.943805093720690e-02	-2.384186e-07
1.944805093720690e-02	-2.384186e-07
1.945805093720690e-02	-2.384186e-07
1.946805093720690e-02	-2.384186e-07
1.947805093720690e-02	-2.384186e-07
1.948805093720690e-02	-2.384186e-07
1.949805093720689e-02	-2.384186e-07
1.950805093720689e-02	-2.384186e-07
1.951805093720689e-02	-2.384186e-07
1.952805093720690e-02	-2.384186e-07
1.953805093720690e-02	-2.384186e-07
1.954805093720690e-02	-2.384186e-07
1.955805093720690e-02	-2.384186e-07
1.956805093720690e-02	-2.384186e-07
1.957805093720690e-02	-2.384186e-07
1.958805093720689e-02	-2.384186e-07
1.959805093720689e-02	-2.384186e-07
1.960805093720690e-02	-2.384186e-07
1.961805093720690e-02	-2.384186e-07
1.962805093720690e-02	-2.384186e-07
1.963805093720690e-02	-2.384186e-07
1.964805093720690e-02	-2.384186e-07
1.965805093720690e-02	-2.384186e-07
1.966805093720689e-02	-2.384186e-07
1.967805093720689e-02	-2.384186e-07
1.968805093720689e-02	-2.384186e-07
1.969805093720690e-02	-2.384186e-07
1.970805093720690e-02	-2.384186e-07
1.971805093720690e-02	-2.384186e-07
1.972805093720690e-02	-2.384186e-07
1.973805093720690e-02	-2.384186e-07
1.974805093720690e-02	-2.384186e-07
1.975805093720689e-02	-2.384186e-07
1.976805093720689e-02	-2.384186e-07
1.977805093720690e-02	-2.384186e-07
1.978805093720690e-02	-2.384186e-07
1.979805093720690e-02	-2.384186e-07
1.980805093720690e-02	-2.384186e-07
1.981805093720690e-02	-2.384186e-07
1.982805093720690e-02	-2.384186e-07
1.983805093720689e-02	-2.384186e-07
1.984805093720689e-02	-2.384186e-07
1.985805093720689e-02	-2.384186e-07
1.986805093720690e-02	-2.384186e-07
1.987805093720690e-02	-2.384186e-07
1.988805093720690e-02	-2.384186e-07
1.989805093720690e-02	-2.384186e-07
1.990805093720690e-02	-2.384186e-07
1.991805093720690e-02	-2.384186e-07
1.992805093720689e-02	-2.384186e-07
1.993805093720689e-02	-2.384186e-07
1.994805093720690e-02	-2.384186e-07
1.995805093720690e-02	-2.384186e-07
1.996805093720690e-02	-2.384186e-07
1.997805093720690e-02	-2.384186e-07
1.998805093720690e-02	-2.384186e-07
1.999805093720690e-02	-2.384186e-07
2.000000000000000e-02	-2.384186e-07
