time	V(n001)	I(Cij)
0.000000000000000e+00	3.299984e+00	-3.299998e-03
9.999999939225290e-09	3.299984e+00	-3.308946e-03
1.015624993827569e-08	3.299984e+00	-3.309021e-03
1.109374993257806e-08	3.299984e+00	-3.309486e-03
1.205431650675559e-08	3.299984e+00	-3.309976e-03
1.310998562654655e-08	3.299984e+00	-3.310497e-03
1.488232472164329e-08	3.299984e+00	-3.311235e-03
1.829128519957916e-08	3.299984e+00	-3.311812e-03
2.159305021525086e-08	3.299984e+00	-3.311185e-03
2.427225750682289e-08	3.299984e+00	-3.310031e-03
2.657853342841319e-08	3.299984e+00	-3.308937e-03
2.912009108086946e-08	3.299984e+00	-3.308051e-03
3.215647791598616e-08	3.299984e+00	-3.307834e-03
3.542973493916605e-08	3.299984e+00	-3.308674e-03
3.788011020924227e-08	3.299984e+00	-3.309784e-03
4.024089328889689e-08	3.299984e+00	-3.310859e-03
4.309786271789955e-08	3.299984e+00	-3.311674e-03
4.622193546000533e-08	3.299984e+00	-3.311605e-03
5.033882729065708e-08	3.299984e+00	-3.310211e-03
5.280998866967706e-08	3.299984e+00	-3.309064e-03
5.522289152171470e-08	3.299984e+00	-3.308190e-03
5.843005214373129e-08	3.299984e+00	-3.307872e-03
6.153947669084804e-08	3.299984e+00	-3.308575e-03
6.417157561532576e-08	3.299984e+00	-3.309700e-03
6.658249409964552e-08	3.299984e+00	-3.310773e-03
6.942387984190588e-08	3.299984e+00	-3.311591e-03
7.258021610332954e-08	3.299984e+00	-3.311562e-03
7.662275855505585e-08	3.299984e+00	-3.310262e-03
7.898376816687519e-08	3.299984e+00	-3.309188e-03
8.137079403461813e-08	3.299984e+00	-3.308302e-03
8.465222247019304e-08	3.299984e+00	-3.307898e-03
8.772528570562678e-08	3.299984e+00	-3.308502e-03
9.050515470862157e-08	3.299984e+00	-3.309629e-03
9.294406787434815e-08	3.299984e+00	-3.310689e-03
9.577207770452644e-08	3.299984e+00	-3.311504e-03
9.896564218772069e-08	3.299984e+00	-3.311507e-03
1.029651556245017e-07	3.299984e+00	-3.310279e-03
1.052447218379758e-07	3.299984e+00	-3.309268e-03
1.076799035017284e-07	3.299984e+00	-3.308366e-03
1.109814109648531e-07	3.299984e+00	-3.307927e-03
1.140830395219615e-07	3.299984e+00	-3.308485e-03
1.169392617630002e-07	3.299984e+00	-3.309598e-03
1.193986403318297e-07	3.299984e+00	-3.310637e-03
1.222406107301072e-07	3.299984e+00	-3.311434e-03
1.254710938670906e-07	3.299984e+00	-3.311432e-03
1.295067711861250e-07	3.299984e+00	-3.310217e-03
1.318320450522032e-07	3.299984e+00	-3.309217e-03
1.342897196559526e-07	3.299984e+00	-3.308350e-03
1.376277174229913e-07	3.299984e+00	-3.307964e-03
1.407992495265275e-07	3.299984e+00	-3.308570e-03
1.436029946909537e-07	3.299984e+00	-3.309655e-03
1.460898306191994e-07	3.299984e+00	-3.310664e-03
1.490138073017400e-07	3.299984e+00	-3.311404e-03
1.522763296902477e-07	3.299984e+00	-3.311310e-03
1.565508394105166e-07	3.299984e+00	-3.309977e-03
1.592061355485171e-07	3.299984e+00	-3.308898e-03
1.618047124799694e-07	3.299984e+00	-3.308157e-03
1.651130716859165e-07	3.299984e+00	-3.308075e-03
1.686409775506379e-07	3.299984e+00	-3.309011e-03
1.711163811151169e-07	3.299984e+00	-3.310016e-03
1.736559197619168e-07	3.299984e+00	-3.310928e-03
1.771689340234649e-07	3.299984e+00	-3.311418e-03
1.804519003367336e-07	3.299984e+00	-3.310876e-03
1.834565286146424e-07	3.299984e+00	-3.309775e-03
1.859720693213622e-07	3.299984e+00	-3.308797e-03
1.887706246794555e-07	3.299984e+00	-3.308106e-03
1.920075557156905e-07	3.299984e+00	-3.308164e-03
1.959628574068236e-07	3.299984e+00	-3.309309e-03
1.984771894514828e-07	3.299984e+00	-3.310302e-03
2.011398432239780e-07	3.299984e+00	-3.311103e-03
2.045940970548663e-07	3.299984e+00	-3.311296e-03
2.082904001090889e-07	3.299984e+00	-3.310416e-03
2.108399038812096e-07	3.299984e+00	-3.309428e-03
2.133643655558853e-07	3.299984e+00	-3.308544e-03
2.164528765907486e-07	3.299984e+00	-3.308044e-03
2.197340631092617e-07	3.299984e+00	-3.308424e-03
2.234313156599580e-07	3.299984e+00	-3.309654e-03
2.262477867782898e-07	3.299984e+00	-3.310668e-03
2.292953897408662e-07	3.299984e+00	-3.311259e-03
2.326996838274297e-07	3.299984e+00	-3.310984e-03
2.374883464066087e-07	3.299984e+00	-3.309477e-03
2.407055931743271e-07	3.299984e+00	-3.308432e-03
2.437329169702051e-07	3.299984e+00	-3.308066e-03
2.470939473912708e-07	3.299984e+00	-3.308569e-03
2.504060834417215e-07	3.299984e+00	-3.309695e-03
2.531790331465186e-07	3.299984e+00	-3.310655e-03
2.563307033799027e-07	3.299984e+00	-3.311208e-03
2.597606955908647e-07	3.299984e+00	-3.310876e-03
2.638600286450278e-07	3.299984e+00	-3.309583e-03
2.668102006568432e-07	3.299984e+00	-3.308592e-03
2.697818458201915e-07	3.299984e+00	-3.308103e-03
2.731549842080236e-07	3.299984e+00	-3.308431e-03
2.773489992742089e-07	3.299984e+00	-3.309732e-03
2.804265084921366e-07	3.299984e+00	-3.310726e-03
2.836543955986194e-07	3.299984e+00	-3.311160e-03
2.871660564774843e-07	3.299984e+00	-3.310684e-03
2.906268914378026e-07	3.299984e+00	-3.309557e-03
2.934236881334179e-07	3.299984e+00	-3.308635e-03
2.964614591040676e-07	3.299984e+00	-3.308132e-03
2.998506508825572e-07	3.299984e+00	-3.308441e-03
3.041155135840490e-07	3.299984e+00	-3.309721e-03
3.072206315420340e-07	3.299984e+00	-3.310691e-03
3.104849809035910e-07	3.299984e+00	-3.311102e-03
3.140381326154072e-07	3.299984e+00	-3.310610e-03
3.174315943782034e-07	3.299984e+00	-3.309524e-03
3.202322253204811e-07	3.299984e+00	-3.308632e-03
3.233268668794833e-07	3.299984e+00	-3.308154e-03
3.267536077232090e-07	3.299984e+00	-3.308490e-03
3.308343524384322e-07	3.299984e+00	-3.309700e-03
3.338919998034330e-07	3.299984e+00	-3.310634e-03
3.371870205140518e-07	3.299984e+00	-3.311046e-03
3.407683058002493e-07	3.299984e+00	-3.310568e-03
3.470338105023025e-07	3.299984e+00	-3.308629e-03
3.501766706599346e-07	3.299984e+00	-3.308178e-03
3.536444845072602e-07	3.299984e+00	-3.308540e-03
3.605961266064933e-07	3.299984e+00	-3.310590e-03
3.639333919886803e-07	3.299984e+00	-3.310994e-03
3.675469196519249e-07	3.299984e+00	-3.310516e-03
3.709682426376112e-07	3.299984e+00	-3.309478e-03
3.738162905307537e-07	3.299984e+00	-3.308631e-03
3.770121973288448e-07	3.299984e+00	-3.308204e-03
3.805209304726953e-07	3.299984e+00	-3.308590e-03
3.843081725594434e-07	3.299984e+00	-3.309685e-03
3.873119028108597e-07	3.299984e+00	-3.310553e-03
3.906964858634396e-07	3.299984e+00	-3.310945e-03
3.943450601985735e-07	3.299984e+00	-3.310463e-03
3.977326601089101e-07	3.299984e+00	-3.309458e-03
4.005925158339053e-07	3.299984e+00	-3.308637e-03
4.038452948265375e-07	3.299984e+00	-3.308234e-03
4.073958755649360e-07	3.299984e+00	-3.308644e-03
4.110527722240464e-07	3.299984e+00	-3.309686e-03
4.140377437067383e-07	3.299984e+00	-3.310524e-03
4.174749211971103e-07	3.299984e+00	-3.310902e-03
4.211610855588647e-07	3.299984e+00	-3.310412e-03
4.244989581489365e-07	3.299984e+00	-3.309444e-03
4.273672391424399e-07	3.299984e+00	-3.308649e-03
4.306810068524674e-07	3.299984e+00	-3.308270e-03
4.342748576866796e-07	3.299984e+00	-3.308704e-03
4.378054322535621e-07	3.299984e+00	-3.309696e-03
4.407750037902747e-07	3.299984e+00	-3.310505e-03
4.442703603363183e-07	3.299984e+00	-3.310868e-03
4.479969045092433e-07	3.299984e+00	-3.310367e-03
4.512712197848378e-07	3.299984e+00	-3.309437e-03
4.541453256562928e-07	3.299984e+00	-3.308670e-03
4.575249431926888e-07	3.299984e+00	-3.308316e-03
4.611640598107967e-07	3.299984e+00	-3.308775e-03
4.645691227255007e-07	3.299984e+00	-3.309719e-03
4.675256562384403e-07	3.299984e+00	-3.310500e-03
4.710853529143814e-07	3.299984e+00	-3.310846e-03
4.748554810105814e-07	3.299984e+00	-3.310332e-03
4.780538782768037e-07	3.299984e+00	-3.309443e-03
4.809317843372605e-07	3.299984e+00	-3.308703e-03
4.843830565279937e-07	3.299984e+00	-3.308376e-03
4.880701625020111e-07	3.299984e+00	-3.308862e-03
4.913478142108014e-07	3.299984e+00	-3.309759e-03
4.942929390037830e-07	3.299984e+00	-3.310513e-03
4.979241074497412e-07	3.299984e+00	-3.310839e-03
5.017417158251402e-07	3.299984e+00	-3.310309e-03
5.048728156647112e-07	3.299984e+00	-3.309458e-03
5.077618591429479e-07	3.299984e+00	-3.308746e-03
5.112982508075570e-07	3.299984e+00	-3.308454e-03
5.150393757315426e-07	3.299984e+00	-3.308975e-03
5.182053500498696e-07	3.299984e+00	-3.309832e-03
5.211576509794569e-07	3.299984e+00	-3.310557e-03
5.248938064561390e-07	3.299984e+00	-3.310846e-03
5.287740347789920e-07	3.299984e+00	-3.310277e-03
5.318804666211473e-07	3.299984e+00	-3.309447e-03
5.348191078376798e-07	3.299984e+00	-3.308773e-03
5.389189507371076e-07	3.299984e+00	-3.308585e-03
5.426134797655793e-07	3.299984e+00	-3.309229e-03
5.457187188008065e-07	3.299984e+00	-3.310069e-03
5.487998623289055e-07	3.299984e+00	-3.310722e-03
5.528303542958959e-07	3.299984e+00	-3.310801e-03
5.569970708612222e-07	3.299984e+00	-3.310003e-03
5.599058811745816e-07	3.299984e+00	-3.309241e-03
5.629653350696339e-07	3.299984e+00	-3.308708e-03
5.668730402382630e-07	3.299984e+00	-3.308799e-03
5.713517519197926e-07	3.299984e+00	-3.309760e-03
5.743991814726415e-07	3.299984e+00	-3.310520e-03
5.777908347669990e-07	3.299984e+00	-3.310924e-03
5.817332747696097e-07	3.299984e+00	-3.310567e-03
5.857758156529099e-07	3.299984e+00	-3.309615e-03
5.890216969816755e-07	3.299984e+00	-3.308932e-03
5.927394439890294e-07	3.299984e+00	-3.308783e-03
5.966569798204586e-07	3.299984e+00	-3.309424e-03
5.997465205868730e-07	3.299984e+00	-3.310218e-03
6.028908230849758e-07	3.299984e+00	-3.310836e-03
6.069887068670656e-07	3.299984e+00	-3.310877e-03
6.113302452721009e-07	3.299984e+00	-3.310061e-03
6.142773911758452e-07	3.299984e+00	-3.309343e-03
6.174551430586039e-07	3.299984e+00	-3.308885e-03
6.214121689985221e-07	3.299984e+00	-3.309085e-03
6.264419306850915e-07	3.299984e+00	-3.310161e-03
6.300364555122015e-07	3.299984e+00	-3.310877e-03
6.340035435670684e-07	3.299984e+00	-3.310956e-03
6.381637886731717e-07	3.299984e+00	-3.310232e-03
6.411964310187009e-07	3.299984e+00	-3.309506e-03
6.443978512245265e-07	3.299984e+00	-3.309016e-03
6.484215717538676e-07	3.299984e+00	-3.309158e-03
6.531961820252697e-07	3.299984e+00	-3.310135e-03
6.565547630675636e-07	3.299984e+00	-3.310846e-03
6.603190742944967e-07	3.299984e+00	-3.311066e-03
6.644355901179488e-07	3.299984e+00	-3.310499e-03
6.676384706326295e-07	3.299984e+00	-3.309752e-03
6.708005503645705e-07	3.299984e+00	-3.309192e-03
6.750059521243858e-07	3.299984e+00	-3.309193e-03
6.792514684174602e-07	3.299984e+00	-3.309976e-03
6.823143858234713e-07	3.299984e+00	-3.310683e-03
6.857371185380610e-07	3.299984e+00	-3.311121e-03
6.898461164731962e-07	3.299984e+00	-3.310865e-03
6.946974226715107e-07	3.299984e+00	-3.309884e-03
6.983148457729456e-07	3.299984e+00	-3.309276e-03
7.028632633333874e-07	3.299984e+00	-3.309361e-03
7.069578403564898e-07	3.299984e+00	-3.310151e-03
7.100694803119896e-07	3.299984e+00	-3.310831e-03
7.136639891540603e-07	3.299984e+00	-3.311193e-03
7.178002594800826e-07	3.299984e+00	-3.310828e-03
7.218258305636168e-07	3.299984e+00	-3.309988e-03
7.252165991860044e-07	3.299984e+00	-3.309409e-03
7.297035473918943e-07	3.299984e+00	-3.309426e-03
7.338407725602828e-07	3.299984e+00	-3.310169e-03
7.370134448470606e-07	3.299984e+00	-3.310854e-03
7.405866592993176e-07	3.299984e+00	-3.311243e-03
7.447739417261340e-07	3.299984e+00	-3.310927e-03
7.492008159941028e-07	3.299984e+00	-3.310049e-03
7.527479923914176e-07	3.299984e+00	-3.309486e-03
7.573117408011043e-07	3.299984e+00	-3.309568e-03
7.615724493983424e-07	3.299984e+00	-3.310348e-03
7.647471044050543e-07	3.299984e+00	-3.310993e-03
7.684636794691934e-07	3.299984e+00	-3.311303e-03
7.726945122364325e-07	3.299984e+00	-3.310888e-03
7.764212715725737e-07	3.299984e+00	-3.310134e-03
7.797990104168871e-07	3.299984e+00	-3.309601e-03
7.842967531902676e-07	3.299984e+00	-3.309644e-03
7.886700205940490e-07	3.299984e+00	-3.310404e-03
7.918833157113558e-07	3.299984e+00	-3.311044e-03
7.956084773113890e-07	3.299984e+00	-3.311356e-03
7.998865815254773e-07	3.299984e+00	-3.310957e-03
8.037302030655065e-07	3.299984e+00	-3.310204e-03
8.071781665206288e-07	3.299984e+00	-3.309688e-03
8.117219541307489e-07	3.299984e+00	-3.309763e-03
8.162090978919628e-07	3.299984e+00	-3.310539e-03
8.194459855253310e-07	3.299984e+00	-3.311149e-03
8.232896126469957e-07	3.299984e+00	-3.311404e-03
8.276230389483084e-07	3.299984e+00	-3.310943e-03
8.311328909548413e-07	3.299984e+00	-3.310259e-03
8.345427719095377e-07	3.299984e+00	-3.309777e-03
8.390448067185657e-07	3.299984e+00	-3.309868e-03
8.437570767478657e-07	3.299984e+00	-3.310667e-03
8.471044158954061e-07	3.299984e+00	-3.311257e-03
8.511064219294931e-07	3.299984e+00	-3.311441e-03
8.555193430233348e-07	3.299984e+00	-3.310907e-03
8.589636375746234e-07	3.299984e+00	-3.310253e-03
8.624809049776492e-07	3.299984e+00	-3.309835e-03
8.669182825517044e-07	3.299984e+00	-3.310030e-03
8.722252999462709e-07	3.299984e+00	-3.310934e-03
8.761588242808722e-07	3.299984e+00	-3.311463e-03
8.811376323015650e-07	3.299984e+00	-3.311288e-03
8.858900784096934e-07	3.299984e+00	-3.310491e-03
8.893940272804540e-07	3.299984e+00	-3.309991e-03
8.937251409316370e-07	3.299984e+00	-3.310011e-03
8.982449787836477e-07	3.299984e+00	-3.310701e-03
9.016166443349790e-07	3.299984e+00	-3.311298e-03
9.055449355619475e-07	3.299984e+00	-3.311563e-03
9.100088058206121e-07	3.299984e+00	-3.311138e-03
9.137516495186933e-07	3.299984e+00	-3.310472e-03
9.173358599691201e-07	3.299984e+00	-3.310037e-03
9.219752510913458e-07	3.299984e+00	-3.310198e-03
9.270628195454092e-07	3.299984e+00	-3.311020e-03
9.308434082203231e-07	3.299984e+00	-3.311540e-03
9.354956712754462e-07	3.299984e+00	-3.311475e-03
9.436849592516938e-07	3.299984e+00	-3.310239e-03
9.477744094670148e-07	3.299984e+00	-3.310126e-03
9.522751822401561e-07	3.299984e+00	-3.310679e-03
9.558275467927902e-07	3.299984e+00	-3.311302e-03
9.596577071054108e-07	3.299984e+00	-3.311659e-03
9.642521271954087e-07	3.299984e+00	-3.311370e-03
9.692134807017871e-07	3.299984e+00	-3.310588e-03
9.732345696227992e-07	3.299984e+00	-3.310190e-03
9.781184952626654e-07	3.299984e+00	-3.310478e-03
9.835032242003750e-07	3.299984e+00	-3.311324e-03
9.877098442814494e-07	3.299984e+00	-3.311711e-03
9.927388974483733e-07	3.299984e+00	-3.311371e-03
9.984986638670913e-07	3.299984e+00	-3.310525e-03
1.002946437879158e-06	3.299984e+00	-3.310277e-03
1.007862581617788e-06	3.299984e+00	-3.310770e-03
1.012382919069721e-06	3.299984e+00	-3.311486e-03
1.016591171877765e-06	3.299984e+00	-3.311764e-03
1.021410028896568e-06	3.299984e+00	-3.311349e-03
1.025815513719629e-06	3.299984e+00	-3.310669e-03
1.029833542568053e-06	3.299984e+00	-3.310356e-03
1.034641984932152e-06	3.299984e+00	-3.310703e-03
1.039783725444527e-06	3.299984e+00	-3.311482e-03
1.044112436526657e-06	3.299984e+00	-3.311814e-03
1.049103174390340e-06	3.299984e+00	-3.311437e-03
1.054171086384307e-06	3.299984e+00	-3.310704e-03
1.058452682074828e-06	3.299984e+00	-3.310443e-03
1.063382771105065e-06	3.299984e+00	-3.310873e-03
1.068083671136531e-06	3.299984e+00	-3.311579e-03
1.072379914828553e-06	3.299984e+00	-3.311862e-03
1.077325287225823e-06	3.299984e+00	-3.311461e-03
1.081944942018071e-06	3.299984e+00	-3.310794e-03
1.086125120769992e-06	3.299984e+00	-3.310524e-03
1.091041264384034e-06	3.299984e+00	-3.310915e-03
1.095863328207701e-06	3.299984e+00	-3.311618e-03
1.100202454374658e-06	3.299984e+00	-3.311909e-03
1.105222443446031e-06	3.299984e+00	-3.311522e-03
1.110016224577514e-06	3.299984e+00	-3.310855e-03
1.114299365426296e-06	3.299984e+00	-3.310607e-03
1.119281998561923e-06	3.299984e+00	-3.311022e-03
1.123960155267975e-06	3.299984e+00	-3.311689e-03
1.128324995790016e-06	3.299984e+00	-3.311954e-03
1.133360691910496e-06	3.299984e+00	-3.311554e-03
1.137958220582549e-06	3.299984e+00	-3.310926e-03
1.142231784842605e-06	3.299984e+00	-3.310687e-03
1.147229684886410e-06	3.299984e+00	-3.311095e-03
1.151864386393578e-06	3.299984e+00	-3.311740e-03
1.156249986398819e-06	3.299984e+00	-3.311999e-03
1.161327713601628e-06	3.299984e+00	-3.311604e-03
1.165945636389081e-06	3.299984e+00	-3.310992e-03
1.170272900758648e-06	3.299984e+00	-3.310766e-03
1.175319263620266e-06	3.299984e+00	-3.311181e-03
1.179892692265398e-06	3.299984e+00	-3.311801e-03
1.184318213623337e-06	3.299984e+00	-3.312042e-03
1.189430081934231e-06	3.299984e+00	-3.311640e-03
1.193941121602750e-06	3.299984e+00	-3.311056e-03
1.198292787723933e-06	3.299984e+00	-3.310844e-03
1.203367008418542e-06	3.299984e+00	-3.311259e-03
1.207857848728838e-06	3.299984e+00	-3.311854e-03
1.212306952222997e-06	3.299984e+00	-3.312085e-03
1.217452695550861e-06	3.299984e+00	-3.311684e-03
1.221922207619881e-06	3.299984e+00	-3.311120e-03
1.226312961524300e-06	3.299984e+00	-3.310920e-03
1.231427373652588e-06	3.299984e+00	-3.311337e-03
1.235865681991412e-06	3.299984e+00	-3.311910e-03
1.240355482724350e-06	3.299984e+00	-3.312126e-03
1.245539345003715e-06	3.299984e+00	-3.311721e-03
1.249935416954080e-06	3.299984e+00	-3.311181e-03
1.254364313062913e-06	3.299984e+00	-3.310994e-03
1.259513176149581e-06	3.299984e+00	-3.311416e-03
1.263869019749386e-06	3.299984e+00	-3.311963e-03
1.268391860795275e-06	3.299984e+00	-3.312167e-03
1.273609963395085e-06	3.299984e+00	-3.311760e-03
1.277939227024734e-06	3.299984e+00	-3.311242e-03
1.282406750056840e-06	3.299984e+00	-3.311067e-03
1.287592637795974e-06	3.299984e+00	-3.311490e-03
1.291884819053891e-06	3.299984e+00	-3.312015e-03
1.296448562719383e-06	3.299984e+00	-3.312206e-03
1.301704718166836e-06	3.299984e+00	-3.311796e-03
1.305967242552692e-06	3.299984e+00	-3.311301e-03
1.310478866882750e-06	3.299984e+00	-3.311139e-03
1.315702228263344e-06	3.299984e+00	-3.311565e-03
1.319922072504708e-06	3.299984e+00	-3.312066e-03
1.324530154661780e-06	3.299984e+00	-3.312244e-03
1.329823628933796e-06	3.299984e+00	-3.311831e-03
1.334063353457340e-06	3.299984e+00	-3.311354e-03
1.338648469901688e-06	3.299984e+00	-3.311211e-03
1.343915067432069e-06	3.299984e+00	-3.311647e-03
1.348161498256627e-06	3.299984e+00	-3.312131e-03
1.352898539562486e-06	3.299984e+00	-3.312274e-03
1.358245031015615e-06	3.299984e+00	-3.311837e-03
1.362494721722355e-06	3.299984e+00	-3.311385e-03
1.367258689109053e-06	3.299984e+00	-3.311297e-03
1.372579503473562e-06	3.299984e+00	-3.311771e-03
1.376821415133032e-06	3.299984e+00	-3.312219e-03
1.381826554474983e-06	3.299984e+00	-3.312281e-03
1.387259323208311e-06	3.299984e+00	-3.311789e-03
1.391502886724078e-06	3.299984e+00	-3.311391e-03
1.396698897002917e-06	3.299984e+00	-3.311427e-03
1.402170992250772e-06	3.299984e+00	-3.311974e-03
1.406445295152547e-06	3.299984e+00	-3.312336e-03
1.412823209627976e-06	3.299984e+00	-3.312150e-03
1.418606045999085e-06	3.299984e+00	-3.311575e-03
1.423420224932096e-06	3.299984e+00	-3.311398e-03
1.429336229373950e-06	3.299984e+00	-3.311834e-03
1.434305397660890e-06	3.299984e+00	-3.312317e-03
1.439589744614631e-06	3.299984e+00	-3.312336e-03
1.445277537456495e-06	3.299984e+00	-3.311822e-03
1.449624296054262e-06	3.299984e+00	-3.311480e-03
1.455370351990243e-06	3.299984e+00	-3.311636e-03
1.461222882108248e-06	3.299984e+00	-3.312214e-03
1.466081493786536e-06	3.299984e+00	-3.312444e-03
1.472159745601957e-06	3.299984e+00	-3.312068e-03
1.477621625417771e-06	3.299984e+00	-3.311584e-03
1.483036489229131e-06	3.299984e+00	-3.311603e-03
1.488818989004636e-06	3.299984e+00	-3.312133e-03
1.493284049045236e-06	3.299984e+00	-3.312461e-03
1.499885681078607e-06	3.299984e+00	-3.312233e-03
1.506076663643645e-06	3.299984e+00	-3.311684e-03
1.511384860753136e-06	3.299984e+00	-3.311617e-03
1.517421342165620e-06	3.299984e+00	-3.312116e-03
1.521946633934007e-06	3.299984e+00	-3.312478e-03
1.527758013842303e-06	3.299984e+00	-3.312365e-03
1.533757994982409e-06	3.299984e+00	-3.311832e-03
1.538650900348821e-06	3.299984e+00	-3.311630e-03
1.544892911085158e-06	3.299984e+00	-3.312015e-03
1.550490412944734e-06	3.299984e+00	-3.312487e-03
1.556235266192376e-06	3.299984e+00	-3.312445e-03
1.562292254307919e-06	3.299984e+00	-3.311931e-03
1.566928885812227e-06	3.299984e+00	-3.311684e-03
1.573548341429721e-06	3.299984e+00	-3.312009e-03
1.580658597918311e-06	3.299984e+00	-3.312546e-03
1.587227606605338e-06	3.299984e+00	-3.312405e-03
1.593645728462653e-06	3.299984e+00	-3.311874e-03
1.598627767676733e-06	3.299984e+00	-3.311755e-03
1.605149735891251e-06	3.299984e+00	-3.312206e-03
1.610158476172987e-06	3.299984e+00	-3.312582e-03
1.616161286947417e-06	3.299984e+00	-3.312466e-03
1.622379082523550e-06	3.299984e+00	-3.311956e-03
1.627477613376921e-06	3.299984e+00	-3.311797e-03
1.633904535624315e-06	3.299984e+00	-3.312205e-03
1.639271366047231e-06	3.299984e+00	-3.312607e-03
1.645314874714372e-06	3.299984e+00	-3.312509e-03
1.651596192389357e-06	3.299984e+00	-3.312008e-03
1.656649999628002e-06	3.299984e+00	-3.311845e-03
1.663222504602748e-06	3.299984e+00	-3.312242e-03
1.668753031528804e-06	3.299984e+00	-3.312641e-03
1.674931037999474e-06	3.299984e+00	-3.312528e-03
1.681324809377835e-06	3.299984e+00	-3.312032e-03
1.686544195010673e-06	3.299984e+00	-3.311900e-03
1.693134430867577e-06	3.299984e+00	-3.312319e-03
1.698416091417554e-06	3.299984e+00	-3.312678e-03
1.704744126527054e-06	3.299984e+00	-3.312536e-03
1.711241938178598e-06	3.299984e+00	-3.312049e-03
1.716750194700879e-06	3.299984e+00	-3.311964e-03
1.723307236621235e-06	3.299984e+00	-3.312407e-03
1.728275883753410e-06	3.299984e+00	-3.312715e-03
1.734891269968582e-06	3.299984e+00	-3.312526e-03
1.741594345258364e-06	3.299984e+00	-3.312052e-03
1.747545221801463e-06	3.299984e+00	-3.312050e-03
1.754116769467773e-06	3.299984e+00	-3.312524e-03
1.759209142117506e-06	3.299984e+00	-3.312756e-03
1.766390961071835e-06	3.299984e+00	-3.312438e-03
1.773127159099144e-06	3.299984e+00	-3.312035e-03
1.780527047388965e-06	3.299984e+00	-3.312252e-03
1.787298958805297e-06	3.299984e+00	-3.312718e-03
1.793330332688674e-06	3.299984e+00	-3.312694e-03
1.800214374932375e-06	3.299984e+00	-3.312226e-03
1.805451826386781e-06	3.299984e+00	-3.312061e-03
1.812619244112030e-06	3.299984e+00	-3.312438e-03
1.818697099551492e-06	3.299984e+00	-3.312789e-03
1.826245082840424e-06	3.299984e+00	-3.312560e-03
1.833199604399157e-06	3.299984e+00	-3.312130e-03
1.839638057867264e-06	3.299984e+00	-3.312228e-03
1.846585223871294e-06	3.299984e+00	-3.312701e-03
1.852151681814253e-06	3.299984e+00	-3.312798e-03
1.859306370320281e-06	3.299984e+00	-3.312386e-03
1.864661311832789e-06	3.299984e+00	-3.312131e-03
1.872401590027935e-06	3.299984e+00	-3.312421e-03
1.879811677768989e-06	3.299984e+00	-3.312826e-03
1.887685432399631e-06	3.299984e+00	-3.312595e-03
1.894961043096350e-06	3.299984e+00	-3.312184e-03
1.901698566738279e-06	3.299984e+00	-3.312323e-03
1.908939775036188e-06	3.299984e+00	-3.312778e-03
1.915037106305301e-06	3.299984e+00	-3.312792e-03
1.922258551919783e-06	3.299984e+00	-3.312356e-03
1.927750071003663e-06	3.299984e+00	-3.312192e-03
1.935290347686628e-06	3.299984e+00	-3.312555e-03
1.941703023705995e-06	3.299984e+00	-3.312863e-03
1.949513171584337e-06	3.299984e+00	-3.312599e-03
1.957135810245916e-06	3.299984e+00	-3.312224e-03
1.964626339859404e-06	3.299984e+00	-3.312449e-03
1.972261622111788e-06	3.299984e+00	-3.312858e-03
1.979351408877215e-06	3.299984e+00	-3.312710e-03
1.986890941229908e-06	3.299984e+00	-3.312288e-03
1.993435810700430e-06	3.299984e+00	-3.312344e-03
2.000809748057874e-06	3.299984e+00	-3.312781e-03
2.006724205390661e-06	3.299984e+00	-3.312864e-03
2.014284807567454e-06	3.299984e+00	-3.312467e-03
2.019960929177808e-06	3.299984e+00	-3.312265e-03
2.027999458664899e-06	3.299984e+00	-3.312588e-03
2.035337789219027e-06	3.299984e+00	-3.312899e-03
2.043346090324957e-06	3.299984e+00	-3.312620e-03
2.051564927737834e-06	3.299984e+00	-3.312289e-03
2.068543940683025e-06	3.299984e+00	-3.312910e-03
2.077452787687192e-06	3.299984e+00	-3.312567e-03
2.086356032369290e-06	3.299984e+00	-3.312320e-03
2.094789318637133e-06	3.299984e+00	-3.312703e-03
2.102333198445178e-06	3.299984e+00	-3.312913e-03
2.110965086596071e-06	3.299984e+00	-3.312540e-03
2.118243121022038e-06	3.299984e+00	-3.312337e-03
2.126696191378161e-06	3.299984e+00	-3.312701e-03
2.134046700325270e-06	3.299984e+00	-3.312925e-03
2.142470449602521e-06	3.299984e+00	-3.312582e-03
2.150004929045342e-06	3.299984e+00	-3.312352e-03
2.158477667274979e-06	3.299984e+00	-3.312694e-03
2.166208759067159e-06	3.299984e+00	-3.312931e-03
2.174769374729589e-06	3.299984e+00	-3.312592e-03
2.182542252237355e-06	3.299984e+00	-3.312369e-03
2.191168127763481e-06	3.299984e+00	-3.312717e-03
2.198901295134349e-06	3.299984e+00	-3.312931e-03
2.207569121722493e-06	3.299984e+00	-3.312582e-03
2.215188140834303e-06	3.299984e+00	-3.312383e-03
2.223858426398348e-06	3.299984e+00	-3.312735e-03
2.231423152651040e-06	3.299984e+00	-3.312928e-03
2.240108029553838e-06	3.299984e+00	-3.312578e-03
2.247615694381594e-06	3.299984e+00	-3.312391e-03
2.256305096893875e-06	3.299984e+00	-3.312739e-03
2.263827592745102e-06	3.299984e+00	-3.312922e-03
2.272550090743040e-06	3.299984e+00	-3.312575e-03
2.280052931464271e-06	3.299984e+00	-3.312397e-03
2.288795287591995e-06	3.299984e+00	-3.312741e-03
2.296317706551680e-06	3.299984e+00	-3.312912e-03
2.305101453087357e-06	3.299984e+00	-3.312565e-03
2.312586858403386e-06	3.299984e+00	-3.312400e-03
2.321389053276803e-06	3.299984e+00	-3.312744e-03
2.328878193747069e-06	3.299984e+00	-3.312901e-03
2.337719439958666e-06	3.299984e+00	-3.312553e-03
2.345159579030221e-06	3.299984e+00	-3.312402e-03
2.354014562989836e-06	3.299984e+00	-3.312745e-03
2.361458791384294e-06	3.299984e+00	-3.312888e-03
2.370353174206466e-06	3.299984e+00	-3.312541e-03
2.377750202084593e-06	3.299984e+00	-3.312403e-03
2.386657693052702e-06	3.299984e+00	-3.312746e-03
2.394065007651393e-06	3.299984e+00	-3.312874e-03
2.403015093976563e-06	3.299984e+00	-3.312528e-03
2.410376839843241e-06	3.299984e+00	-3.312404e-03
2.419340425510240e-06	3.299984e+00	-3.312746e-03
2.426715734233446e-06	3.299984e+00	-3.312860e-03
2.435725054488484e-06	3.299984e+00	-3.312514e-03
2.443053653376263e-06	3.299984e+00	-3.312406e-03
2.452076193690744e-06	3.299984e+00	-3.312746e-03
2.459420423634811e-06	3.299984e+00	-3.312845e-03
2.468491639383350e-06	3.299984e+00	-3.312500e-03
2.475792908138136e-06	3.299984e+00	-3.312408e-03
2.484874218124824e-06	3.299984e+00	-3.312747e-03
2.492188658009233e-06	3.299984e+00	-3.312829e-03
2.501324455698784e-06	3.299984e+00	-3.312486e-03
2.508609897123967e-06	3.299984e+00	-3.312411e-03
2.517748267514564e-06	3.299984e+00	-3.312749e-03
2.525037445710722e-06	3.299984e+00	-3.312813e-03
2.534240697214465e-06	3.299984e+00	-3.312471e-03
2.541519722958701e-06	3.299984e+00	-3.312415e-03
2.550717504029229e-06	3.299984e+00	-3.312752e-03
2.558036005552404e-06	3.299984e+00	-3.312794e-03
2.567288215574893e-06	3.299984e+00	-3.312454e-03
2.574700242077903e-06	3.299984e+00	-3.312424e-03
2.583895999805624e-06	3.299984e+00	-3.312758e-03
2.591411294272666e-06	3.299984e+00	-3.312768e-03
2.600638858071295e-06	3.299984e+00	-3.312433e-03
2.608308168879473e-06	3.299984e+00	-3.312443e-03
2.617473216834915e-06	3.299984e+00	-3.312770e-03
2.625330109995782e-06	3.299984e+00	-3.312729e-03
2.634546612205555e-06	3.299984e+00	-3.312406e-03
2.642720153079674e-06	3.299984e+00	-3.312484e-03
2.651951862904543e-06	3.299984e+00	-3.312788e-03
2.660670903605630e-06	3.299984e+00	-3.312651e-03
2.670090151050939e-06	3.299984e+00	-3.312376e-03
2.679892734205159e-06	3.299984e+00	-3.312594e-03
2.689881931150525e-06	3.299984e+00	-3.312785e-03
2.701003139544796e-06	3.299984e+00	-3.312466e-03
2.710559499274697e-06	3.299984e+00	-3.312427e-03
2.721060936061464e-06	3.299984e+00	-3.312753e-03
2.729763741486323e-06	3.299984e+00	-3.312671e-03
2.739898839480222e-06	3.299984e+00	-3.312376e-03
2.749510417618491e-06	3.299984e+00	-3.312557e-03
2.759607240690310e-06	3.299984e+00	-3.312772e-03
2.772003271451089e-06	3.299984e+00	-3.312461e-03
2.782593856815851e-06	3.299984e+00	-3.312433e-03
2.793644517073502e-06	3.299984e+00	-3.312749e-03
2.803064994210661e-06	3.299984e+00	-3.312617e-03
2.813667512085237e-06	3.299984e+00	-3.312365e-03
2.824903382240085e-06	3.299984e+00	-3.312626e-03
2.836138101156641e-06	3.299984e+00	-3.312715e-03
2.847304894824624e-06	3.299984e+00	-3.312396e-03
2.856744838532143e-06	3.299984e+00	-3.312476e-03
2.867573284537731e-06	3.299984e+00	-3.312748e-03
2.878177323217964e-06	3.299984e+00	-3.312529e-03
2.889054984427815e-06	3.299984e+00	-3.312379e-03
2.901117565271415e-06	3.299984e+00	-3.312691e-03
2.911192977515118e-06	3.299984e+00	-3.312646e-03
2.922442254724754e-06	3.299984e+00	-3.312364e-03
2.932980151258608e-06	3.299984e+00	-3.312560e-03
2.944029712752689e-06	3.299984e+00	-3.312720e-03
2.956758816030575e-06	3.299984e+00	-3.312408e-03
2.967330148536379e-06	3.299984e+00	-3.312458e-03
2.978899326191216e-06	3.299984e+00	-3.312725e-03
2.990042690809524e-06	3.299984e+00	-3.312505e-03
3.001523792659580e-06	3.299984e+00	-3.312383e-03
3.014015062494660e-06	3.299984e+00	-3.312688e-03
3.024440373869814e-06	3.299984e+00	-3.312599e-03
3.036119015505968e-06	3.299984e+00	-3.312355e-03
3.048300050230538e-06	3.299984e+00	-3.312607e-03
3.060427798352541e-06	3.299984e+00	-3.312655e-03
3.072546548564024e-06	3.299984e+00	-3.312365e-03
3.083221876496177e-06	3.299984e+00	-3.312517e-03
3.095005195207104e-06	3.299984e+00	-3.312698e-03
3.109750908186728e-06	3.299984e+00	-3.312394e-03
3.121836467720361e-06	3.299984e+00	-3.312473e-03
3.134539413982677e-06	3.299984e+00	-3.312698e-03
3.148291915314168e-06	3.299984e+00	-3.312421e-03
3.161664797812203e-06	3.299984e+00	-3.312449e-03
3.174226038387644e-06	3.299984e+00	-3.312693e-03
3.186922800891022e-06	3.299984e+00	-3.312450e-03
3.199815923813552e-06	3.299984e+00	-3.312411e-03
3.212593175685338e-06	3.299984e+00	-3.312682e-03
3.224222126820380e-06	3.299984e+00	-3.312497e-03
3.236724069477883e-06	3.299984e+00	-3.312373e-03
3.250884133270961e-06	3.299984e+00	-3.312662e-03
3.262696961641672e-06	3.299984e+00	-3.312533e-03
3.275599454021323e-06	3.299984e+00	-3.312357e-03
3.291777275174729e-06	3.299984e+00	-3.312649e-03
3.305009347114379e-06	3.299984e+00	-3.312528e-03
3.318812993005113e-06	3.299984e+00	-3.312359e-03
3.336564096444405e-06	3.299984e+00	-3.312655e-03
3.350703031718924e-06	3.299984e+00	-3.312492e-03
3.365396578867498e-06	3.299984e+00	-3.312378e-03
3.384788918975402e-06	3.299984e+00	-3.312663e-03
3.399967221535670e-06	3.299984e+00	-3.312431e-03
3.415931964838460e-06	3.299984e+00	-3.312430e-03
3.432602670759032e-06	3.299984e+00	-3.312656e-03
3.449075350397432e-06	3.299984e+00	-3.312379e-03
3.465450536738411e-06	3.299984e+00	-3.312491e-03
3.480347187174962e-06	3.299984e+00	-3.312633e-03
3.501159000119740e-06	3.299984e+00	-3.312343e-03
3.517243230995879e-06	3.299984e+00	-3.312560e-03
3.533856440016835e-06	3.299984e+00	-3.312564e-03
3.552189573639808e-06	3.299984e+00	-3.312344e-03
3.570290613503613e-06	3.299984e+00	-3.312622e-03
3.602713974786980e-06	3.299984e+00	-3.312376e-03
3.624299625368273e-06	3.299984e+00	-3.312640e-03
3.641690840450122e-06	3.299984e+00	-3.312387e-03
3.659725203828082e-06	3.299984e+00	-3.312469e-03
3.677291687949774e-06	3.299984e+00	-3.312610e-03
3.700965893996441e-06	3.299984e+00	-3.312334e-03
3.719584957492744e-06	3.299984e+00	-3.312578e-03
3.738641903075110e-06	3.299984e+00	-3.312497e-03
3.757856285341213e-06	3.299984e+00	-3.312364e-03
3.784447566054343e-06	3.299984e+00	-3.312627e-03
3.805386549632383e-06	3.299984e+00	-3.312361e-03
3.826716230841525e-06	3.299984e+00	-3.312506e-03
3.847061195890143e-06	3.299984e+00	-3.312553e-03
3.872540383771496e-06	3.299984e+00	-3.312340e-03
3.896018039989157e-06	3.299984e+00	-3.312614e-03
3.916691153849573e-06	3.299984e+00	-3.312394e-03
3.937714352017722e-06	3.299984e+00	-3.312448e-03
3.958960908340399e-06	3.299984e+00	-3.312582e-03
3.987876434710904e-06	3.299984e+00	-3.312327e-03
4.011008885772921e-06	3.299984e+00	-3.312592e-03
4.034457667063643e-06	3.299984e+00	-3.312414e-03
4.056451711710032e-06	3.299984e+00	-3.312421e-03
4.081730646554416e-06	3.299984e+00	-3.312580e-03
4.110854551595119e-06	3.299984e+00	-3.312323e-03
4.135162363700788e-06	3.299984e+00	-3.312583e-03
4.159747345039230e-06	3.299984e+00	-3.312408e-03
4.182572925689777e-06	3.299984e+00	-3.312421e-03
4.209250828883138e-06	3.299984e+00	-3.312567e-03
4.241456030187693e-06	3.299984e+00	-3.312322e-03
4.268401088573764e-06	3.299984e+00	-3.312587e-03
4.295584067861654e-06	3.299984e+00	-3.312375e-03
4.320361832408719e-06	3.299984e+00	-3.312454e-03
4.347043135989265e-06	3.299984e+00	-3.312531e-03
4.387421314922667e-06	3.299984e+00	-3.312338e-03
4.422987686017759e-06	3.299984e+00	-3.312587e-03
4.458783058955975e-06	3.299984e+00	-3.312319e-03
4.491078394803674e-06	3.299984e+00	-3.312545e-03
4.552909153376191e-06	3.299984e+00	-3.312414e-03
4.590608789568268e-06	3.299984e+00	-3.312529e-03
4.640450638942509e-06	3.299984e+00	-3.312330e-03
4.688599230756170e-06	3.299984e+00	-3.312573e-03
4.732922655143847e-06	3.299984e+00	-3.312306e-03
4.775601410427438e-06	3.299984e+00	-3.312559e-03
4.814050581946966e-06	3.299984e+00	-3.312352e-03
4.890498136438516e-06	3.299984e+00	-3.312455e-03
4.937818952693043e-06	3.299984e+00	-3.312371e-03
5.014759489345139e-06	3.299984e+00	-3.312516e-03
5.229832850488308e-06	3.299984e+00	-3.312293e-03
5.288813845431742e-06	3.299984e+00	-3.312555e-03
5.340429230476339e-06	3.299984e+00	-3.312296e-03
5.386664277928468e-06	3.299984e+00	-3.312519e-03
5.433505822838977e-06	3.299984e+00	-3.312353e-03
5.527725332591441e-06	3.299984e+00	-3.312437e-03
5.593192072073905e-06	3.299984e+00	-3.312359e-03
5.696558339191502e-06	3.299984e+00	-3.312481e-03
5.859109306563418e-06	3.299984e+00	-3.312448e-03
6.021660273935333e-06	3.299984e+00	-3.312420e-03
6.184211241307249e-06	3.299984e+00	-3.312398e-03
6.346762208679165e-06	3.299984e+00	-3.312381e-03
6.509313176051080e-06	3.299984e+00	-3.312369e-03
6.671864143422996e-06	3.299984e+00	-3.312363e-03
6.834415110794911e-06	3.299984e+00	-3.312362e-03
6.920393553478166e-06	3.299984e+00	-3.312365e-03
7.039413468119588e-06	3.299984e+00	-3.312398e-03
7.277453297402432e-06	3.299984e+00	-3.312330e-03
8.286649885725099e-06	3.299984e+00	-3.312398e-03
8.745339611059269e-06	3.299984e+00	-3.312282e-03
9.298331455196024e-06	3.299984e+00	-3.312403e-03
9.976758675317022e-06	3.299984e+00	-3.312310e-03
1.082393684945608e-05	3.299984e+00	-3.312580e-03
1.193752257091898e-05	3.299984e+00	-3.313038e-03
1.347196534234054e-05	3.299984e+00	-3.315156e-03
1.552934389723148e-05	3.299984e+00	-3.318919e-03
1.694274554162519e-05	3.299984e+00	-3.321793e-03
1.862553094595122e-05	3.299984e+00	-3.324647e-03
2.066728816058614e-05	3.299984e+00	-3.327856e-03
2.363577613504954e-05	3.299984e+00	-3.331006e-03
2.598096903610014e-05	3.299984e+00	-3.332772e-03
2.807701528902458e-05	3.299984e+00	-3.332997e-03
3.037299705545574e-05	3.299984e+00	-3.333108e-03
4.999675064777045e-05	3.299985e+00	-3.332016e-03
6.962050424008517e-05	3.299986e+00	-3.330986e-03
8.924425783239988e-05	3.299987e+00	-3.330018e-03
1.088680114247146e-04	3.299987e+00	-3.329113e-03
1.284917650170293e-04	3.299988e+00	-3.328269e-03
1.481155186093440e-04	3.299988e+00	-3.327487e-03
1.677392722016587e-04	3.299988e+00	-3.326768e-03
2.992156187683083e-04	3.299989e+00	-3.322158e-03
5.500123534422673e-04	3.299990e+00	-3.316699e-03
8.586138446737677e-04	3.299991e+00	-3.312804e-03
1.227684578791626e-03	3.299991e+00	-3.310740e-03
1.668783935743355e-03	3.299991e+00	-3.309970e-03
2.275432302835492e-03	3.299991e+00	-3.323665e-03
3.132860604472053e-03	3.299991e+00	-3.576737e-03
4.132860604472053e-03	3.299986e+00	-5.355039e-03
5.132860604472053e-03	3.299974e+00	-9.924111e-03
6.132860604472053e-03	3.299957e+00	-1.636565e-02
7.132860604472053e-03	3.299941e+00	-2.268273e-02
8.132860604472053e-03	3.299927e+00	-2.767490e-02
9.132860604472054e-03	3.299918e+00	-3.114795e-02
1.000000000000000e-02	3.299913e+00	-3.314001e-02
1.000000000100000e-02	3.299913e+00	-3.314001e-02
1.000000000200000e-02	3.299913e+00	-3.314028e-02
1.000000000286331e-02	3.299913e+00	-3.314028e-02
1.000000000867533e-02	3.299913e+00	-3.314028e-02
1.000000001448735e-02	3.299913e+00	-3.314028e-02
1.000000002029937e-02	3.299913e+00	-3.314028e-02
1.000000002611139e-02	3.299913e+00	-3.314028e-02
1.000000003192341e-02	3.299913e+00	-3.314028e-02
1.000000003773543e-02	3.299913e+00	-3.314029e-02
1.000000004354745e-02	3.299913e+00	-3.314029e-02
1.000000008120876e-02	3.299913e+00	-3.314029e-02
1.000000015653136e-02	3.299913e+00	-3.314031e-02
1.000000030717658e-02	3.299913e+00	-3.314039e-02
1.000000037594193e-02	3.299913e+00	-3.314066e-02
1.000000042366839e-02	3.299913e+00	-3.314075e-02
1.000000044464988e-02	3.299913e+00	-3.314077e-02
1.000000047155733e-02	3.299913e+00	-3.314077e-02
1.000000050120701e-02	3.299913e+00	-3.314078e-02
1.000000055842166e-02	3.299913e+00	-3.314078e-02
1.000000121940971e-02	3.299913e+00	-3.314079e-02
1.000000188039775e-02	3.299913e+00	-3.314082e-02
1.000000254138580e-02	3.299913e+00	-3.314088e-02
1.000000320237384e-02	3.299913e+00	-3.314096e-02
1.000000386336189e-02	3.299913e+00	-3.314106e-02
1.000000452434993e-02	3.299913e+00	-3.314119e-02
1.000000518533798e-02	3.299913e+00	-3.314133e-02
1.000000830182002e-02	3.299913e+00	-3.314218e-02
1.000001453478411e-02	3.299913e+00	-3.314365e-02
1.000002700071230e-02	3.299913e+00	-3.314384e-02
1.000005193256866e-02	3.299913e+00	-3.314539e-02
1.000008968340778e-02	3.299913e+00	-3.314998e-02
1.000014941776829e-02	3.299913e+00	-3.315376e-02
1.000021462091611e-02	3.299913e+00	-3.316166e-02
1.000027225601840e-02	3.299913e+00	-3.316556e-02
1.000032347615149e-02	3.299913e+00	-3.317214e-02
1.000037101994186e-02	3.299913e+00	-3.317567e-02
1.000041580528799e-02	3.299913e+00	-3.318078e-02
1.000045844890797e-02	3.299913e+00	-3.318491e-02
1.000049967985881e-02	3.299913e+00	-3.318838e-02
1.000054328463263e-02	3.299913e+00	-3.319369e-02
1.000058363745844e-02	3.299913e+00	-3.319608e-02
1.000062433787564e-02	3.299913e+00	-3.320154e-02
1.000066324997606e-02	3.299913e+00	-3.320366e-02
1.000070312907882e-02	3.299913e+00	-3.320847e-02
1.000074217139765e-02	3.299913e+00	-3.321141e-02
1.000078099867667e-02	3.299913e+00	-3.321484e-02
1.000082041221336e-02	3.299913e+00	-3.321898e-02
1.000085834491606e-02	3.299913e+00	-3.322109e-02
1.000090153338653e-02	3.299913e+00	-3.322626e-02
1.000094353341598e-02	3.299913e+00	-3.322826e-02
1.000098953668813e-02	3.299913e+00	-3.323342e-02
1.000103593999904e-02	3.299913e+00	-3.323613e-02
1.000108810126694e-02	3.299913e+00	-3.324090e-02
1.000114355045859e-02	3.299913e+00	-3.324501e-02
1.000120801586168e-02	3.299913e+00	-3.324967e-02
1.000128056403634e-02	3.299913e+00	-3.325557e-02
1.000136930575247e-02	3.299913e+00	-3.326106e-02
1.000147655747974e-02	3.299913e+00	-3.326944e-02
1.000161719993027e-02	3.299913e+00	-3.327744e-02
1.000180211950479e-02	3.299913e+00	-3.328994e-02
1.000206603738296e-02	3.299913e+00	-3.330307e-02
1.000234235340282e-02	3.299913e+00	-3.331744e-02
1.000265907860941e-02	3.299913e+00	-3.332819e-02
1.000294981005487e-02	3.299913e+00	-3.333792e-02
1.000333867576296e-02	3.299912e+00	-3.334303e-02
1.000375934379485e-02	3.299912e+00	-3.334536e-02
1.000430395450499e-02	3.299912e+00	-3.333560e-02
1.000490252523901e-02	3.299912e+00	-3.331610e-02
1.000585796912311e-02	3.299915e+00	-3.251701e-02
1.000702583529465e-02	3.299925e+00	-2.864285e-02
1.000814589295408e-02	3.299941e+00	-2.243188e-02
1.000880753111123e-02	3.299951e+00	-1.855664e-02
1.000964957481902e-02	3.299963e+00	-1.419122e-02
1.001059775678483e-02	3.299973e+00	-1.039852e-02
1.001183839997877e-02	3.299981e+00	-7.152902e-03
1.001262617177056e-02	3.299984e+00	-5.866983e-03
1.001334367122748e-02	3.299987e+00	-5.060434e-03
1.001415949408890e-02	3.299988e+00	-4.445842e-03
1.001499709253008e-02	3.299989e+00	-4.037213e-03
1.001581114495481e-02	3.299990e+00	-3.786100e-03
1.001684713901611e-02	3.299990e+00	-3.590613e-03
1.001794947062141e-02	3.299991e+00	-3.477836e-03
1.001949525909208e-02	3.299991e+00	-3.398858e-03
1.002129885866581e-02	3.299991e+00	-3.364350e-03
1.002419374621452e-02	3.299991e+00	-3.345960e-03
1.002727579039871e-02	3.299991e+00	-3.343138e-03
1.003014740294139e-02	3.299991e+00	-3.340201e-03
1.003323405042603e-02	3.299991e+00	-3.340447e-03
1.003609950764038e-02	3.299991e+00	-3.338069e-03
1.003914249344364e-02	3.299991e+00	-3.338475e-03
1.004207308057235e-02	3.299991e+00	-3.334999e-03
1.004519183982915e-02	3.299991e+00	-3.332012e-03
1.004827250098270e-02	3.299991e+00	-3.325063e-03
1.005155144235167e-02	3.299991e+00	-3.320270e-03
1.005502842197302e-02	3.299991e+00	-3.313050e-03
1.005926886082081e-02	3.299991e+00	-3.309029e-03
1.006227546188759e-02	3.299991e+00	-3.305048e-03
1.006484200688704e-02	3.299991e+00	-3.304813e-03
1.006751234590169e-02	3.299991e+00	-3.302267e-03
1.007043919509366e-02	3.299991e+00	-3.302733e-03
1.007312488086912e-02	3.299991e+00	-3.300827e-03
1.007579615993582e-02	3.299991e+00	-3.301808e-03
1.007833326969496e-02	3.299991e+00	-3.300212e-03
1.008092913185245e-02	3.299991e+00	-3.301388e-03
1.008345771702559e-02	3.299991e+00	-3.299922e-03
1.008602749029045e-02	3.299991e+00	-3.301183e-03
1.008854572872438e-02	3.299991e+00	-3.299780e-03
1.009109654144750e-02	3.299991e+00	-3.301077e-03
1.009361133907253e-02	3.299991e+00	-3.299706e-03
1.009615472863377e-02	3.299991e+00	-3.301017e-03
1.009872734358455e-02	3.299991e+00	-3.299663e-03
1.010187123934818e-02	3.299991e+00	-3.300975e-03
1.010539273602990e-02	3.299991e+00	-3.299628e-03
1.010991847642335e-02	3.299991e+00	-3.300937e-03
1.011537297890223e-02	3.299991e+00	-3.299593e-03
1.012295233704471e-02	3.299991e+00	-3.300897e-03
1.013362385120605e-02	3.299991e+00	-3.299547e-03
1.015154820393740e-02	3.299991e+00	-3.300836e-03
1.018655008574727e-02	3.299991e+00	-3.299464e-03
1.023194863349143e-02	3.299990e+00	-3.300750e-03
1.027888339531958e-02	3.299990e+00	-3.299406e-03
1.032538620059324e-02	3.299990e+00	-3.300715e-03
1.039050775958820e-02	3.299990e+00	-3.299381e-03
1.049452365806732e-02	3.299989e+00	-3.300694e-03
1.064030580277858e-02	3.299988e+00	-3.299364e-03
1.084896430870917e-02	3.299985e+00	-3.300679e-03
1.113919462770436e-02	3.299978e+00	-3.299346e-03
1.146715891228861e-02	3.299946e+00	-3.300632e-03
1.164085065406259e-02	3.299878e+00	-3.299238e-03
1.175681478333974e-02	3.299767e+00	-3.300444e-03
1.184277972854919e-02	3.299611e+00	-3.298959e-03
1.191749635954000e-02	3.299374e+00	-3.300033e-03
1.197441827502780e-02	3.299062e+00	-3.298378e-03
1.200467745309474e-02	3.298784e+00	-3.299393e-03
1.202200042434725e-02	3.298537e+00	-3.297787e-03
1.203216961517756e-02	3.298314e+00	-3.298822e-03
1.203811985407808e-02	3.298115e+00	-3.297217e-03
1.204160923850474e-02	3.297921e+00	-3.298140e-03
1.204326153240520e-02	3.297760e+00	-3.296314e-03
1.204428172301076e-02	3.296985e+00	-3.288601e-03
1.204482741465974e-02	3.295907e+00	-3.278683e-03
1.204537194320509e-02	3.294278e+00	-3.272666e-03
1.204589955833623e-02	3.292408e+00	-3.268017e-03
1.204652433649224e-02	3.290001e+00	-3.264296e-03
1.204745312062440e-02	3.286238e+00	-3.259225e-03
1.204879459775817e-02	3.280664e+00	-3.253521e-03
1.205061853482426e-02	3.273042e+00	-3.245630e-03
1.205377265114058e-02	3.259935e+00	-3.232985e-03
1.205765083489038e-02	3.243986e+00	-3.217010e-03
1.206137276114230e-02	3.228852e+00	-3.202396e-03
1.206601669589470e-02	3.210199e+00	-3.183786e-03
1.207147857330386e-02	3.188587e+00	-3.162816e-03
1.207894436318663e-02	3.159602e+00	-3.134062e-03
1.208835273839018e-02	3.123970e+00	-3.099323e-03
1.210249020780117e-02	3.072239e+00	-3.048228e-03
1.212545155188994e-02	2.992635e+00	-2.970300e-03
1.217137424006750e-02	2.848412e+00	-2.828381e-03
1.226200619138026e-02	2.613806e+00	-2.598371e-03
1.235580165593493e-02	2.429264e+00	-2.417268e-03
1.243136848837418e-02	2.315194e+00	-2.305878e-03
1.250778823480125e-02	2.224742e+00	-2.217203e-03
1.257788862586565e-02	2.159764e+00	-2.154016e-03
1.266522660372927e-02	2.097725e+00	-2.093237e-03
1.276199745441476e-02	2.047981e+00	-2.045029e-03
1.286320129615406e-02	2.011655e+00	-2.009397e-03
1.297063962764085e-02	1.985441e+00	-1.984153e-03
1.307307781352216e-02	1.968662e+00	-1.967570e-03
1.317832666150320e-02	1.957049e+00	-1.956541e-03
1.328247761220432e-02	1.949370e+00	-1.948813e-03
1.339167625080346e-02	1.944027e+00	-1.943882e-03
1.350236601448731e-02	1.940492e+00	-1.940185e-03
1.362033679889684e-02	1.938071e+00	-1.938094e-03
1.374455831360995e-02	1.936482e+00	-1.936288e-03
1.390109822816329e-02	1.935311e+00	-1.935412e-03
1.408802644543221e-02	1.934597e+00	-1.934457e-03
1.434071109727751e-02	1.934185e+00	-1.934318e-03
1.467904807636995e-02	1.934021e+00	-1.933897e-03
1.511394980593930e-02	1.933987e+00	-1.934126e-03
1.558290435749551e-02	1.933989e+00	-1.933866e-03
1.613998720573240e-02	1.933991e+00	-1.934130e-03
1.684395132798248e-02	1.933993e+00	-1.933871e-03
1.784395132798248e-02	1.933994e+00	-1.934133e-03
1.884395132798248e-02	1.933994e+00	-1.933872e-03
1.984395132798248e-02	1.933994e+00	-1.934133e-03
2.000000000000000e-02	1.933994e+00	-1.933872e-03
